0.00000000E+0	1.56513483E-8	1.09023253E-7	3.58426606E-3	1.23247802E-4
5.00000000E-1	7.69170794E-9	2.88421452E-7	1.88314440E-4	3.26052556E-4
1.00000000E+0	6.82534029E-9	2.95433946E-7	7.15711551E-5	3.33979988E-4
1.50000000E+0	5.12834987E-9	1.35888438E-7	3.65265552E-5	1.53618159E-4
2.00000000E+0	4.45514729E-9	1.25164704E-7	2.20307930E-5	1.41495271E-4
2.50000000E+0	4.82617298E-9	1.08319216E-7	1.63362941E-5	1.22451908E-4
3.00000000E+0	4.90553214E-9	1.07843859E-7	1.87697297E-5	1.21914531E-4
3.50000000E+0	5.45631291E-9	1.09207668E-7	1.46842892E-5	1.23456279E-4
4.00000000E+0	6.99064301E-9	1.27198135E-7	1.10195886E-5	1.43794009E-4
4.50000000E+0	5.42666336E-9	9.75126546E-8	8.92731582E-6	1.10235386E-4
5.00000000E+0	3.43991447E-3	3.04289478E-6	8.46716105E-6	3.43990924E-3
5.50000000E+0	4.61210831E-9	8.27356787E-8	9.01918643E-6	9.35304197E-5
6.00000000E+0	5.78778530E-9	7.03577412E-8	7.66352453E-6	7.95375002E-5
6.50000000E+0	5.91738491E-9	7.89797095E-8	6.70524746E-6	8.92843994E-5
7.00000000E+0	5.99852249E-9	8.45526721E-8	6.38116719E-6	9.55844810E-5
7.50000000E+0	4.93282826E-9	6.89777070E-8	5.98522091E-6	7.79774093E-5
8.00000000E+0	5.08244033E-9	6.42283405E-8	5.65899090E-6	7.26083806E-5
8.50000000E+0	4.49130875E-9	5.12822217E-8	5.07859552E-6	5.79731476E-5
9.00000000E+0	7.64278032E-9	8.44910076E-8	4.87050480E-6	9.55147710E-5
9.50000000E+0	6.13610159E-9	5.51387047E-8	4.85699521E-6	6.23327962E-5
1.00000000E+1	1.48273497E-8	7.45424825E-8	4.51572813E-6	8.42682357E-5
1.05000000E+1	4.41847280E-9	7.32434595E-8	4.23399548E-6	8.27997258E-5
1.10000000E+1	4.20193411E-9	5.10933652E-8	4.09287747E-6	5.77596506E-5
1.15000000E+1	4.33245403E-9	8.51898294E-8	3.97806500E-6	9.63047699E-5
1.20000000E+1	4.34103963E-9	5.10900713E-8	3.81780311E-6	5.77559270E-5
1.25000000E+1	3.96049191E-9	5.02414316E-8	3.63134358E-6	5.67965630E-5
1.30000000E+1	5.03552305E-9	6.15551919E-8	3.46878687E-6	6.95864592E-5
1.35000000E+1	5.77381705E-9	5.12811336E-8	3.42270301E-6	5.79719176E-5
1.40000000E+1	5.56404413E-9	5.77150694E-8	3.20972567E-6	6.52453058E-5
1.45000000E+1	4.97151497E-9	4.70515429E-8	3.08491119E-6	5.31904811E-5
1.50000000E+1	1.35723661E-8	6.63951901E-8	3.01200938E-6	7.50579447E-5
1.55000000E+1	4.41520220E-9	5.11694921E-8	2.97865454E-6	5.78457100E-5
1.60000000E+1	4.81598422E-9	4.99904174E-8	2.83589743E-6	5.65127983E-5
1.65000000E+1	5.20923105E-9	4.97549186E-8	2.76506126E-6	5.62465733E-5
1.70000000E+1	6.22718885E-9	4.53507419E-8	2.68018020E-6	5.12677722E-5
1.75000000E+1	5.32427800E-9	6.12304542E-8	2.62728355E-6	6.92193522E-5
1.80000000E+1	4.31801271E-9	4.14713798E-8	2.56452679E-6	4.68822595E-5
1.85000000E+1	5.33836405E-9	5.31315777E-8	2.46661337E-6	6.00637940E-5
1.90000000E+1	6.11720853E-9	4.11658702E-8	2.47927306E-6	4.65368892E-5
1.95000000E+1	4.08844983E-9	4.27098236E-8	2.35209031E-6	4.82822863E-5
2.00000000E+1	1.79105284E-8	4.44967151E-8	2.28646861E-6	5.03023183E-5
2.05000000E+1	5.47918044E-9	5.41197340E-8	2.21522047E-6	6.11808777E-5
2.10000000E+1	4.28394418E-9	6.55378138E-8	2.15859862E-6	7.40887043E-5
2.15000000E+1	6.99810034E-9	4.26132396E-8	2.15044434E-6	4.81731007E-5
2.20000000E+1	4.59427122E-9	4.30649434E-8	2.05337572E-6	4.86837396E-5
2.25000000E+1	4.25024437E-9	5.11618264E-8	2.01749210E-6	5.78370441E-5
2.30000000E+1	4.71413484E-9	4.25154224E-8	1.99056751E-6	4.80625211E-5
2.35000000E+1	4.83354852E-9	5.02093713E-8	1.98300368E-6	5.67603197E-5
2.40000000E+1	4.91961821E-9	3.53115191E-8	1.91728466E-6	3.99187056E-5
2.45000000E+1	6.14246144E-9	5.40608152E-8	1.92584733E-6	6.11142716E-5
2.50000000E+1	1.34997738E-8	3.98102641E-8	1.86716564E-6	4.50044137E-5
2.55000000E+1	4.57896637E-9	4.13074341E-8	1.80476771E-6	4.66969234E-5
2.60000000E+1	4.13547855E-9	4.81967945E-8	1.75951079E-6	5.44851567E-5
2.65000000E+1	5.72145914E-9	4.02953722E-8	1.75119863E-6	4.55528151E-5
2.70000000E+1	5.07820614E-9	4.90212591E-8	1.73693963E-6	5.54171913E-5
2.75000000E+1	5.16285347E-9	3.82201221E-8	1.71543308E-6	4.32068017E-5
2.80000000E+1	5.82983040E-9	5.19220004E-8	1.64610512E-6	5.86964000E-5
2.85000000E+1	5.05580126E-9	4.97709184E-8	1.65557190E-6	5.62646606E-5
2.90000000E+1	4.64953835E-9	3.92722601E-8	1.63494157E-6	4.43962149E-5
2.95000000E+1	6.68387708E-9	4.15213567E-8	1.63466057E-6	4.69387570E-5
3.00000000E+1	1.91214448E-8	3.68699631E-8	1.56833940E-6	4.16804838E-5
3.05000000E+1	5.33855479E-9	3.46734154E-8	1.56998180E-6	3.91973468E-5
3.10000000E+1	6.07070444E-9	3.23189864E-8	1.54113437E-6	3.65357294E-5
3.15000000E+1	6.07514211E-9	3.92721600E-8	1.50330715E-6	4.43961018E-5
3.20000000E+1	8.47941947E-9	4.15537696E-8	1.52594380E-6	4.69753989E-5
3.25000000E+1	5.81954827E-9	3.21551922E-8	1.49630878E-6	3.63505645E-5
3.30000000E+1	6.68806273E-9	5.39949190E-8	1.51081836E-6	6.10397777E-5
3.35000000E+1	4.85709218E-9	3.50049381E-8	1.46393785E-6	3.95721242E-5
3.40000000E+1	6.39565509E-9	4.20207585E-8	1.39070889E-6	4.75033171E-5
3.45000000E+1	4.11075274E-9	6.48065913E-8	1.49870638E-6	7.32620772E-5
3.50000000E+1	2.12399021E-8	3.64442573E-8	1.41979524E-6	4.11992351E-5
3.55000000E+1	6.88076427E-9	3.68667679E-8	1.45664344E-6	4.16768718E-5
3.60000000E+1	4.31196480E-9	3.47278179E-8	1.37754077E-6	3.92588473E-5
3.65000000E+1	4.48955826E-9	3.38625691E-8	1.40361873E-6	3.82807073E-5
3.70000000E+1	5.20814300E-9	3.89630775E-8	1.44002649E-6	4.40466924E-5
3.75000000E+1	6.23075353E-9	3.99446341E-8	1.39691784E-6	4.51563153E-5
3.80000000E+1	5.95530284E-9	3.20626385E-8	1.40109196E-6	3.62459351E-5
3.85000000E+1	4.22662599E-9	3.45338328E-8	1.42933865E-6	3.90395525E-5
3.90000000E+1	4.76163267E-9	4.07340684E-8	1.36884303E-6	4.60487492E-5
3.95000000E+1	4.47819064E-9	3.23769468E-8	1.40136175E-6	3.66012520E-5
4.00000000E+1	2.23784626E-8	3.32957826E-8	1.50750031E-6	3.76399707E-5
4.05000000E+1	4.84047454E-9	4.34535964E-8	1.40018264E-6	4.91231011E-5
4.10000000E+1	5.14104155E-9	3.19129225E-8	1.51671632E-6	3.60766852E-5
4.15000000E+1	6.16669960E-9	5.97874116E-8	1.55351509E-6	6.75880320E-5
4.20000000E+1	4.95301894E-9	4.21657313E-8	1.60974908E-6	4.76672049E-5
4.25000000E+1	4.22662455E-9	3.47377613E-8	1.47432021E-6	3.92700882E-5
4.30000000E+1	4.01212590E-9	3.68593671E-8	1.73212388E-6	4.16685054E-5
4.35000000E+1	4.51364442E-9	3.79043546E-8	2.09412653E-6	4.28498352E-5
4.40000000E+1	5.07026177E-9	3.18285348E-8	1.86833957E-6	3.59812872E-5
4.45000000E+1	5.44674625E-9	4.94433285E-8	2.07210814E-6	5.58943292E-5
4.50000000E+1	2.62196642E-8	3.00399082E-8	2.05713664E-6	3.39592938E-5
4.55000000E+1	4.74791331E-9	3.34032246E-8	2.25686718E-6	3.77614309E-5
4.60000000E+1	7.58426175E-9	2.89682555E-8	2.47288409E-6	3.27478198E-5
4.65000000E+1	4.23984093E-9	3.99986271E-8	2.94172820E-6	4.52173529E-5
4.70000000E+1	4.12626748E-9	4.23094200E-8	3.32376231E-6	4.78296411E-5
4.75000000E+1	6.13085134E-9	3.12911053E-8	3.73432076E-6	3.53737379E-5
4.80000000E+1	6.22358278E-9	3.03301881E-8	4.84349062E-6	3.42874473E-5
4.85000000E+1	6.40752485E-9	2.91373697E-8	6.33049322E-6	3.29389988E-5
4.90000000E+1	5.07968017E-9	3.13858215E-8	9.57010330E-6	3.54808120E-5
4.95000000E+1	5.40867333E-9	3.86531875E-8	1.87436700E-5	4.36963702E-5
5.00000000E+1	3.34837477E-8	7.43374095E-8	5.58421554E-4	8.40364063E-5
5.05000000E+1	6.47027209E-9	3.60411462E-8	1.84227390E-5	4.07435290E-5
5.10000000E+1	4.54704569E-9	3.46473725E-8	9.32908614E-6	3.91679060E-5
5.15000000E+1	5.63868009E-9	3.09917662E-8	6.39067778E-6	3.50353432E-5
5.20000000E+1	4.88552817E-9	3.23219381E-8	4.71078905E-6	3.65390662E-5
5.25000000E+1	3.89832815E-9	3.40466590E-8	3.83166331E-6	3.84888159E-5
5.30000000E+1	6.55608765E-9	3.06734971E-8	3.06084172E-6	3.46755487E-5
5.35000000E+1	5.20841688E-9	4.27924345E-8	2.79816757E-6	4.83756757E-5
5.40000000E+1	4.71422521E-9	3.02046166E-8	2.65144291E-6	3.41454921E-5
5.45000000E+1	5.00393553E-9	3.60678664E-8	2.21433227E-6	4.07737356E-5
5.50000000E+1	1.46093890E-8	3.03533211E-8	2.10313383E-6	3.43135985E-5
5.55000000E+1	6.37311660E-9	3.15370143E-8	2.05042722E-6	3.56517313E-5
5.60000000E+1	4.28272973E-9	3.08228651E-8	1.89646211E-6	3.48444052E-5
5.65000000E+1	4.33897705E-9	4.03812023E-8	1.55654702E-6	4.56498437E-5
5.70000000E+1	6.06135009E-9	2.87360533E-8	1.56460293E-6	3.24853215E-5
5.75000000E+1	4.32673697E-9	3.31284704E-8	1.62610978E-6	3.74508288E-5
5.80000000E+1	6.32397798E-9	2.93713498E-8	1.46649652E-6	3.32035069E-5
5.85000000E+1	7.98462864E-9	2.78552231E-8	1.37634008E-6	3.14895671E-5
5.90000000E+1	4.22273711E-9	2.70596449E-8	1.26993500E-6	3.05901878E-5
5.95000000E+1	4.35496894E-9	4.35507071E-8	1.24702982E-6	4.92328821E-5
6.00000000E+1	1.42101370E-8	2.92388751E-8	1.23585278E-6	3.30537479E-5
6.05000000E+1	4.98065886E-9	3.72218856E-8	1.28561077E-6	4.20783226E-5
6.10000000E+1	5.21393572E-9	2.49327122E-8	1.09506608E-6	2.81857485E-5
6.15000000E+1	4.95668043E-9	2.64176670E-8	1.14261913E-6	2.98644493E-5
6.20000000E+1	6.71238210E-9	2.77684615E-8	1.12313039E-6	3.13914855E-5
6.25000000E+1	5.51071309E-9	3.93550943E-8	9.29418930E-7	4.44898567E-5
6.30000000E+1	4.33258559E-9	3.39402003E-8	9.48539972E-7	3.83684673E-5
6.35000000E+1	4.32594664E-9	3.44123286E-8	1.10558446E-6	3.89021954E-5
6.40000000E+1	6.48703394E-9	2.65072545E-8	9.92691215E-7	2.99657256E-5
6.45000000E+1	4.47323275E-9	3.40044705E-8	1.02529938E-6	3.84411229E-5
6.50000000E+1	1.75265119E-8	3.34781540E-8	1.09708906E-6	3.78461366E-5
6.55000000E+1	5.38116990E-9	2.90134883E-8	9.63800530E-7	3.27989542E-5
6.60000000E+1	5.64932602E-9	2.87100834E-8	9.39439713E-7	3.24559633E-5
6.65000000E+1	4.58378107E-9	2.68606523E-8	9.24119700E-7	3.03652320E-5
6.70000000E+1	5.31813860E-9	3.06734949E-8	8.80469861E-7	3.46755462E-5
6.75000000E+1	4.22149901E-9	2.67107473E-8	8.99132253E-7	3.01957686E-5
6.80000000E+1	5.41867277E-9	3.54408348E-8	9.12427559E-7	4.00648935E-5
6.85000000E+1	5.56331251E-9	3.56374069E-8	7.88862730E-7	4.02871128E-5
6.90000000E+1	5.45171654E-9	3.35105636E-8	9.06513521E-7	3.78827747E-5
6.95000000E+1	5.58940019E-9	2.52813513E-8	8.74773494E-7	2.85798755E-5
7.00000000E+1	2.20384216E-8	5.28930327E-8	1.01230345E-6	5.97941254E-5
7.05000000E+1	5.82760368E-9	2.91929190E-8	7.96452192E-7	3.30017957E-5
7.10000000E+1	4.42322697E-9	2.28743405E-8	8.87042677E-7	2.58588157E-5
7.15000000E+1	5.26919844E-9	3.79007805E-8	9.73210420E-7	4.28457947E-5
7.20000000E+1	5.19104983E-9	3.21607910E-8	8.51971241E-7	3.63568938E-5
7.25000000E+1	6.57133197E-9	3.42871891E-8	7.81723831E-7	3.87607286E-5
7.30000000E+1	5.53030054E-9	2.66269671E-8	8.55242906E-7	3.01010573E-5
7.35000000E+1	6.07525721E-9	3.57339938E-8	8.60684121E-7	4.03963017E-5
7.40000000E+1	5.56720552E-9	3.96967166E-8	7.77982943E-7	4.48760514E-5
7.45000000E+1	4.80427847E-9	3.79062299E-8	7.57472121E-7	4.28519551E-5
7.50000000E+1	1.98836717E-8	3.06345511E-8	7.87788888E-7	3.46315213E-5
7.55000000E+1	5.85977859E-9	3.14203276E-8	7.46860912E-7	3.55198202E-5
7.60000000E+1	4.74620359E-9	3.88407826E-8	7.70199450E-7	4.39084414E-5
7.65000000E+1	7.51525238E-9	3.58413504E-8	8.27208082E-7	4.05176654E-5
7.70000000E+1	4.77629887E-9	2.61516973E-8	7.39997465E-7	2.95637778E-5
7.75000000E+1	5.78518004E-9	2.76098780E-8	6.90472030E-7	3.12122112E-5
7.80000000E+1	5.44487154E-9	2.58829342E-8	7.08710269E-7	2.92599485E-5
7.85000000E+1	4.41191768E-9	2.60657609E-8	6.56945834E-7	2.94666291E-5
7.90000000E+1	4.96639674E-9	2.92123393E-8	7.13636021E-7	3.30237499E-5
7.95000000E+1	6.41519124E-9	3.21687144E-8	6.57469895E-7	3.63658509E-5
8.00000000E+1	2.64258658E-8	2.70604295E-8	7.17887970E-7	3.05910747E-5
8.05000000E+1	4.90172236E-9	3.03069545E-8	7.61158621E-7	3.42611824E-5
8.10000000E+1	4.71536885E-9	2.35741086E-8	7.24427585E-7	2.66498844E-5
8.15000000E+1	4.82446855E-9	3.30855088E-8	6.82670779E-7	3.74022619E-5
8.20000000E+1	5.33135819E-9	2.85997339E-8	6.29763994E-7	3.23312162E-5
8.25000000E+1	4.46222039E-9	2.54266128E-8	6.39813514E-7	2.87440897E-5
8.30000000E+1	5.15308793E-9	3.43865679E-8	8.04609099E-7	3.88730736E-5
8.35000000E+1	4.97852013E-9	2.51675230E-8	6.50493561E-7	2.84511958E-5
8.40000000E+1	4.92386340E-9	2.41490460E-8	6.53528993E-7	2.72998354E-5
8.45000000E+1	4.79479379E-9	3.20867638E-8	6.47374709E-7	3.62732081E-5
8.50000000E+1	1.32284348E-8	2.47095760E-8	6.68491969E-7	2.79334992E-5
8.55000000E+1	4.59313896E-9	2.76029932E-8	6.37243105E-7	3.12044282E-5
8.60000000E+1	4.12986864E-9	2.64895362E-8	6.89207497E-7	2.99456954E-5
8.65000000E+1	5.15637307E-9	2.57713826E-8	6.24229272E-7	2.91338424E-5
8.70000000E+1	8.09876587E-9	2.54994781E-8	5.77947957E-7	2.88264618E-5
8.75000000E+1	4.73383026E-9	3.74022956E-8	6.25276513E-7	4.22822712E-5
8.80000000E+1	5.80700171E-9	2.57422851E-8	5.54381063E-7	2.91009485E-5
8.85000000E+1	4.46504560E-9	2.52252409E-8	5.96562765E-7	2.85164442E-5
8.90000000E+1	7.25158327E-9	2.63220761E-8	5.73811078E-7	2.97563864E-5
8.95000000E+1	6.16973288E-9	2.90726977E-8	6.12789121E-7	3.28658888E-5
9.00000000E+1	2.50581222E-8	3.23668106E-8	6.19652212E-7	3.65897933E-5
9.05000000E+1	5.51960140E-9	2.60618750E-8	5.93783219E-7	2.94622361E-5
9.10000000E+1	5.22434874E-9	2.43304546E-8	6.11880201E-7	2.75049128E-5
9.15000000E+1	4.23195347E-9	2.25104625E-8	7.20962233E-7	2.54474616E-5
9.20000000E+1	5.47885610E-9	2.37209238E-8	5.82683996E-7	2.68158549E-5
9.25000000E+1	4.37925635E-9	2.93299382E-8	6.15760849E-7	3.31566922E-5
9.30000000E+1	5.39086828E-9	3.02925957E-8	8.30882067E-7	3.42449501E-5
9.35000000E+1	5.19732372E-9	2.45657192E-8	5.84249230E-7	2.77708731E-5
9.40000000E+1	7.67316385E-9	4.59791357E-8	5.10653740E-7	5.19781542E-5
9.45000000E+1	4.33614463E-9	2.57667628E-8	6.74737611E-7	2.91286199E-5
9.50000000E+1	1.78509808E-8	2.81648949E-8	6.30678171E-7	3.18396426E-5
9.55000000E+1	4.21333017E-9	3.36819010E-8	7.17405668E-7	3.80764669E-5
9.60000000E+1	5.47545024E-9	2.92487488E-8	6.35986629E-7	3.30649097E-5
9.65000000E+1	4.79396230E-9	2.58979738E-8	6.33551818E-7	2.92769504E-5
9.70000000E+1	6.20271529E-9	2.63760998E-8	5.59246578E-7	2.98174587E-5
9.75000000E+1	5.35858363E-9	2.37907291E-8	5.56904562E-7	2.68947679E-5
9.80000000E+1	4.85005248E-9	2.85276047E-8	5.66977659E-7	3.22496761E-5
9.85000000E+1	7.11012710E-9	2.37525792E-8	6.11523453E-7	2.68516405E-5
9.90000000E+1	5.02143185E-9	2.62293699E-8	5.60054137E-7	2.96515846E-5
9.95000000E+1	4.72980216E-9	4.11071111E-8	6.28602862E-7	4.64704636E-5
1.00000000E+2	2.18707836E-8	2.58058359E-8	2.15976567E-6	2.91727910E-5
1.00500000E+2	5.65767351E-9	2.38472484E-8	5.54996314E-7	2.69586614E-5
1.01000000E+2	5.00106617E-9	3.31900276E-8	5.07735385E-7	3.75204176E-5
1.01500000E+2	4.42807291E-9	2.52575071E-8	4.91488921E-7	2.85529203E-5
1.02000000E+2	5.02823587E-9	2.43607493E-8	5.08698583E-7	2.75391602E-5
1.02500000E+2	4.99218727E-9	2.92684695E-8	5.59238146E-7	3.30872035E-5
1.03000000E+2	4.14641100E-9	2.49541651E-8	5.25126971E-7	2.82100004E-5
1.03500000E+2	4.31067200E-9	2.31986487E-8	5.69852719E-7	2.62254373E-5
1.04000000E+2	4.56529780E-9	2.70584759E-8	6.27553727E-7	3.05888662E-5
1.04500000E+2	5.97001653E-9	3.02524366E-8	5.63432907E-7	3.41995513E-5
1.05000000E+2	1.93808985E-8	2.27212811E-8	5.23042601E-7	2.56857862E-5
1.05500000E+2	6.32100574E-9	2.52188396E-8	5.00803330E-7	2.85092078E-5
1.06000000E+2	5.02685472E-9	1.97240193E-8	5.97751216E-7	2.22974638E-5
1.06500000E+2	4.15913225E-9	2.93215545E-8	4.82860383E-7	3.31472147E-5
1.07000000E+2	6.15675657E-9	2.44818151E-8	5.21425223E-7	2.76760218E-5
1.07500000E+2	5.68978874E-9	3.63466035E-8	5.13831937E-7	4.10888401E-5
1.08000000E+2	4.80528646E-9	3.04908342E-8	5.09930768E-7	3.44690533E-5
1.08500000E+2	7.85365529E-9	2.33471136E-8	5.28911873E-7	2.63932727E-5
1.09000000E+2	4.32381864E-9	2.43354931E-8	5.19056192E-7	2.75106087E-5
1.09500000E+2	5.41296670E-9	2.71578112E-8	5.02676450E-7	3.07011620E-5
1.10000000E+2	1.98181459E-8	3.14249559E-8	5.46026416E-7	3.55250524E-5
1.10500000E+2	5.55608700E-9	2.77198503E-8	5.29023112E-7	3.13365319E-5
1.11000000E+2	4.70628048E-9	2.57182406E-8	4.79432905E-7	2.90737669E-5
1.11500000E+2	4.42150123E-9	3.02989475E-8	4.70344155E-7	3.42521306E-5
1.12000000E+2	5.12928189E-9	2.97228969E-8	4.90697061E-7	3.36009213E-5
1.12500000E+2	4.97176587E-9	2.67325136E-8	5.17194359E-7	3.02203747E-5
1.13000000E+2	5.14555927E-9	3.02262259E-8	5.45613575E-7	3.41699208E-5
1.13500000E+2	4.94178288E-9	2.81703147E-8	4.71822660E-7	3.18457695E-5
1.14000000E+2	5.53177381E-9	2.55898925E-8	5.43456196E-7	2.89286729E-5
1.14500000E+2	6.12040023E-9	2.53234521E-8	4.83375303E-7	2.86274693E-5
1.15000000E+2	1.80011457E-8	2.47302342E-8	5.31222377E-7	2.79568527E-5
1.15500000E+2	3.57453498E-9	2.47870243E-8	5.69358696E-7	2.80210524E-5
1.16000000E+2	5.35991950E-9	2.83664091E-8	4.63152763E-7	3.20674489E-5
1.16500000E+2	6.21051173E-9	3.54954335E-8	5.03009659E-7	4.01266158E-5
1.17000000E+2	4.22813752E-9	2.37300286E-8	4.73816536E-7	2.68261476E-5
1.17500000E+2	4.81797417E-9	2.12306860E-8	4.38747062E-7	2.40007093E-5
1.18000000E+2	4.35336482E-9	3.05000110E-8	4.41182463E-7	3.44794275E-5
1.18500000E+2	4.74972508E-9	2.70907600E-8	4.97684896E-7	3.06253626E-5
1.19000000E+2	4.96633892E-9	2.57711416E-8	4.52390415E-7	2.91335701E-5
1.19500000E+2	4.94168467E-9	2.32943431E-8	4.91190685E-7	2.63336171E-5
1.20000000E+2	2.65815091E-8	2.36121697E-8	4.62733291E-7	2.66929114E-5
1.20500000E+2	4.01762486E-9	2.36399164E-8	4.63104025E-7	2.67242783E-5
1.21000000E+2	5.92291654E-9	2.57060010E-8	4.29327400E-7	2.90599304E-5
1.21500000E+2	5.36447895E-9	2.52546132E-8	4.56616271E-7	2.85496489E-5
1.22000000E+2	5.90629654E-9	2.37459828E-8	4.31178297E-7	2.68441834E-5
1.22500000E+2	6.57819965E-9	2.60850086E-8	4.52478996E-7	2.94883881E-5
1.23000000E+2	4.57472791E-9	2.29856387E-8	4.66802565E-7	2.59846353E-5
1.23500000E+2	4.77900734E-9	3.50581010E-8	4.12561037E-7	3.96322233E-5
1.24000000E+2	5.13752870E-9	2.32053605E-8	4.95646188E-7	2.62330248E-5
1.24500000E+2	4.76913125E-9	2.96544002E-8	4.10602543E-7	3.35234876E-5
1.25000000E+2	1.25529583E-8	2.46650748E-8	4.11533657E-7	2.78831918E-5
1.25500000E+2	4.75433231E-9	3.35957001E-8	5.19742200E-7	3.79790192E-5
1.26000000E+2	5.45433150E-9	2.79902310E-8	4.40181464E-7	3.16421899E-5
1.26500000E+2	5.62933536E-9	3.47627562E-8	4.64037413E-7	3.92983442E-5
1.27000000E+2	5.05785861E-9	2.14285585E-8	4.63787840E-7	2.42243987E-5
1.27500000E+2	5.38372508E-9	2.40121503E-8	4.03177820E-7	2.71450786E-5
1.28000000E+2	4.82580573E-9	2.15230635E-8	4.89686625E-7	2.43312341E-5
1.28500000E+2	4.05787393E-9	3.37066390E-8	3.89836774E-7	3.81044326E-5
1.29000000E+2	3.89032221E-9	2.12969711E-8	4.17386267E-7	2.40756428E-5
1.29500000E+2	4.29764603E-9	1.98624480E-8	4.30714644E-7	2.24539537E-5
1.30000000E+2	1.52698929E-8	2.68783042E-8	4.41881058E-7	3.03851870E-5
1.30500000E+2	6.17054357E-9	2.42462890E-8	4.58056663E-7	2.74097659E-5
1.31000000E+2	6.02129093E-9	2.21612395E-8	4.39937498E-7	2.50526745E-5
1.31500000E+2	5.23552563E-9	2.09016311E-8	4.09610375E-7	2.36287218E-5
1.32000000E+2	4.62440594E-9	2.83993635E-8	4.26639794E-7	3.21047030E-5
1.32500000E+2	5.07274480E-9	2.48546898E-8	4.65119791E-7	2.80975463E-5
1.33000000E+2	5.81605016E-9	2.30258302E-8	4.21004677E-7	2.60300707E-5
1.33500000E+2	4.19729919E-9	2.46258928E-8	3.81094003E-7	2.78388976E-5
1.34000000E+2	4.71131525E-9	3.17396088E-8	4.53647369E-7	3.58807589E-5
1.34500000E+2	4.89627902E-9	2.13909244E-8	4.69002998E-7	2.41818545E-5
1.35000000E+2	1.87954992E-8	2.57606686E-8	4.66868964E-7	2.91217306E-5
1.35500000E+2	4.41067028E-9	2.40983506E-8	4.01017000E-7	2.72425257E-5
1.36000000E+2	6.21319402E-9	2.04403294E-8	4.10137941E-7	2.31072328E-5
1.36500000E+2	4.65890718E-9	3.23374132E-8	4.31529421E-7	3.65565603E-5
1.37000000E+2	5.66777547E-9	2.21690798E-8	4.35967190E-7	2.50615377E-5
1.37500000E+2	5.19163371E-9	2.72971674E-8	4.75076635E-7	3.08587004E-5
1.38000000E+2	5.49032633E-9	2.48357432E-8	4.75817562E-7	2.80761278E-5
1.38500000E+2	4.80607256E-9	2.82118086E-8	4.77036820E-7	3.18926773E-5
1.39000000E+2	4.83243896E-9	2.40752409E-8	3.86045704E-7	2.72164008E-5
1.39500000E+2	4.66587244E-9	2.66729346E-8	4.33272401E-7	3.01530223E-5
1.40000000E+2	1.27412033E-8	2.43828423E-8	4.07001049E-7	2.75641356E-5
1.40500000E+2	5.38659115E-9	2.70868113E-8	4.25988875E-7	3.06208987E-5
1.41000000E+2	6.90085001E-9	3.16232661E-8	5.24561844E-7	3.57492366E-5
1.41500000E+2	3.99646860E-9	2.48163139E-8	3.77600600E-7	2.80541635E-5
1.42000000E+2	4.70463566E-9	2.31558021E-8	4.38378068E-7	2.61770003E-5
1.42500000E+2	5.09761960E-9	2.48425266E-8	4.22578136E-7	2.80837962E-5
1.43000000E+2	4.24617526E-9	2.84949112E-8	3.91098913E-7	3.22127170E-5
1.43500000E+2	4.61741955E-9	2.72546600E-8	3.91596470E-7	3.08106469E-5
1.44000000E+2	4.45329742E-9	2.49345629E-8	4.30023347E-7	2.81878407E-5
1.44500000E+2	5.40114464E-9	2.00062622E-8	3.87416655E-7	2.26165317E-5
1.45000000E+2	1.95741372E-8	2.30305876E-8	4.28135162E-7	2.60354488E-5
1.45500000E+2	6.89091830E-9	2.29107516E-8	3.99594820E-7	2.58999775E-5
1.46000000E+2	5.60630841E-9	2.28208817E-8	4.48366533E-7	2.57983820E-5
1.46500000E+2	4.97368480E-9	3.15698760E-8	4.37582040E-7	3.56888806E-5
1.47000000E+2	4.31793804E-9	3.72570137E-8	4.70479459E-7	4.21180340E-5
1.47500000E+2	6.35906288E-9	2.95667008E-8	4.32553819E-7	3.34243458E-5
1.48000000E+2	7.15013047E-9	2.66988322E-8	5.48811122E-7	3.01822988E-5
1.48500000E+2	4.19005654E-9	2.79224129E-8	8.92854663E-7	3.15655233E-5
1.49000000E+2	4.16633972E-9	2.66379571E-8	7.67947743E-7	3.01134813E-5
1.49500000E+2	5.44176991E-9	2.55343997E-8	1.53481171E-6	2.88659397E-5
1.50000000E+2	1.98494391E-8	3.07169613E-8	1.25580327E-5	3.47246839E-5
1.50500000E+2	4.16067410E-9	2.82116540E-8	1.24483644E-6	3.18925025E-5
1.51000000E+2	4.32272122E-9	1.85259266E-8	8.18721833E-7	2.09430528E-5
1.51500000E+2	6.07895692E-9	2.19447068E-8	6.47952093E-7	2.48078903E-5
1.52000000E+2	7.59986159E-9	3.12461284E-8	4.84094248E-7	3.53228927E-5
1.52500000E+2	4.33241904E-9	2.48744628E-8	4.16173747E-7	2.81198992E-5
1.53000000E+2	5.49292321E-9	3.56263611E-8	3.62692899E-7	4.02746259E-5
1.53500000E+2	5.35635816E-9	2.87812534E-8	4.28403986E-7	3.25364190E-5
1.54000000E+2	4.42953670E-9	2.13050759E-8	4.18994639E-7	2.40848050E-5
1.54500000E+2	4.76924722E-9	3.83120093E-8	4.61177426E-7	4.33106776E-5
1.55000000E+2	2.55059974E-8	2.04404021E-8	3.68958359E-7	2.31073150E-5
1.55500000E+2	5.27564596E-9	1.89529714E-8	3.55276704E-7	2.14258153E-5
1.56000000E+2	4.72681798E-9	3.50762719E-8	4.40902910E-7	3.96527651E-5
1.56500000E+2	5.47601512E-9	2.67602291E-8	3.71553751E-7	3.02517064E-5
1.57000000E+2	4.61882150E-9	2.26671863E-8	4.11511060E-7	2.56246336E-5
1.57500000E+2	4.72838406E-9	3.51045077E-8	5.05051916E-7	3.96846848E-5
1.58000000E+2	4.45703323E-9	2.87413548E-8	3.59943087E-7	3.24913148E-5
1.58500000E+2	5.05173276E-9	2.77850516E-8	3.18570871E-7	3.14102401E-5
1.59000000E+2	4.58786645E-9	3.20941502E-8	3.50590204E-7	3.62815582E-5
1.59500000E+2	5.81094181E-9	2.03149899E-8	3.76432481E-7	2.29655399E-5
1.60000000E+2	1.70769785E-8	1.94356320E-8	4.38594932E-7	2.19714499E-5
1.60500000E+2	4.96676905E-9	2.12844030E-8	3.77430974E-7	2.40614349E-5
1.61000000E+2	5.19035576E-9	2.49412874E-8	3.64907770E-7	2.81954426E-5
1.61500000E+2	4.86901392E-9	2.04319449E-8	3.61396214E-7	2.30977543E-5
1.62000000E+2	5.69872131E-9	2.48159856E-8	3.84788684E-7	2.80537923E-5
1.62500000E+2	5.67806494E-9	2.38277495E-8	3.35792223E-7	2.69366184E-5
1.63000000E+2	5.35433221E-9	2.49378335E-8	4.05969178E-7	2.81915380E-5
1.63500000E+2	4.26123770E-9	2.35675879E-8	3.65633386E-7	2.66425129E-5
1.64000000E+2	5.64484599E-9	2.17234325E-8	3.19449839E-7	2.45577457E-5
1.64500000E+2	4.37707200E-9	3.84084783E-8	3.56538344E-7	4.34197332E-5
1.65000000E+2	1.76765624E-8	2.15241170E-8	3.47600842E-7	2.43324250E-5
1.65500000E+2	7.56230076E-9	2.01420358E-8	3.20548313E-7	2.27700200E-5
1.66000000E+2	4.55665671E-9	2.06400074E-8	3.81602791E-7	2.33329633E-5
1.66500000E+2	4.68636119E-9	3.20815632E-8	3.23624393E-7	3.62673289E-5
1.67000000E+2	4.83331720E-9	2.05325925E-8	3.31709447E-7	2.32115337E-5
1.67500000E+2	5.22930802E-9	2.36323254E-8	3.43620321E-7	2.67156969E-5
1.68000000E+2	5.85798271E-9	2.01028619E-8	3.64479748E-7	2.27257350E-5
1.68500000E+2	4.66868700E-9	2.34847715E-8	3.48487645E-7	2.65488912E-5
1.69000000E+2	4.60867328E-9	2.08769830E-8	3.19658940E-7	2.36008578E-5
1.69500000E+2	4.99189256E-9	2.10121364E-8	3.75070892E-7	2.37536450E-5
1.70000000E+2	2.84462573E-8	2.43884585E-8	4.24908042E-7	2.75704847E-5
1.70500000E+2	5.02958845E-9	2.71290350E-8	3.92254452E-7	3.06686314E-5
1.71000000E+2	5.51314451E-9	2.93778100E-8	4.02978107E-7	3.32108099E-5
1.71500000E+2	4.86207248E-9	2.73290121E-8	3.31509512E-7	3.08947000E-5
1.72000000E+2	4.67061487E-9	2.24037354E-8	3.52754858E-7	2.53268095E-5
1.72500000E+2	4.14507335E-9	2.63182284E-8	3.66840282E-7	2.97520367E-5
1.73000000E+2	4.57158969E-9	2.01442834E-8	3.76674192E-7	2.27725609E-5
1.73500000E+2	7.14290489E-9	2.56837387E-8	3.31992196E-7	2.90347635E-5
1.74000000E+2	5.51368039E-9	3.25576683E-8	3.29021264E-7	3.68055527E-5
1.74500000E+2	5.11724325E-9	1.95550919E-8	3.28850995E-7	2.21064961E-5
1.75000000E+2	2.32891790E-8	2.87181966E-8	3.37008574E-7	3.24651351E-5
1.75500000E+2	5.18530367E-9	3.19379734E-8	3.97849806E-7	3.61050045E-5
1.76000000E+2	5.49401873E-9	2.27128108E-8	3.46366442E-7	2.56762108E-5
1.76500000E+2	9.19927191E-9	2.10053486E-8	3.46333654E-7	2.37459716E-5
1.77000000E+2	5.18716318E-9	2.05317817E-8	3.27758960E-7	2.32106171E-5
1.77500000E+2	4.76000767E-9	2.24311563E-8	3.71234977E-7	2.53578081E-5
1.78000000E+2	8.17506390E-9	2.05905835E-8	3.28410626E-7	2.32770910E-5
1.78500000E+2	6.29117650E-9	2.38293371E-8	3.31557339E-7	2.69384132E-5
1.79000000E+2	6.26302054E-9	2.01043244E-8	3.17890384E-7	2.27273883E-5
1.79500000E+2	6.26523577E-9	2.51606379E-8	3.91466335E-7	2.84434123E-5
1.80000000E+2	1.54529326E-8	2.91104167E-8	3.44701742E-7	3.29085292E-5
1.80500000E+2	5.10602776E-9	2.27288056E-8	3.05513228E-7	2.56942924E-5
1.81000000E+2	4.80216419E-9	2.30695949E-8	3.22819120E-7	2.60795455E-5
1.81500000E+2	5.53331278E-9	2.13690713E-8	3.18796257E-7	2.41571500E-5
1.82000000E+2	5.28387456E-9	2.46114346E-8	3.10560721E-7	2.78225531E-5
1.82500000E+2	4.33379348E-9	1.80542737E-8	3.19816579E-7	2.04098622E-5
1.83000000E+2	4.41359138E-9	2.77095291E-8	3.30643296E-7	3.13248640E-5
1.83500000E+2	6.03116203E-9	2.11040661E-8	3.75545204E-7	2.38575689E-5
1.84000000E+2	5.43320966E-9	2.27986227E-8	3.03880717E-7	2.57732188E-5
1.84500000E+2	6.05115274E-9	2.88463831E-8	3.33203047E-7	3.26100464E-5
1.85000000E+2	1.64937061E-8	2.31259422E-8	3.58611269E-7	2.61432445E-5
1.85500000E+2	4.19840413E-9	2.04723959E-8	3.10467253E-7	2.31434831E-5
1.86000000E+2	4.04746010E-9	2.44948804E-8	3.49186488E-7	2.76907917E-5
1.86500000E+2	6.45964207E-9	3.36533743E-8	4.27872462E-7	3.80442183E-5
1.87000000E+2	5.19504160E-9	3.17714848E-8	4.17651989E-7	3.59167938E-5
1.87500000E+2	5.29776110E-9	2.15029929E-8	4.28782743E-7	2.43085448E-5
1.88000000E+2	4.45266001E-9	2.38900153E-8	3.62334738E-7	2.70070083E-5
1.88500000E+2	5.30036023E-9	2.63263354E-8	3.01346045E-7	2.97612014E-5
1.89000000E+2	4.43147735E-9	2.11859246E-8	3.08073021E-7	2.39501078E-5
1.89500000E+2	5.22976515E-9	2.08020647E-8	3.36607505E-7	2.35161647E-5
1.90000000E+2	3.67998766E-8	2.82752566E-8	3.62397498E-7	3.19644035E-5
1.90500000E+2	4.00930674E-9	2.29707319E-8	3.31930773E-7	2.59677836E-5
1.91000000E+2	5.77216899E-9	2.07527848E-8	3.20595024E-7	2.34604551E-5
1.91500000E+2	5.03360795E-9	2.71439882E-8	3.65752045E-7	3.06855355E-5
1.92000000E+2	4.94527910E-9	2.24546470E-8	3.00733422E-7	2.53843637E-5
1.92500000E+2	6.88902956E-9	3.32886033E-8	3.74576655E-7	3.76318546E-5
1.93000000E+2	4.10603791E-9	2.17515430E-8	4.05852647E-7	2.45895238E-5
1.93500000E+2	5.17376051E-9	1.86871943E-8	3.46550400E-7	2.11253615E-5
1.94000000E+2	4.88978248E-9	1.88589038E-8	4.09493673E-7	2.13194745E-5
1.94500000E+2	5.21944335E-9	2.11344381E-8	3.78282347E-7	2.38919036E-5
1.95000000E+2	3.16741830E-8	2.08990942E-8	3.39940096E-7	2.36258539E-5
1.95500000E+2	4.34429232E-9	2.55651774E-8	4.92099613E-7	2.89007332E-5
1.96000000E+2	5.83630658E-9	1.97270533E-8	4.25042269E-7	2.23008937E-5
1.96500000E+2	5.14965546E-9	1.97377913E-8	3.58624782E-7	2.23130327E-5
1.97000000E+2	5.04812600E-9	2.10768422E-8	3.33811249E-7	2.38267931E-5
1.97500000E+2	4.67122944E-9	2.10535541E-8	3.59539953E-7	2.38004665E-5
1.98000000E+2	4.05006612E-9	2.15824563E-8	4.35252510E-7	2.43983759E-5
1.98500000E+2	4.22574302E-9	1.98224651E-8	3.30629994E-7	2.24087541E-5
1.99000000E+2	4.75297254E-9	2.72385359E-8	3.95814546E-7	3.07924191E-5
1.99500000E+2	4.54083591E-9	2.72984296E-8	4.29216439E-7	3.08601273E-5
2.00000000E+2	1.98653250E-8	3.16230933E-8	6.29536522E-7	3.57490412E-5
2.00500000E+2	4.23243074E-9	2.26789358E-8	4.31758717E-7	2.56379160E-5
2.01000000E+2	4.83786743E-9	1.80401776E-8	4.02406445E-7	2.03939269E-5
2.01500000E+2	5.35114751E-9	1.90093315E-8	3.23508799E-7	2.14895289E-5
2.02000000E+2	4.33565982E-9	2.73057280E-8	3.80303452E-7	3.08683780E-5
2.02500000E+2	4.58746229E-9	2.76302905E-8	3.33611192E-7	3.12352869E-5
2.03000000E+2	4.63582230E-9	2.01468697E-8	3.07888323E-7	2.27754847E-5
2.03500000E+2	4.64226101E-9	1.95705424E-8	4.01716027E-7	2.21239624E-5
2.04000000E+2	5.66993207E-9	2.50877956E-8	3.03626315E-7	2.83610661E-5
2.04500000E+2	6.91126218E-9	2.22197986E-8	3.15977151E-7	2.51188740E-5
2.05000000E+2	1.69330691E-8	3.38096725E-8	3.91569902E-7	3.82209091E-5
2.05500000E+2	4.07089551E-9	2.60857565E-8	3.16886310E-7	2.94892336E-5
2.06000000E+2	7.54321312E-9	2.76813246E-8	3.42235657E-7	3.12929797E-5
2.06500000E+2	5.38975693E-9	2.39529660E-8	3.87984907E-7	2.70781723E-5
2.07000000E+2	9.11880531E-9	2.17897743E-8	3.56548019E-7	2.46327433E-5
2.07500000E+2	6.27482376E-9	2.70230623E-8	3.97295534E-7	3.05488321E-5
2.08000000E+2	4.77950261E-9	2.07318953E-8	3.60837091E-7	2.34368401E-5
2.08500000E+2	4.38513978E-9	2.30125138E-8	3.27968533E-7	2.60150168E-5
2.09000000E+2	6.99023589E-9	2.16707020E-8	3.07566770E-7	2.44981354E-5
2.09500000E+2	5.74878071E-9	2.08856350E-8	3.33127635E-7	2.36106386E-5
2.10000000E+2	2.50701931E-8	2.23761454E-8	2.79909805E-7	2.52956198E-5
2.10500000E+2	4.58452395E-9	2.09382977E-8	3.60317531E-7	2.36701724E-5
2.11000000E+2	4.71461454E-9	2.88448613E-8	3.51752439E-7	3.26083260E-5
2.11500000E+2	5.14432495E-9	2.21343151E-8	3.34333756E-7	2.50222372E-5
2.12000000E+2	4.42452291E-9	1.90011161E-8	3.40232134E-7	2.14802416E-5
2.12500000E+2	4.49927872E-9	2.13641422E-8	2.90456707E-7	2.41515778E-5
2.13000000E+2	6.90453377E-9	2.49872925E-8	3.70794527E-7	2.82474501E-5
2.13500000E+2	5.94772273E-9	2.69021256E-8	3.10129459E-7	3.04121164E-5
2.14000000E+2	7.29104572E-9	1.95278657E-8	3.18606237E-7	2.20757175E-5
2.14500000E+2	5.30143361E-9	1.89290025E-8	2.96635957E-7	2.13987191E-5
2.15000000E+2	2.40493832E-8	2.08685552E-8	2.87340449E-7	2.35913304E-5
2.15500000E+2	5.84186359E-9	2.30662126E-8	3.08115215E-7	2.60757219E-5
2.16000000E+2	4.62715608E-9	2.64025857E-8	3.23921732E-7	2.98474003E-5
2.16500000E+2	5.02044050E-9	2.52668444E-8	3.88467281E-7	2.85634759E-5
2.17000000E+2	5.82191390E-9	2.29903528E-8	3.13014529E-7	2.59899644E-5
2.17500000E+2	6.08644026E-9	1.77216470E-8	2.72461851E-7	2.00338368E-5
2.18000000E+2	4.56527827E-9	2.70158761E-8	2.79998150E-7	3.05407083E-5
2.18500000E+2	6.60420165E-9	2.27258981E-8	3.02798783E-7	2.56910056E-5
2.19000000E+2	4.86458773E-9	2.43419631E-8	3.75543505E-7	2.75179229E-5
2.19500000E+2	4.44067451E-9	1.83059861E-8	3.29664465E-7	2.06944161E-5
2.20000000E+2	3.22523400E-8	2.43369037E-8	3.46158023E-7	2.75122033E-5
2.20500000E+2	5.22245828E-9	2.30794024E-8	3.25144827E-7	2.60906326E-5
2.21000000E+2	5.45298138E-9	2.14947782E-8	3.51438763E-7	2.42992583E-5
2.21500000E+2	4.35818796E-9	2.04809141E-8	3.52395726E-7	2.31531126E-5
2.22000000E+2	6.15859613E-9	2.68744408E-8	3.30396516E-7	3.03808196E-5
2.22500000E+2	6.00287807E-9	1.94708651E-8	3.14882765E-7	2.20112799E-5
2.23000000E+2	5.58656427E-9	3.13288848E-8	3.23594453E-7	3.54164466E-5
2.23500000E+2	5.32808448E-9	2.51020261E-8	3.41731371E-7	2.83771533E-5
2.24000000E+2	4.24504818E-9	2.82355532E-8	2.85968587E-7	3.19195199E-5
2.24500000E+2	4.10253923E-9	2.00978037E-8	2.91306006E-7	2.27200168E-5
2.25000000E+2	2.88986662E-8	2.18038597E-8	2.83960129E-7	2.46486664E-5
2.25500000E+2	4.95829023E-9	2.36817407E-8	3.12775992E-7	2.67715595E-5
2.26000000E+2	4.06349640E-9	1.90192418E-8	3.02652479E-7	2.15007322E-5
2.26500000E+2	7.38454060E-9	2.82956185E-8	2.91914145E-7	3.19874220E-5
2.27000000E+2	4.59382790E-9	2.35589022E-8	3.15066793E-7	2.66326939E-5
2.27500000E+2	8.18554895E-9	2.28737158E-8	4.20849562E-7	2.58581095E-5
2.28000000E+2	4.77845247E-9	2.00851990E-8	3.11446392E-7	2.27057676E-5
2.28500000E+2	4.39135403E-9	1.75132967E-8	2.71103209E-7	1.97983025E-5
2.29000000E+2	4.29409349E-9	2.06397595E-8	4.07800437E-7	2.33326831E-5
2.29500000E+2	4.27589165E-9	2.23077250E-8	4.29135985E-7	2.52182724E-5
2.30000000E+2	3.75612557E-8	2.14045576E-8	3.53530705E-7	2.41972663E-5
2.30500000E+2	6.93006352E-9	2.88229304E-8	3.17467358E-7	3.25835337E-5
2.31000000E+2	4.64109438E-9	2.13961576E-8	3.35988824E-7	2.41877704E-5
2.31500000E+2	4.08126280E-9	1.92067203E-8	2.75821070E-7	2.17126715E-5
2.32000000E+2	6.86647035E-9	2.62474389E-8	2.48683584E-7	2.96720111E-5
2.32500000E+2	5.01711375E-9	2.11559088E-8	2.75739205E-7	2.39161757E-5
2.33000000E+2	4.56734620E-9	2.45509867E-8	2.65312624E-7	2.77542184E-5
2.33500000E+2	4.82016898E-9	2.52681198E-8	3.89109014E-7	2.85649177E-5
2.34000000E+2	4.89534661E-9	2.26525358E-8	3.00048749E-7	2.56080716E-5
2.34500000E+2	5.32268748E-9	2.27074079E-8	2.69006701E-7	2.56701030E-5
2.35000000E+2	3.52389579E-8	2.27090435E-8	2.86806406E-7	2.56719520E-5
2.35500000E+2	4.96609839E-9	2.81449925E-8	3.26650710E-7	3.18171434E-5
2.36000000E+2	5.99262683E-9	2.24526917E-8	2.65023212E-7	2.53821533E-5
2.36500000E+2	5.33384492E-9	2.68063201E-8	2.84976441E-7	3.03038110E-5
2.37000000E+2	5.68325334E-9	3.01544666E-8	2.92295143E-7	3.40887989E-5
2.37500000E+2	4.37701148E-9	1.99503303E-8	2.77085296E-7	2.25533022E-5
2.38000000E+2	4.27408227E-9	2.48579599E-8	2.73823789E-7	2.81012432E-5
2.38500000E+2	4.24488881E-9	1.86152803E-8	3.35940055E-7	2.10440647E-5
2.39000000E+2	6.46615558E-9	2.42556290E-8	2.67201816E-7	2.74203245E-5
2.39500000E+2	4.68285552E-9	2.09231789E-8	2.80103525E-7	2.36530809E-5
2.40000000E+2	2.20632242E-8	1.93862725E-8	2.77798512E-7	2.19156503E-5
2.40500000E+2	3.91856337E-9	1.91814188E-8	2.86794665E-7	2.16840688E-5
2.41000000E+2	4.05369971E-9	1.88714515E-8	2.83219189E-7	2.13336593E-5
2.41500000E+2	5.07011076E-9	2.31289463E-8	2.47096486E-7	2.61466406E-5
2.42000000E+2	4.59271877E-9	2.19544798E-8	2.79591909E-7	2.48189383E-5
2.42500000E+2	4.82265660E-9	1.96756373E-8	2.89955241E-7	2.22427693E-5
2.43000000E+2	5.10105812E-9	2.08564321E-8	2.68828201E-7	2.35776255E-5
2.43500000E+2	4.03839676E-9	1.88983827E-8	2.68550278E-7	2.13641042E-5
2.44000000E+2	4.44189260E-9	2.26002766E-8	3.11353186E-7	2.55489939E-5
2.44500000E+2	5.00169887E-9	2.35948688E-8	2.75805900E-7	2.66733532E-5
2.45000000E+2	1.20975902E-8	2.51593141E-8	3.44393009E-7	2.84419158E-5
2.45500000E+2	7.28209587E-9	1.85840043E-8	2.87948350E-7	2.10087081E-5
2.46000000E+2	4.75027915E-9	1.98534634E-8	3.02204654E-7	2.24437969E-5
2.46500000E+2	4.47139407E-9	1.78881627E-8	3.09848937E-7	2.02220782E-5
2.47000000E+2	4.73151542E-9	2.83014663E-8	3.19076056E-7	3.19940329E-5
2.47500000E+2	5.04432586E-9	2.21699258E-8	4.90099040E-7	2.50624942E-5
2.48000000E+2	4.37632902E-9	2.03725201E-8	4.81988794E-7	2.30305762E-5
2.48500000E+2	4.93902211E-9	3.53878954E-8	5.81745587E-7	4.00050469E-5
2.49000000E+2	6.43475065E-9	2.08849096E-8	7.48170914E-7	2.36098186E-5
2.49500000E+2	4.36134855E-9	2.11690460E-8	1.48251758E-6	2.39310270E-5
2.50000000E+2	2.54501167E-8	2.78641881E-8	7.33869204E-6	3.14997018E-5
2.50500000E+2	4.70587834E-9	3.16519227E-8	1.23767560E-6	3.57816320E-5
2.51000000E+2	5.83626854E-9	2.03630769E-8	6.01960322E-7	2.30199010E-5
2.51500000E+2	4.32068801E-9	1.81726733E-8	5.48366219E-7	2.05437097E-5
2.52000000E+2	4.14644441E-9	2.93948690E-8	4.79798214E-7	3.32300946E-5
2.52500000E+2	7.68435568E-9	2.27308475E-8	4.01811348E-7	2.56966008E-5
2.53000000E+2	4.54631615E-9	2.12760538E-8	3.91184581E-7	2.40519963E-5
2.53500000E+2	5.13651091E-9	2.48319217E-8	3.56822581E-7	2.80718076E-5
2.54000000E+2	4.99052435E-9	2.63896475E-8	3.53033577E-7	2.98327740E-5
2.54500000E+2	5.87592775E-9	2.61522121E-8	3.09586160E-7	2.95643598E-5
2.55000000E+2	2.82348490E-8	3.06996609E-8	3.66629564E-7	3.47051261E-5
2.55500000E+2	4.61316348E-9	2.51319136E-8	3.27647397E-7	2.84109403E-5
2.56000000E+2	5.33510720E-9	2.26104835E-8	2.99422550E-7	2.55605326E-5
2.56500000E+2	4.24293505E-9	2.07098049E-8	2.82875289E-7	2.34118675E-5
2.57000000E+2	4.64182342E-9	2.08897243E-8	2.51666594E-7	2.36152614E-5
2.57500000E+2	5.58189797E-9	1.92180164E-8	2.64281046E-7	2.17254414E-5
2.58000000E+2	4.27581997E-9	2.46713871E-8	3.64683271E-7	2.78903277E-5
2.58500000E+2	4.45026716E-9	1.83708637E-8	2.69492836E-7	2.07677585E-5
2.59000000E+2	6.33907793E-9	2.00869529E-8	3.09813804E-7	2.27077503E-5
2.59500000E+2	4.20452060E-9	2.45508702E-8	3.02688662E-7	2.77540867E-5
2.60000000E+2	2.08649276E-8	1.89614492E-8	2.58394975E-7	2.14353992E-5
2.60500000E+2	4.88770956E-9	2.29532397E-8	3.19088302E-7	2.59480091E-5
2.61000000E+2	4.25152702E-9	1.94259166E-8	2.67993342E-7	2.19604668E-5
2.61500000E+2	4.54722803E-9	1.77785032E-8	2.60343493E-7	2.00981111E-5
2.62000000E+2	5.29047166E-9	2.11967728E-8	3.07238149E-7	2.39623714E-5
2.62500000E+2	4.41498255E-9	2.23188807E-8	2.53466637E-7	2.52308836E-5
2.63000000E+2	5.22056946E-9	2.05303715E-8	2.74168669E-7	2.32090230E-5
2.63500000E+2	5.91898148E-9	3.12394769E-8	4.16216911E-7	3.53153734E-5
2.64000000E+2	7.49644584E-9	1.92860865E-8	4.88136431E-7	2.18023928E-5
2.64500000E+2	4.20031393E-9	2.28924162E-8	8.55407604E-7	2.58792498E-5
2.65000000E+2	1.74418236E-8	2.08268317E-8	2.83730500E-7	2.35441630E-5
2.65500000E+2	4.05768651E-9	2.12981071E-8	2.85471026E-7	2.40769270E-5
2.66000000E+2	4.82809773E-9	1.84303056E-8	2.95466611E-7	2.08349559E-5
2.66500000E+2	5.30666205E-9	2.11350283E-8	3.00969462E-7	2.38925709E-5
2.67000000E+2	4.57537619E-9	2.33382577E-8	4.01068427E-7	2.63832614E-5
2.67500000E+2	4.13099239E-9	1.90292479E-8	2.82503335E-7	2.15120438E-5
2.68000000E+2	5.19658212E-9	1.94733255E-8	2.68143755E-7	2.20140613E-5
2.68500000E+2	6.08784076E-9	2.28157761E-8	2.51101227E-7	2.57926102E-5
2.69000000E+2	4.80908023E-9	2.34521993E-8	3.19156777E-7	2.65120693E-5
2.69500000E+2	5.01733597E-9	2.66850106E-8	3.26270655E-7	3.01666739E-5
2.70000000E+2	1.39436615E-8	2.17355322E-8	3.34114869E-7	2.45714241E-5
2.70500000E+2	5.58766842E-9	2.29667989E-8	2.74023760E-7	2.59633374E-5
2.71000000E+2	5.50427830E-9	2.43870488E-8	2.54626863E-7	2.75688910E-5
2.71500000E+2	6.06022457E-9	2.08561036E-8	2.85653342E-7	2.35772541E-5
2.72000000E+2	5.18481724E-9	1.94692206E-8	2.46066247E-7	2.20094208E-5
2.72500000E+2	4.78574285E-9	2.01654200E-8	2.80344239E-7	2.27964553E-5
2.73000000E+2	4.32264149E-9	2.47248922E-8	2.97544522E-7	2.79508138E-5
2.73500000E+2	8.53167366E-9	2.51482206E-8	2.88578448E-7	2.84293749E-5
2.74000000E+2	4.26233681E-9	1.92485703E-8	2.68535941E-7	2.17599817E-5
2.74500000E+2	5.77135356E-9	2.38905970E-8	3.16392412E-7	2.70076658E-5
2.75000000E+2	3.04249990E-8	1.88848777E-8	2.76950124E-7	2.13488373E-5
2.75500000E+2	5.60679132E-9	3.01178094E-8	2.98731047E-7	3.40473590E-5
2.76000000E+2	8.31328742E-9	1.71558998E-8	2.58641883E-7	1.93942751E-5
2.76500000E+2	4.38892476E-9	1.68352779E-8	2.49411235E-7	1.90318208E-5
2.77000000E+2	5.32964277E-9	2.28399485E-8	3.04131429E-7	2.58199365E-5
2.77500000E+2	6.46314267E-9	2.90226064E-8	3.30926393E-7	3.28092620E-5
2.78000000E+2	6.11584610E-9	2.07384842E-8	3.29399314E-7	2.34442887E-5
2.78500000E+2	6.06708088E-9	1.69995768E-8	2.80893142E-7	1.92175562E-5
2.79000000E+2	5.26921545E-9	2.04448739E-8	3.32644394E-7	2.31123703E-5
2.79500000E+2	5.30953093E-9	2.27771694E-8	3.13853795E-7	2.57489665E-5
2.80000000E+2	2.60189533E-8	2.05472869E-8	2.55729636E-7	2.32281453E-5
2.80500000E+2	5.02436588E-9	2.39406002E-8	3.03096112E-7	2.70641931E-5
2.81000000E+2	4.55841545E-9	1.92598491E-8	3.10885576E-7	2.17727321E-5
2.81500000E+2	4.92381868E-9	2.02763242E-8	2.56077906E-7	2.29218294E-5
2.82000000E+2	4.55188319E-9	1.89687044E-8	2.44541326E-7	2.14436011E-5
2.82500000E+2	5.69303246E-9	2.01759883E-8	2.28474906E-7	2.28084024E-5
2.83000000E+2	5.34879083E-9	2.10013760E-8	2.39767529E-7	2.37414806E-5
2.83500000E+2	5.72603536E-9	1.93436776E-8	2.82933667E-7	2.18674979E-5
2.84000000E+2	5.56410547E-9	2.00486619E-8	2.41288793E-7	2.26644634E-5
2.84500000E+2	4.48283735E-9	2.57010646E-8	3.51041358E-7	2.90543499E-5
2.85000000E+2	2.00295100E-8	2.71562161E-8	2.46596073E-7	3.06993588E-5
2.85500000E+2	4.57723596E-9	2.25747087E-8	2.81154647E-7	2.55200902E-5
2.86000000E+2	4.82292351E-9	2.13538671E-8	2.80862368E-7	2.41399622E-5
2.86500000E+2	7.62273614E-9	2.40370108E-8	2.48401985E-7	2.71731827E-5
2.87000000E+2	6.21277887E-9	1.97162353E-8	2.69958501E-7	2.22886642E-5
2.87500000E+2	6.11768934E-9	2.14778039E-8	2.84843691E-7	2.42800693E-5
2.88000000E+2	4.57548092E-9	2.38096680E-8	3.24002804E-7	2.69161778E-5
2.88500000E+2	4.59798703E-9	1.86176155E-8	2.50437336E-7	2.10467046E-5
2.89000000E+2	5.38380653E-9	1.68197200E-8	2.73783464E-7	1.90142330E-5
2.89500000E+2	4.49966101E-9	2.32863983E-8	2.95997721E-7	2.63246358E-5
2.90000000E+2	2.52434294E-8	2.20940840E-8	2.74374331E-7	2.49767571E-5
2.90500000E+2	5.58851100E-9	2.15122445E-8	2.38344349E-7	2.43190035E-5
2.91000000E+2	4.39599010E-9	1.88271188E-8	2.84000305E-7	2.12835424E-5
2.91500000E+2	4.19718848E-9	2.01124350E-8	2.68246774E-7	2.27365571E-5
2.92000000E+2	4.06967551E-9	2.75381516E-8	3.75860161E-7	3.11311264E-5
2.92500000E+2	4.32394974E-9	1.91473880E-8	2.29206044E-7	2.16455979E-5
2.93000000E+2	6.47885776E-9	1.79972874E-8	2.77692794E-7	2.03454407E-5
2.93500000E+2	4.30792327E-9	2.04266742E-8	3.92001929E-7	2.30917960E-5
2.94000000E+2	5.64312739E-9	2.09107038E-8	2.66136461E-7	2.36389781E-5
2.94500000E+2	4.82865212E-9	2.03707812E-8	3.72130496E-7	2.30286105E-5
2.95000000E+2	2.19726452E-8	1.71726113E-8	2.61778236E-7	1.94131669E-5
2.95500000E+2	5.25500435E-9	1.77915612E-8	2.43704788E-7	2.01128729E-5
2.96000000E+2	4.76167059E-9	1.98881508E-8	2.73244386E-7	2.24830100E-5
2.96500000E+2	5.25490482E-9	1.86141422E-8	2.50545231E-7	2.10427781E-5
2.97000000E+2	5.28335092E-9	3.34920449E-8	4.29226973E-7	3.78618398E-5
2.97500000E+2	5.90319893E-9	2.31990201E-8	2.51020922E-7	2.62258571E-5
2.98000000E+2	4.30445510E-9	1.76391157E-8	2.69267360E-7	1.99405373E-5
2.98500000E+2	4.59919153E-9	1.92380984E-8	3.03126842E-7	2.17481435E-5
2.99000000E+2	5.12108848E-9	1.82563763E-8	2.69899934E-7	2.06383336E-5
2.99500000E+2	4.06918494E-9	2.16548542E-8	3.35477797E-7	2.44802198E-5
3.00000000E+2	2.39818293E-8	2.00729241E-8	6.44374810E-7	2.26918912E-5
3.00500000E+2	4.85001678E-9	2.21905998E-8	4.93896431E-7	2.50858656E-5
3.01000000E+2	6.37127984E-9	2.12376983E-8	2.95685268E-7	2.40086365E-5
3.01500000E+2	5.71261748E-9	2.13979345E-8	2.69152126E-7	2.41897792E-5
3.02000000E+2	4.33023471E-9	2.78841933E-8	2.76276229E-7	3.15223171E-5
3.02500000E+2	5.27248979E-9	1.87834959E-8	2.69212347E-7	2.12342279E-5
3.03000000E+2	6.18053267E-9	2.23464821E-8	2.92830619E-7	2.52620862E-5
3.03500000E+2	6.50789280E-9	2.20657146E-8	2.94498663E-7	2.49446863E-5
3.04000000E+2	4.84216061E-9	2.24811648E-8	2.43197392E-7	2.54143413E-5
3.04500000E+2	4.29462109E-9	3.34728535E-8	3.10347581E-7	3.78401445E-5
3.05000000E+2	2.08114685E-8	1.78642546E-8	2.85910183E-7	2.01950507E-5
3.05500000E+2	4.66047272E-9	1.88023845E-8	3.02038878E-7	2.12555809E-5
3.06000000E+2	4.65624733E-9	1.87117869E-8	3.24427346E-7	2.11531629E-5
3.06500000E+2	4.89235286E-9	1.91670955E-8	3.03742070E-7	2.16678768E-5
3.07000000E+2	5.60309028E-9	2.50797461E-8	3.12757201E-7	2.83519664E-5
3.07500000E+2	5.93160657E-9	1.81668519E-8	2.97135963E-7	2.05371287E-5
3.08000000E+2	6.21824618E-9	1.70317207E-8	2.93001025E-7	1.92538940E-5
3.08500000E+2	5.27861494E-9	1.95910272E-8	2.77606312E-7	2.21471200E-5
3.09000000E+2	6.47061794E-9	2.41407689E-8	3.72881474E-7	2.72904784E-5
3.09500000E+2	7.80864004E-9	2.12398261E-8	2.70273945E-7	2.40110420E-5
3.10000000E+2	2.36689821E-8	1.91901735E-8	2.66766571E-7	2.16939658E-5
3.10500000E+2	4.88417014E-9	3.17174236E-8	2.38043708E-7	3.58556791E-5
3.11000000E+2	4.57178750E-9	2.35749858E-8	2.55225739E-7	2.66508760E-5
3.11500000E+2	4.10480037E-9	3.44513236E-8	2.42413563E-7	3.89462781E-5
3.12000000E+2	4.98173883E-9	1.64416212E-8	2.57567532E-7	1.85868026E-5
3.12500000E+2	4.89299711E-9	2.58139819E-8	2.57604476E-7	2.91819998E-5
3.13000000E+2	6.42291950E-9	1.90408972E-8	2.71529886E-7	2.15252130E-5
3.13500000E+2	5.65799266E-9	3.03834719E-8	2.76003607E-7	3.43476832E-5
3.14000000E+2	6.41173606E-9	1.77824994E-8	2.40342448E-7	2.01026287E-5
3.14500000E+2	4.58666423E-9	2.52463193E-8	2.52408788E-7	2.85402728E-5
3.15000000E+2	2.98851416E-8	2.72777569E-8	3.07406372E-7	3.08367574E-5
3.15500000E+2	5.14402274E-9	1.82658282E-8	2.45742946E-7	2.06490187E-5
3.16000000E+2	5.98998434E-9	1.71500126E-8	2.28275300E-7	1.93876197E-5
3.16500000E+2	7.06901827E-9	1.73139338E-8	2.57681451E-7	1.95729281E-5
3.17000000E+2	5.54138839E-9	1.63731721E-8	2.35230675E-7	1.85094228E-5
3.17500000E+2	4.84466780E-9	2.28505222E-8	2.69839419E-7	2.58318898E-5
3.18000000E+2	4.34857812E-9	2.09188719E-8	2.96877502E-7	2.36482119E-5
3.18500000E+2	4.75387094E-9	2.11290257E-8	2.65547901E-7	2.38857851E-5
3.19000000E+2	4.21589890E-9	1.87534699E-8	2.76228836E-7	2.12002843E-5
3.19500000E+2	4.78501715E-9	2.26045533E-8	2.43646366E-7	2.55538287E-5
3.20000000E+2	2.29861842E-8	1.81279339E-8	2.48008679E-7	2.04931329E-5
3.20500000E+2	7.27603126E-9	2.47690030E-8	2.71811700E-7	2.80006798E-5
3.21000000E+2	5.98157222E-9	2.34344025E-8	2.79339320E-7	2.64919505E-5
3.21500000E+2	5.95073624E-9	1.86340512E-8	2.34508355E-7	2.10652847E-5
3.22000000E+2	4.68216427E-9	2.50624941E-8	2.99223175E-7	2.83324634E-5
3.22500000E+2	4.83650408E-9	1.80887927E-8	2.55288434E-7	2.04488849E-5
3.23000000E+2	4.43454298E-9	1.94096084E-8	2.36040150E-7	2.19420309E-5
3.23500000E+2	4.68930129E-9	1.81866057E-8	3.02140902E-7	2.05594598E-5
3.24000000E+2	4.86388384E-9	2.07003197E-8	2.43253747E-7	2.34011447E-5
3.24500000E+2	4.82583011E-9	2.54428006E-8	3.07433470E-7	2.87623896E-5
3.25000000E+2	1.34818684E-8	2.08836070E-8	2.67402390E-7	2.36083459E-5
3.25500000E+2	5.19137960E-9	1.98480978E-8	2.98524334E-7	2.24377312E-5
3.26000000E+2	4.40675788E-9	2.66707727E-8	2.24728089E-7	3.01505784E-5
3.26500000E+2	5.46403196E-9	1.89965330E-8	2.96637531E-7	2.14750604E-5
3.27000000E+2	5.53284262E-9	3.49684376E-8	2.90241110E-7	3.95308614E-5
3.27500000E+2	5.47634753E-9	2.01619326E-8	3.03441291E-7	2.27925129E-5
3.28000000E+2	6.71784072E-9	1.97656655E-8	2.21747611E-7	2.23445437E-5
3.28500000E+2	4.68465498E-9	2.28041929E-8	2.30204789E-7	2.57795158E-5
3.29000000E+2	5.53670403E-9	1.72718771E-8	2.38764209E-7	1.95253842E-5
3.29500000E+2	6.80410550E-9	2.18463349E-8	2.36392919E-7	2.46966835E-5
3.30000000E+2	2.24539468E-8	2.07591626E-8	2.25622534E-7	2.34676649E-5
3.30500000E+2	6.23724961E-9	2.32643999E-8	3.46540380E-7	2.62997672E-5
3.31000000E+2	5.70322228E-9	2.23465106E-8	2.39805213E-7	2.52621185E-5
3.31500000E+2	4.08876033E-9	1.84635642E-8	3.05984687E-7	2.08725538E-5
3.32000000E+2	6.60496765E-9	2.20607958E-8	2.16408728E-7	2.49391257E-5
3.32500000E+2	4.65480756E-9	2.39759449E-8	2.84103822E-7	2.71041493E-5
3.33000000E+2	4.67909683E-9	1.99764847E-8	4.53516451E-7	2.25828690E-5
3.33500000E+2	1.01266445E-8	2.09182858E-8	6.65355740E-7	2.36475494E-5
3.34000000E+2	4.77810555E-9	2.13364181E-8	3.01073559E-7	2.41202365E-5
3.34500000E+2	5.13852529E-9	1.86398156E-8	2.34114502E-7	2.10718013E-5
3.35000000E+2	1.71172519E-8	1.62721917E-8	2.62440677E-7	1.83952672E-5
3.35500000E+2	5.73563422E-9	1.96514632E-8	2.38459132E-7	2.22154411E-5
3.36000000E+2	4.49239302E-9	2.51162726E-8	3.23505721E-7	2.83932586E-5
3.36500000E+2	4.55641100E-9	2.19889657E-8	2.64873095E-7	2.48579237E-5
3.37000000E+2	4.38406160E-9	2.18475272E-8	2.49268584E-7	2.46980314E-5
3.37500000E+2	4.48672584E-9	1.71805488E-8	2.85646792E-7	1.94221401E-5
3.38000000E+2	4.39787809E-9	2.01353404E-8	2.69989787E-7	2.27624510E-5
3.38500000E+2	4.28703115E-9	2.16818111E-8	2.64609832E-7	2.45106939E-5
3.39000000E+2	4.89428967E-9	1.86440271E-8	2.59989631E-7	2.10765622E-5
3.39500000E+2	5.35430414E-9	1.82221270E-8	2.49180827E-7	2.05996157E-5
3.40000000E+2	2.26044849E-8	2.19569037E-8	2.42401207E-7	2.48216785E-5
3.40500000E+2	5.66546780E-9	1.89158428E-8	2.83570658E-7	2.13838424E-5
3.41000000E+2	5.33142053E-9	1.94329215E-8	3.23511188E-7	2.19683857E-5
3.41500000E+2	4.16281296E-9	1.74193657E-8	3.67101287E-7	1.96921161E-5
3.42000000E+2	4.70650300E-9	1.98897156E-8	2.85739871E-7	2.24847790E-5
3.42500000E+2	5.48177503E-9	2.16954915E-8	2.53399164E-7	2.45261591E-5
3.43000000E+2	4.37360328E-9	2.59820726E-8	3.26889793E-7	2.93720218E-5
3.43500000E+2	6.03721263E-9	2.15477826E-8	2.47355261E-7	2.43591784E-5
3.44000000E+2	4.55159284E-9	1.70910256E-8	3.32325853E-7	1.93209366E-5
3.44500000E+2	4.99335544E-9	1.94163108E-8	3.24188201E-7	2.19496078E-5
3.45000000E+2	2.78578210E-8	2.55512084E-8	3.62663394E-7	2.88849416E-5
3.45500000E+2	4.18305278E-9	2.43159361E-8	2.90892597E-7	2.74885001E-5
3.46000000E+2	5.99155261E-9	2.34042148E-8	2.55545255E-7	2.64578241E-5
3.46500000E+2	5.17890399E-9	2.14294465E-8	3.91730698E-7	2.42254026E-5
3.47000000E+2	4.39166823E-9	2.06192561E-8	3.10253684E-7	2.33095045E-5
3.47500000E+2	6.07882115E-9	1.89166200E-8	6.52570089E-7	2.13847211E-5
3.48000000E+2	4.33028157E-9	2.24802197E-8	4.05309129E-7	2.54132730E-5
3.48500000E+2	5.16258050E-9	2.17528130E-8	5.78681083E-7	2.45909596E-5
3.49000000E+2	4.56201026E-9	2.45226253E-8	9.15503601E-7	2.77221565E-5
3.49500000E+2	4.42381925E-9	2.62205257E-8	2.00702205E-6	2.96415865E-5
3.50000000E+2	3.15037187E-8	1.75334654E-8	5.34064509E-6	1.98211026E-5
3.50500000E+2	5.31499177E-9	1.96686719E-8	2.17885656E-6	2.22348951E-5
3.51000000E+2	5.44572368E-9	2.81930911E-8	7.95752544E-7	3.18715176E-5
3.51500000E+2	5.83078235E-9	1.85449483E-8	5.97189448E-7	2.09645564E-5
3.52000000E+2	4.55269664E-9	2.47654974E-8	4.39788645E-7	2.79967168E-5
3.52500000E+2	4.69010101E-9	2.29456969E-8	4.25303024E-7	2.59394822E-5
3.53000000E+2	4.53095614E-9	1.88911028E-8	3.87565363E-7	2.13558745E-5
3.53500000E+2	4.96613945E-9	2.09545887E-8	3.43606977E-7	2.36885889E-5
3.54000000E+2	4.47702821E-9	1.88250580E-8	2.94748428E-7	2.12812127E-5
3.54500000E+2	4.99495536E-9	2.34961963E-8	4.59540272E-7	2.65618066E-5
3.55000000E+2	2.12533849E-8	2.28405703E-8	2.53031009E-7	2.58206394E-5
3.55500000E+2	5.00602498E-9	2.20333226E-8	2.94944252E-7	2.49080680E-5
3.56000000E+2	7.87279090E-9	2.07935809E-8	2.75970393E-7	2.35065739E-5
3.56500000E+2	5.44179004E-9	1.87024277E-8	2.52288067E-7	2.11425825E-5
3.57000000E+2	4.48860378E-9	1.80594158E-8	2.55093765E-7	2.04156751E-5
3.57500000E+2	6.46143208E-9	2.07478015E-8	2.46552158E-7	2.34548216E-5
3.58000000E+2	5.90482151E-9	1.88634269E-8	2.52036995E-7	2.13245876E-5
3.58500000E+2	4.82414321E-9	2.03513209E-8	2.50137153E-7	2.30066111E-5
3.59000000E+2	4.63546613E-9	1.80725179E-8	2.30507538E-7	2.04304867E-5
3.59500000E+2	4.69270558E-9	2.27689211E-8	2.56241547E-7	2.57396419E-5
3.60000000E+2	2.76801470E-8	2.12410220E-8	3.02615792E-7	2.40123938E-5
3.60500000E+2	4.77907488E-9	1.86562407E-8	2.64616474E-7	2.10903693E-5
3.61000000E+2	4.67405567E-9	1.90939926E-8	2.68269764E-7	2.15852359E-5
3.61500000E+2	4.83979511E-9	1.77612039E-8	2.76727797E-7	2.00785547E-5
3.62000000E+2	6.09341908E-9	1.77986872E-8	2.35690288E-7	2.01209286E-5
3.62500000E+2	4.44642545E-9	2.75154226E-8	2.46572563E-7	3.11054319E-5
3.63000000E+2	5.23413916E-9	2.21275390E-8	2.24348661E-7	2.50145771E-5
3.63500000E+2	5.22777984E-9	2.53200838E-8	2.24304207E-7	2.86236616E-5
3.64000000E+2	5.11469611E-9	1.87253515E-8	2.37641361E-7	2.11684972E-5
3.64500000E+2	5.39214382E-9	2.25476344E-8	2.44036933E-7	2.54894834E-5
3.65000000E+2	2.25043693E-8	1.88007360E-8	2.10016220E-7	2.12537174E-5
3.65500000E+2	5.56237979E-9	2.03810344E-8	2.51058735E-7	2.30402015E-5
3.66000000E+2	4.46140495E-9	2.31766465E-8	2.40453800E-7	2.62005644E-5
3.66500000E+2	4.13473983E-9	2.32866346E-8	2.38889925E-7	2.63249029E-5
3.67000000E+2	6.60798961E-9	1.80687900E-8	2.67144338E-7	2.04262724E-5
3.67500000E+2	5.71521180E-9	1.95407717E-8	2.41835430E-7	2.20903074E-5
3.68000000E+2	3.88753770E-9	2.43282497E-8	2.67501200E-7	2.75024202E-5
3.68500000E+2	4.93228909E-9	2.50142584E-8	2.52953815E-7	2.82779343E-5
3.69000000E+2	6.43328193E-9	2.43235779E-8	3.56984944E-7	2.74971389E-5
3.69500000E+2	5.67404278E-9	1.87772942E-8	2.20286872E-7	2.12272170E-5
3.70000000E+2	2.50934894E-8	1.94983916E-8	2.28225099E-7	2.20423979E-5
3.70500000E+2	5.24986885E-9	2.02023973E-8	2.12322420E-7	2.28382571E-5
3.71000000E+2	4.81572178E-9	2.66375839E-8	3.37783969E-7	3.01130593E-5
3.71500000E+2	6.40263568E-9	4.04101033E-8	2.67125086E-7	4.56825155E-5
3.72000000E+2	3.77781062E-9	2.07345468E-8	2.97919781E-7	2.34398375E-5
3.72500000E+2	4.71439258E-9	2.55296656E-8	3.03079889E-7	2.88605880E-5
3.73000000E+2	4.19675608E-9	2.53937432E-8	2.70241326E-7	2.87069315E-5
3.73500000E+2	4.11433470E-9	2.43720826E-8	2.88395730E-7	2.75519722E-5
3.74000000E+2	4.07854650E-9	1.81027375E-8	2.69657466E-7	2.04646491E-5
3.74500000E+2	4.67172880E-9	2.05622082E-8	2.21894197E-7	2.32450135E-5
3.75000000E+2	1.97424345E-8	2.11803828E-8	2.43607128E-7	2.39438429E-5
3.75500000E+2	6.90041471E-9	1.87791327E-8	2.36015123E-7	2.12292954E-5
3.76000000E+2	4.38345885E-9	2.21749589E-8	2.17224841E-7	2.50681839E-5
3.76500000E+2	4.29550334E-9	2.20396569E-8	2.41395399E-7	2.49152287E-5
3.77000000E+2	4.78420689E-9	1.83230242E-8	2.63122585E-7	2.07136773E-5
3.77500000E+2	4.77737284E-9	2.11310234E-8	2.41533318E-7	2.38880435E-5
3.78000000E+2	4.87764924E-9	2.56028285E-8	2.45605743E-7	2.89432967E-5
3.78500000E+2	4.70364971E-9	2.04960355E-8	2.26394698E-7	2.31702070E-5
3.79000000E+2	5.36194443E-9	2.47479880E-8	2.97695514E-7	2.79769229E-5
3.79500000E+2	4.99972741E-9	1.97230275E-8	2.44006442E-7	2.22963426E-5
3.80000000E+2	1.87937639E-8	1.81416890E-8	2.63460978E-7	2.05086827E-5
3.80500000E+2	4.64001913E-9	1.74439069E-8	2.39150923E-7	1.97198592E-5
3.81000000E+2	4.57499763E-9	2.06656642E-8	2.20278856E-7	2.33619676E-5
3.81500000E+2	4.68785495E-9	1.72708507E-8	2.90121266E-7	1.95242239E-5
3.82000000E+2	4.08035727E-9	2.04709339E-8	2.36952776E-7	2.31418303E-5
3.82500000E+2	4.39837159E-9	1.72345209E-8	2.55709553E-7	1.94831540E-5
3.83000000E+2	4.02671143E-9	1.75074996E-8	2.60766376E-7	1.97917490E-5
3.83500000E+2	4.49101714E-9	2.12925095E-8	2.24097730E-7	2.40705991E-5
3.84000000E+2	6.82240880E-9	1.70185025E-8	2.18967680E-7	1.92389512E-5
3.84500000E+2	4.21886571E-9	2.62061707E-8	2.24833572E-7	2.96253585E-5
3.85000000E+2	2.22098835E-8	2.32992745E-8	2.75957444E-7	2.63391920E-5
3.85500000E+2	4.75595473E-9	2.29063711E-8	2.52757167E-7	2.58950254E-5
3.86000000E+2	6.11718804E-9	2.49923981E-8	3.42275235E-7	2.82532218E-5
3.86500000E+2	5.77406958E-9	2.27051031E-8	2.73600057E-7	2.56674974E-5
3.87000000E+2	4.47420475E-9	1.73022426E-8	2.91198548E-7	1.95597116E-5
3.87500000E+2	6.71175152E-9	1.96822896E-8	2.34452807E-7	2.22502896E-5
3.88000000E+2	4.63751657E-9	3.62156056E-8	3.09188251E-7	4.09407506E-5
3.88500000E+2	7.53130986E-9	1.81310200E-8	2.23799636E-7	2.04966217E-5
3.89000000E+2	5.64946148E-9	1.89574880E-8	2.77462968E-7	2.14309211E-5
3.89500000E+2	7.30713877E-9	2.14018889E-8	3.29039318E-7	2.41942495E-5
3.90000000E+2	3.30038003E-8	1.69418818E-8	2.66635885E-7	1.91523335E-5
3.90500000E+2	4.81260409E-9	2.30853699E-8	2.45669309E-7	2.60973787E-5
3.91000000E+2	4.47205267E-9	1.93964706E-8	2.92646313E-7	2.19271790E-5
3.91500000E+2	4.40060645E-9	2.11018312E-8	2.41476440E-7	2.38550424E-5
3.92000000E+2	4.01756100E-9	2.23385268E-8	3.34354825E-7	2.52530930E-5
3.92500000E+2	4.86676062E-9	2.30103218E-8	2.44294741E-7	2.60125389E-5
3.93000000E+2	7.66779057E-9	2.51179325E-8	2.26964880E-7	2.83951351E-5
3.93500000E+2	4.44896017E-9	1.91218289E-8	4.27999257E-7	2.16167041E-5
3.94000000E+2	5.98561096E-9	2.01924831E-8	2.82399658E-7	2.28270493E-5
3.94500000E+2	7.57217570E-9	2.01731795E-8	2.81170438E-7	2.28052272E-5
3.95000000E+2	2.17673357E-8	2.22209705E-8	2.38888673E-7	2.51201988E-5
3.95500000E+2	4.61278636E-9	2.30142968E-8	2.67717646E-7	2.60170324E-5
3.96000000E+2	4.87998557E-9	2.04302971E-8	3.02367777E-7	2.30958916E-5
3.96500000E+2	5.28980456E-9	2.49210196E-8	2.85989068E-7	2.81725304E-5
3.97000000E+2	4.61346204E-9	1.97540196E-8	2.74718764E-7	2.23313784E-5
3.97500000E+2	4.20109384E-9	1.81998976E-8	2.44201134E-7	2.05744860E-5
3.98000000E+2	5.02359030E-9	1.91501082E-8	2.68922508E-7	2.16486730E-5
3.98500000E+2	4.54294145E-9	2.01755362E-8	4.01313617E-7	2.28078913E-5
3.99000000E+2	5.25592054E-9	1.64527761E-8	3.04132222E-7	1.85994130E-5
3.99500000E+2	5.92068624E-9	2.03802707E-8	3.90161294E-7	2.30393380E-5
4.00000000E+2	2.11395186E-8	1.99141520E-8	3.96400753E-7	2.25124037E-5
4.00500000E+2	4.38106462E-9	2.63161756E-8	3.36660504E-7	2.97497161E-5
4.01000000E+2	4.67517856E-9	1.90168028E-8	2.99673770E-7	2.14979750E-5
4.01500000E+2	4.95590638E-9	2.35883487E-8	3.24940134E-7	2.66659824E-5
4.02000000E+2	4.51797036E-9	2.94275772E-8	2.43505864E-7	3.32670704E-5
4.02500000E+2	3.89106350E-9	1.81767712E-8	2.73362276E-7	2.05483422E-5
4.03000000E+2	4.20128607E-9	1.96357192E-8	2.63060013E-7	2.21976430E-5
4.03500000E+2	4.27321680E-9	1.73710254E-8	3.26272249E-7	1.96374687E-5
4.04000000E+2	4.69402700E-9	3.20690163E-8	3.49383449E-7	3.62531450E-5
4.04500000E+2	4.19975408E-9	2.68571487E-8	3.19437869E-7	3.03612714E-5
4.05000000E+2	2.69117698E-8	1.64849021E-8	2.51633333E-7	1.86357305E-5
4.05500000E+2	4.15837333E-9	2.30262693E-8	2.44443067E-7	2.60305671E-5
4.06000000E+2	4.81765770E-9	1.94733357E-8	3.67820940E-7	2.20140729E-5
4.06500000E+2	4.54441877E-9	2.56144584E-8	3.33341817E-7	2.89564440E-5
4.07000000E+2	4.72378869E-9	2.07721362E-8	2.65249706E-7	2.34823312E-5
4.07500000E+2	4.70666538E-9	2.04488164E-8	2.41010657E-7	2.31168271E-5
4.08000000E+2	5.60401752E-9	2.00440827E-8	3.02531991E-7	2.26592867E-5
4.08500000E+2	5.90754552E-9	2.41547175E-8	2.59274709E-7	2.73062469E-5
4.09000000E+2	5.47856489E-9	2.25120819E-8	3.02660441E-7	2.54492923E-5
4.09500000E+2	5.84902323E-9	1.99266308E-8	2.78346517E-7	2.25265105E-5
4.10000000E+2	2.70036697E-8	1.69927074E-8	2.38424814E-7	1.92097906E-5
4.10500000E+2	5.12859763E-9	1.67689417E-8	2.21335325E-7	1.89568296E-5
4.11000000E+2	4.86046026E-9	1.96450932E-8	2.29709334E-7	2.22082400E-5
4.11500000E+2	5.63592906E-9	1.64642886E-8	2.56504246E-7	1.86124275E-5
4.12000000E+2	4.92695646E-9	2.08268226E-8	2.49780839E-7	2.35441528E-5
4.12500000E+2	5.21132843E-9	1.80607566E-8	3.33428348E-7	2.04171909E-5
4.13000000E+2	4.32555963E-9	1.95358388E-8	2.26137548E-7	2.20847309E-5
4.13500000E+2	4.35996566E-9	1.65598244E-8	2.15259387E-7	1.87204281E-5
4.14000000E+2	5.52684741E-9	2.28055606E-8	2.31500582E-7	2.57810619E-5
4.14500000E+2	5.05385056E-9	2.01627222E-8	2.17774961E-7	2.27934054E-5
4.15000000E+2	2.83217741E-8	1.69965752E-8	2.15615728E-7	1.92141629E-5
4.15500000E+2	4.34347545E-9	1.96126452E-8	2.61739248E-7	2.21715585E-5
4.16000000E+2	4.61411587E-9	2.36941976E-8	3.16697350E-7	2.67856417E-5
4.16500000E+2	4.64402023E-9	2.40237853E-8	2.82837903E-7	2.71582315E-5
4.17000000E+2	5.93525532E-9	2.08574521E-8	2.65811978E-7	2.35787786E-5
4.17500000E+2	5.94753749E-9	2.29153978E-8	2.31425596E-7	2.59052298E-5
4.18000000E+2	6.06867064E-9	1.78751929E-8	2.38303184E-7	2.02074163E-5
4.18500000E+2	5.23131370E-9	2.93793900E-8	2.61694627E-7	3.32125960E-5
4.19000000E+2	5.74697732E-9	2.31619002E-8	2.52821206E-7	2.61838941E-5
4.19500000E+2	6.56504751E-9	2.26318901E-8	2.32904152E-7	2.55847322E-5
4.20000000E+2	2.52806412E-8	2.14585056E-8	2.50549434E-7	2.42582531E-5
4.20500000E+2	4.93450462E-9	1.78536803E-8	2.12005860E-7	2.01830968E-5
4.21000000E+2	4.46460482E-9	1.88582470E-8	2.61173446E-7	2.13187320E-5
4.21500000E+2	6.59580193E-9	2.36034851E-8	2.84163504E-7	2.66830937E-5
4.22000000E+2	4.97069855E-9	2.04924109E-8	2.66785664E-7	2.31661095E-5
4.22500000E+2	5.80072216E-9	2.03313951E-8	2.22623966E-7	2.29840856E-5
4.23000000E+2	4.61401577E-9	1.87563173E-8	2.33372053E-7	2.12035032E-5
4.23500000E+2	4.18271097E-9	2.16332491E-8	2.37191459E-7	2.44557958E-5
4.24000000E+2	5.70538193E-9	1.91289299E-8	2.38437709E-7	2.16247316E-5
4.24500000E+2	5.14342935E-9	1.95603196E-8	2.24144299E-7	2.21124058E-5
4.25000000E+2	1.80395394E-8	2.12237720E-8	2.69138751E-7	2.39928932E-5
4.25500000E+2	4.67396879E-9	2.02751501E-8	2.51304837E-7	2.29205022E-5
4.26000000E+2	4.32391449E-9	2.42808721E-8	2.82751959E-7	2.74488612E-5
4.26500000E+2	4.67138088E-9	1.85177636E-8	2.37350309E-7	2.09338248E-5
4.27000000E+2	6.00790804E-9	2.42353106E-8	2.51460414E-7	2.73973551E-5
4.27500000E+2	4.07137346E-9	1.87605295E-8	3.10078570E-7	2.12082650E-5
4.28000000E+2	6.12788367E-9	1.73057502E-8	2.05580199E-7	1.95636768E-5
4.28500000E+2	5.27097990E-9	2.21322750E-8	2.28096816E-7	2.50199309E-5
4.29000000E+2	5.56526420E-9	2.18349203E-8	2.61304373E-7	2.46837796E-5
4.29500000E+2	4.15653838E-9	1.96290308E-8	2.45239794E-7	2.21900819E-5
4.30000000E+2	2.37499476E-8	1.89605197E-8	2.11318739E-7	2.14343484E-5
4.30500000E+2	5.98923134E-9	2.08922505E-8	2.19991352E-7	2.36181172E-5
4.31000000E+2	4.14893938E-9	1.83527297E-8	2.49999954E-7	2.07472584E-5
4.31500000E+2	5.90700356E-9	1.84601047E-8	2.41249631E-7	2.08686430E-5
4.32000000E+2	5.87971436E-9	1.92859220E-8	2.24954743E-7	2.18022068E-5
4.32500000E+2	5.72974395E-9	2.61090279E-8	2.47974454E-7	2.95155412E-5
4.33000000E+2	5.09946848E-9	2.37995442E-8	3.03801576E-7	2.69047331E-5
4.33500000E+2	4.42157170E-9	1.80732969E-8	2.18405738E-7	2.04313674E-5
4.34000000E+2	5.11568799E-9	1.97332611E-8	2.39033991E-7	2.23079114E-5
4.34500000E+2	7.22733168E-9	1.99882336E-8	2.37531753E-7	2.25961509E-5
4.35000000E+2	1.44741325E-8	1.90037251E-8	2.60871732E-7	2.14831910E-5
4.35500000E+2	4.74765166E-9	2.00924238E-8	2.68842748E-7	2.27139350E-5
4.36000000E+2	4.55974160E-9	2.16622161E-8	2.30422993E-7	2.44885422E-5
4.36500000E+2	4.35762497E-9	2.02408176E-8	2.06788742E-7	2.28816901E-5
4.37000000E+2	8.02667092E-9	1.84813496E-8	2.15749454E-7	2.08926597E-5
4.37500000E+2	5.18396878E-9	1.95161774E-8	2.09262294E-7	2.20625043E-5
4.38000000E+2	4.21365605E-9	2.53963597E-8	2.48532455E-7	2.87098893E-5
4.38500000E+2	4.09426460E-9	1.91147233E-8	2.98765004E-7	2.16086714E-5
4.39000000E+2	5.76771854E-9	1.88223517E-8	2.56306742E-7	2.12781533E-5
4.39500000E+2	4.22883383E-9	1.90385129E-8	2.57675515E-7	2.15225176E-5
4.40000000E+2	3.46076305E-8	2.01724702E-8	2.68461902E-7	2.28044253E-5
4.40500000E+2	4.45985665E-9	2.59368123E-8	3.22327047E-7	2.93208563E-5
4.41000000E+2	5.60893219E-9	2.34658907E-8	2.85960223E-7	2.65275470E-5
4.41500000E+2	4.83826896E-9	2.26291037E-8	2.71401567E-7	2.55815822E-5
4.42000000E+2	4.51477378E-9	2.31259285E-8	4.69309488E-7	2.61432291E-5
4.42500000E+2	5.84818062E-9	1.69872112E-8	6.53356147E-7	1.92035772E-5
4.43000000E+2	6.84263995E-9	2.01309595E-8	4.03791375E-7	2.27574985E-5
4.43500000E+2	4.70512522E-9	1.96352601E-8	3.24464566E-7	2.21971240E-5
4.44000000E+2	5.04186606E-9	1.91530079E-8	3.19608264E-7	2.16519511E-5
4.44500000E+2	5.18797465E-9	2.14124981E-8	4.26775967E-7	2.42062429E-5
4.45000000E+2	1.86594718E-8	1.88661633E-8	3.58228464E-7	2.13276811E-5
4.45500000E+2	9.65798972E-9	1.87706460E-8	3.74124949E-7	2.12197014E-5
4.46000000E+2	6.44830863E-9	2.28946166E-8	3.73218793E-7	2.58817372E-5
4.46500000E+2	6.11002080E-9	1.85676601E-8	4.07880858E-7	2.09902314E-5
4.47000000E+2	6.49189909E-9	2.27188503E-8	4.31172317E-7	2.56830383E-5
4.47500000E+2	4.61400688E-9	1.95013837E-8	4.09944150E-7	2.20457804E-5
4.48000000E+2	5.22511885E-9	2.07199004E-8	5.50823321E-7	2.34232802E-5
4.48500000E+2	6.35717617E-9	1.90789062E-8	5.12470061E-7	2.15681812E-5
4.49000000E+2	8.30522341E-9	2.15182289E-8	6.25941747E-7	2.43257686E-5
4.49500000E+2	6.50402193E-9	1.97315807E-8	1.32121153E-6	2.23060117E-5
4.50000000E+2	3.14015142E-8	2.40878572E-8	2.72987787E-6	2.72306631E-5
4.50500000E+2	6.52521512E-9	1.87762985E-8	1.22588471E-6	2.12260914E-5
4.51000000E+2	4.92587224E-9	2.03868981E-8	5.53687943E-7	2.30468301E-5
4.51500000E+2	5.24145037E-9	1.94365981E-8	3.90327499E-7	2.19725420E-5
4.52000000E+2	4.77559014E-9	2.92380482E-8	5.77325445E-7	3.30528131E-5
4.52500000E+2	5.25484443E-9	1.99537424E-8	3.42896886E-7	2.25571595E-5
4.53000000E+2	3.97174233E-9	2.25209939E-8	2.96833339E-7	2.54593671E-5
4.53500000E+2	4.16221703E-9	2.02406351E-8	2.99721049E-7	2.28814838E-5
4.54000000E+2	4.81535297E-9	1.95429941E-8	4.21171023E-7	2.20928198E-5
4.54500000E+2	5.48879667E-9	1.67938964E-8	2.82240269E-7	1.89850401E-5
4.55000000E+2	1.47507674E-8	2.15774327E-8	2.50666699E-7	2.43926969E-5
4.55500000E+2	3.90389781E-9	2.37789571E-8	3.29745939E-7	2.68814600E-5
4.56000000E+2	4.69327848E-9	1.90843452E-8	2.56291308E-7	2.15743297E-5
4.56500000E+2	4.57804461E-9	2.32426761E-8	3.61799729E-7	2.62752090E-5
4.57000000E+2	5.33027204E-9	1.76627720E-8	2.31157822E-7	1.99672802E-5
4.57500000E+2	4.81025805E-9	1.64869680E-8	2.61647208E-7	1.86380659E-5
4.58000000E+2	4.44212181E-9	2.21668558E-8	3.36351596E-7	2.50590236E-5
4.58500000E+2	5.71478796E-9	2.09216756E-8	2.22746433E-7	2.36513815E-5
4.59000000E+2	4.66784641E-9	2.06980102E-8	2.86859910E-7	2.33985339E-5
4.59500000E+2	5.37160183E-9	2.32635394E-8	3.76272406E-7	2.62987944E-5
4.60000000E+2	2.43604531E-8	1.91150211E-8	2.71426932E-7	2.16090080E-5
4.60500000E+2	5.86482468E-9	1.85192160E-8	2.93202860E-7	2.09354667E-5
4.61000000E+2	7.28366624E-9	1.76826049E-8	2.22520111E-7	1.99897008E-5
4.61500000E+2	4.77757124E-9	2.15544534E-8	2.96753420E-7	2.43667195E-5
4.62000000E+2	4.77132547E-9	1.86367414E-8	2.22756342E-7	2.10683259E-5
4.62500000E+2	4.64571437E-9	1.68160215E-8	2.27187732E-7	1.90100519E-5
4.63000000E+2	4.79263634E-9	1.94840284E-8	2.47706491E-7	2.20261607E-5
4.63500000E+2	5.61026534E-9	2.31260573E-8	2.44145643E-7	2.61433746E-5
4.64000000E+2	4.18027887E-9	1.85959234E-8	2.72993824E-7	2.10221822E-5
4.64500000E+2	5.88292875E-9	1.72955180E-8	2.37411861E-7	1.95521096E-5
4.65000000E+2	2.17307798E-8	1.90236530E-8	2.61515135E-7	2.15057189E-5
4.65500000E+2	4.94494564E-9	2.04331057E-8	2.49052723E-7	2.30990666E-5
4.66000000E+2	4.80424118E-9	1.94065016E-8	2.33168089E-7	2.19385188E-5
4.66500000E+2	5.98839076E-9	1.99722495E-8	2.25930107E-7	2.25780812E-5
4.67000000E+2	5.29404436E-9	2.02418629E-8	2.27877235E-7	2.28828719E-5
4.67500000E+2	5.06916820E-9	2.63247198E-8	2.43249941E-7	2.97593750E-5
4.68000000E+2	5.82736982E-9	2.70783364E-8	3.38288704E-7	3.06113180E-5
4.68500000E+2	4.92908422E-9	2.31750386E-8	3.08779010E-7	2.61987466E-5
4.69000000E+2	8.92561550E-9	1.90864083E-8	2.42727448E-7	2.15766620E-5
4.69500000E+2	4.26875642E-9	1.84666153E-8	2.33593509E-7	2.08760031E-5
4.70000000E+2	1.68512725E-8	2.07526826E-8	1.99893497E-7	2.34603395E-5
4.70500000E+2	4.69477764E-9	1.93777539E-8	2.29573041E-7	2.19060203E-5
4.71000000E+2	6.70168512E-9	1.78866848E-8	2.37337161E-7	2.02204075E-5
4.71500000E+2	5.76953856E-9	2.31654450E-8	2.62226804E-7	2.61879014E-5
4.72000000E+2	7.31595718E-9	2.19714682E-8	2.46285875E-7	2.48381432E-5
4.72500000E+2	4.56648475E-9	1.82003741E-8	2.16086839E-7	2.05750246E-5
4.73000000E+2	5.43060265E-9	1.76687663E-8	2.20371228E-7	1.99740566E-5
4.73500000E+2	4.29022038E-9	2.22622159E-8	3.16794962E-7	2.51668255E-5
4.74000000E+2	5.14393496E-9	1.62925506E-8	2.56036285E-7	1.84182824E-5
4.74500000E+2	4.46787416E-9	1.66621813E-8	2.06880518E-7	1.88361398E-5
4.75000000E+2	1.89326915E-8	1.77309740E-8	2.21290155E-7	2.00443806E-5
4.75500000E+2	5.00588672E-9	1.70943158E-8	2.18753799E-7	1.93246560E-5
4.76000000E+2	6.36020000E-9	1.71952166E-8	2.15572025E-7	1.94387216E-5
4.76500000E+2	4.79875355E-9	2.00498697E-8	2.65629607E-7	2.26658288E-5
4.77000000E+2	9.82192868E-9	2.21287575E-8	2.36845585E-7	2.50159545E-5
4.77500000E+2	4.61024584E-9	2.29355394E-8	2.61550307E-7	2.59279994E-5
4.78000000E+2	3.83817554E-9	2.37547811E-8	2.53431376E-7	2.68541297E-5
4.78500000E+2	4.97036764E-9	1.78992879E-8	2.25404550E-7	2.02346549E-5
4.79000000E+2	4.77165125E-9	2.17420751E-8	2.67062303E-7	2.45788207E-5
4.79500000E+2	5.07817308E-9	1.80008955E-8	2.22509844E-7	2.03495195E-5
4.80000000E+2	2.10016351E-8	1.98886220E-8	3.04819025E-7	2.24835427E-5
4.80500000E+2	5.17091630E-9	1.92872513E-8	2.63414046E-7	2.18037095E-5
4.81000000E+2	4.86174554E-9	1.93573023E-8	2.59151132E-7	2.18829003E-5
4.81500000E+2	4.08114158E-9	1.84971588E-8	2.24685430E-7	2.09105316E-5
4.82000000E+2	5.96719842E-9	2.58354655E-8	2.21482309E-7	2.92062865E-5
4.82500000E+2	4.33404056E-9	2.56696223E-8	2.59836194E-7	2.90188053E-5
4.83000000E+2	4.33367549E-9	2.38818296E-8	2.41179624E-7	2.69977545E-5
4.83500000E+2	5.05189643E-9	1.92726899E-8	2.52354054E-7	2.17872483E-5
4.84000000E+2	4.87914517E-9	1.81386965E-8	2.32762516E-7	2.05052998E-5
4.84500000E+2	4.30862405E-9	1.95541592E-8	2.11828342E-7	2.21054417E-5
4.85000000E+2	1.89253302E-8	2.01324678E-8	2.13849782E-7	2.27592037E-5
4.85500000E+2	4.67443939E-9	1.81365836E-8	2.16790739E-7	2.05029112E-5
4.86000000E+2	6.05883875E-9	1.67808053E-8	2.01706642E-7	1.89702410E-5
4.86500000E+2	5.48274721E-9	1.91518020E-8	2.20787057E-7	2.16505879E-5
4.87000000E+2	6.23607571E-9	1.91330475E-8	2.29449295E-7	2.16293864E-5
4.87500000E+2	5.24289726E-9	1.71483098E-8	2.18592456E-7	1.93856948E-5
4.88000000E+2	5.49810952E-9	2.18893893E-8	2.04847268E-7	2.47453554E-5
4.88500000E+2	4.36306284E-9	1.80421014E-8	2.56548626E-7	2.03961016E-5
4.89000000E+2	6.60668645E-9	2.97470362E-8	2.47107473E-7	3.36282100E-5
4.89500000E+2	6.45699910E-9	2.11912795E-8	2.38158021E-7	2.39561613E-5
4.90000000E+2	2.06200347E-8	2.20312647E-8	2.91061485E-7	2.49057416E-5
4.90500000E+2	6.47160861E-9	1.84094632E-8	2.55935002E-7	2.08113941E-5
4.91000000E+2	4.85077647E-9	1.73278009E-8	2.15079656E-7	1.95886045E-5
4.91500000E+2	5.23702085E-9	1.98686800E-8	2.86074730E-7	2.24609988E-5
4.92000000E+2	6.03408583E-9	1.90598184E-8	2.52483527E-7	2.15466029E-5
4.92500000E+2	5.06694230E-9	2.05634728E-8	3.02112404E-7	2.32464430E-5
4.93000000E+2	5.64960416E-9	2.68209983E-8	2.20440071E-7	3.03204043E-5
4.93500000E+2	5.46496127E-9	2.67482892E-8	2.31357917E-7	3.02382087E-5
4.94000000E+2	4.32429803E-9	2.50371093E-8	2.74518006E-7	2.83037666E-5
4.94500000E+2	4.65295331E-9	1.76477668E-8	2.47599358E-7	1.99503172E-5
4.95000000E+2	3.00337295E-8	1.90664058E-8	2.45986902E-7	2.15540498E-5
4.95500000E+2	4.83034483E-9	1.82854321E-8	2.18749163E-7	2.06711804E-5
4.96000000E+2	4.25611085E-9	2.01708330E-8	2.10598773E-7	2.28025745E-5
4.96500000E+2	5.38166102E-9	1.58757679E-8	2.50135244E-7	1.79471210E-5
4.97000000E+2	5.17041002E-9	1.95193998E-8	2.61059109E-7	2.20661471E-5
4.97500000E+2	5.61003809E-9	1.71271348E-8	2.23204554E-7	1.93617570E-5
4.98000000E+2	6.60171174E-9	1.91898840E-8	2.23946310E-7	2.16936385E-5
4.98500000E+2	4.33281430E-9	2.37500654E-8	2.80950188E-7	2.68487987E-5
4.99000000E+2	4.97748659E-9	1.91935200E-8	3.66549970E-7	2.16977489E-5
4.99500000E+2	4.90685230E-9	1.93950958E-8	5.23197910E-7	2.19256248E-5
