0.00000000E+0	1.83813272E-8	2.72109868E-7	3.75457172E-3	2.26978722E-3
5.00000000E-1	6.04066124E-9	2.52969371E-7	1.29271883E-4	2.11012799E-3
1.00000000E+0	5.02399782E-9	2.08882807E-7	7.44270830E-5	1.74238270E-3
1.50000000E+0	4.13141794E-9	1.50632832E-7	4.68476731E-5	1.25649423E-3
2.00000000E+0	5.39159329E-9	1.48561553E-7	3.35155946E-5	1.23921678E-3
2.50000000E+0	5.75341433E-9	1.13748923E-7	3.06293405E-5	9.48829431E-4
3.00000000E+0	5.01408788E-9	1.04121164E-7	4.10398430E-5	8.68520092E-4
3.50000000E+0	4.78809261E-9	1.05545101E-7	1.91372243E-5	8.80397772E-4
4.00000000E+0	4.59343369E-9	1.06239470E-7	3.25393111E-5	8.86189808E-4
4.50000000E+0	5.21902426E-9	9.99222550E-8	1.91649225E-5	8.33495160E-4
5.00000000E+0	3.43991062E-3	4.12385466E-7	2.59045982E-5	3.43988724E-3
5.50000000E+0	7.35404961E-9	9.61682186E-8	1.71415647E-5	8.02181103E-4
6.00000000E+0	4.49177881E-9	1.22648594E-7	2.24965400E-5	1.02306547E-3
6.50000000E+0	5.21160350E-9	8.96063181E-8	1.17752422E-5	7.47445426E-4
7.00000000E+0	5.35999410E-9	8.60387341E-8	1.04144027E-5	7.17686650E-4
7.50000000E+0	5.78281197E-9	6.50517217E-8	8.16273344E-6	5.42624816E-4
8.00000000E+0	7.15697899E-9	8.60602714E-8	8.46693249E-6	7.17866302E-4
8.50000000E+0	4.99201407E-9	5.74156844E-8	6.62858343E-6	4.78929294E-4
9.00000000E+0	4.24300727E-9	9.18400635E-8	6.42929943E-6	7.66078072E-4
9.50000000E+0	5.07873339E-9	6.50889059E-8	7.22593585E-6	5.42934985E-4
1.00000000E+1	2.37000409E-8	7.44736145E-8	6.76119625E-6	6.21216937E-4
1.05000000E+1	5.65989545E-9	7.50402431E-8	5.76740712E-6	6.25943434E-4
1.10000000E+1	5.95792689E-9	6.22886281E-8	5.50143499E-6	5.19576646E-4
1.15000000E+1	4.53126128E-9	9.37670004E-8	5.70987898E-6	7.82151494E-4
1.20000000E+1	4.40632566E-9	7.34831150E-8	5.43484168E-6	6.12954749E-4
1.25000000E+1	5.87598994E-9	6.40688420E-8	4.78006825E-6	5.34426187E-4
1.30000000E+1	5.70322623E-9	4.96278872E-8	5.06081767E-6	4.13967877E-4
1.35000000E+1	4.50936984E-9	4.84283978E-8	4.30727989E-6	4.03962413E-4
1.40000000E+1	5.99798639E-9	8.46736362E-8	4.70167375E-6	7.06299773E-4
1.45000000E+1	4.58231468E-9	7.99854976E-8	4.31924285E-6	6.67193962E-4
1.50000000E+1	8.13718244E-8	8.03673959E-8	3.87006125E-6	6.70379542E-4
1.55000000E+1	4.81395858E-9	5.45060064E-8	4.42533455E-6	4.54658399E-4
1.60000000E+1	4.72243182E-9	4.66495937E-8	4.05158392E-6	3.89124631E-4
1.65000000E+1	4.51619149E-9	4.74477114E-8	3.69413947E-6	3.95782079E-4
1.70000000E+1	4.63707027E-9	7.38957765E-8	4.20378468E-6	6.16396938E-4
1.75000000E+1	5.45760930E-9	6.11466059E-8	3.26064528E-6	5.10050540E-4
1.80000000E+1	5.59004683E-9	4.15013027E-8	3.38042445E-6	3.46180488E-4
1.85000000E+1	5.13322301E-9	6.22181140E-8	3.00745118E-6	5.18988457E-4
1.90000000E+1	5.61490313E-9	4.00354275E-8	3.59083467E-6	3.33952982E-4
1.95000000E+1	4.80325938E-9	4.56569969E-8	2.88621398E-6	3.80844947E-4
2.00000000E+1	5.47704713E-8	3.95672688E-8	3.26127046E-6	3.30047867E-4
2.05000000E+1	4.30038895E-9	5.22681236E-8	2.90101284E-6	4.35991242E-4
2.10000000E+1	4.40722097E-9	7.29471294E-8	2.65913688E-6	6.08483859E-4
2.15000000E+1	6.67405898E-9	4.21573336E-8	2.65901575E-6	3.51652728E-4
2.20000000E+1	6.72263487E-9	3.99422753E-8	2.53183553E-6	3.33175959E-4
2.25000000E+1	5.23549606E-9	5.81458856E-8	2.68134497E-6	4.85020221E-4
2.30000000E+1	4.64604769E-9	4.12741727E-8	2.45650718E-6	3.44285897E-4
2.35000000E+1	5.46830523E-9	3.72147997E-8	2.44388266E-6	3.10424894E-4
2.40000000E+1	5.77346822E-9	5.77794763E-8	2.33305095E-6	4.81963841E-4
2.45000000E+1	5.65240270E-9	4.74362102E-8	2.55511241E-6	3.95686143E-4
2.50000000E+1	3.66554938E-8	3.84542447E-8	2.35521636E-6	3.20763646E-4
2.55000000E+1	6.64666733E-9	5.04243530E-8	2.26419248E-6	4.20611546E-4
2.60000000E+1	5.57811092E-9	4.78075877E-8	2.24104564E-6	3.98783964E-4
2.65000000E+1	6.46519629E-9	3.90397508E-8	2.25287304E-6	3.25647608E-4
2.70000000E+1	8.69307160E-9	4.35108223E-8	2.27610662E-6	3.62942768E-4
2.75000000E+1	4.75399298E-9	3.98659967E-8	2.18467307E-6	3.32539686E-4
2.80000000E+1	4.92821781E-9	4.44722276E-8	2.04893715E-6	3.70962270E-4
2.85000000E+1	4.23015742E-9	4.45468229E-8	2.06031216E-6	3.71584502E-4
2.90000000E+1	5.80685436E-9	4.63289482E-8	2.11958799E-6	3.86449987E-4
2.95000000E+1	5.47370380E-9	3.51352674E-8	2.06674224E-6	2.93078607E-4
3.00000000E+1	3.11683308E-8	5.44657652E-8	2.04723056E-6	4.54322730E-4
3.05000000E+1	4.23673290E-9	3.91757662E-8	1.98561631E-6	3.26782172E-4
3.10000000E+1	6.29309878E-9	4.12823093E-8	2.00268737E-6	3.44353768E-4
3.15000000E+1	4.29674081E-9	3.86838517E-8	1.87347280E-6	3.22678898E-4
3.20000000E+1	5.40072265E-9	4.71714315E-8	1.91722869E-6	3.93477507E-4
3.25000000E+1	6.02335687E-9	4.13433038E-8	1.95452588E-6	3.44862550E-4
3.30000000E+1	5.55056418E-9	4.83743533E-8	1.79796855E-6	4.03511604E-4
3.35000000E+1	4.19943327E-9	3.49666603E-8	1.77085115E-6	2.91672182E-4
3.40000000E+1	6.03665447E-9	3.51656250E-8	1.75867231E-6	2.93331833E-4
3.45000000E+1	4.61816258E-9	4.39815304E-8	1.71202521E-6	3.66869149E-4
3.50000000E+1	6.09875113E-8	3.63495790E-8	1.68271650E-6	3.03207710E-4
3.55000000E+1	4.50957024E-9	4.05906430E-8	1.73685387E-6	3.38584278E-4
3.60000000E+1	5.21883887E-9	5.40792546E-8	1.62779486E-6	4.51098676E-4
3.65000000E+1	5.58776022E-9	4.29484233E-8	1.72310080E-6	3.58251552E-4
3.70000000E+1	5.89418554E-9	4.50493708E-8	1.64125108E-6	3.75776473E-4
3.75000000E+1	5.45342000E-9	4.02338954E-8	1.61267148E-6	3.35608490E-4
3.80000000E+1	5.78748472E-9	3.14128524E-8	1.60868184E-6	2.62028318E-4
3.85000000E+1	5.81638297E-9	3.57607661E-8	1.64233682E-6	2.98296165E-4
3.90000000E+1	4.88261517E-9	3.94827847E-8	1.60965634E-6	3.29343147E-4
3.95000000E+1	4.96339917E-9	3.72910886E-8	1.58684540E-6	3.11061253E-4
4.00000000E+1	8.95986607E-8	3.74316908E-8	1.64585866E-6	3.12234077E-4
4.05000000E+1	4.27375596E-9	3.86481002E-8	1.63408615E-6	3.22380679E-4
4.10000000E+1	6.02059397E-9	3.63072276E-8	1.66300308E-6	3.02854439E-4
4.15000000E+1	5.88584886E-9	4.23575570E-8	1.69194362E-6	3.53322879E-4
4.20000000E+1	4.70069965E-9	3.13677404E-8	1.65880459E-6	2.61652019E-4
4.25000000E+1	7.61320425E-9	4.92169739E-8	1.68693163E-6	4.10540270E-4
4.30000000E+1	4.25936495E-9	4.08058694E-8	1.72021928E-6	3.40379575E-4
4.35000000E+1	8.25194976E-9	3.46108429E-8	1.75835789E-6	2.88704153E-4
4.40000000E+1	4.09628139E-9	3.11032173E-8	1.82206121E-6	2.59445517E-4
4.45000000E+1	6.76995485E-9	5.94848986E-8	1.89269535E-6	4.96189513E-4
4.50000000E+1	4.67920037E-8	3.68389139E-8	1.90475066E-6	3.07289467E-4
4.55000000E+1	4.06313112E-9	3.30668411E-8	2.05015915E-6	2.75824960E-4
4.60000000E+1	7.42245921E-9	3.82054203E-8	2.23113996E-6	3.18688093E-4
4.65000000E+1	5.86739910E-9	3.39199366E-8	2.42247191E-6	2.82941003E-4
4.70000000E+1	5.19738143E-9	3.26447159E-8	2.74096171E-6	2.72303829E-4
4.75000000E+1	5.54726600E-9	3.16551332E-8	3.17189263E-6	2.64049289E-4
4.80000000E+1	4.89300816E-9	3.43163685E-8	3.78770876E-6	2.86247814E-4
4.85000000E+1	4.70846929E-9	3.72140029E-8	4.99536869E-6	3.10418248E-4
4.90000000E+1	6.52549304E-9	3.25803835E-8	7.28793647E-6	2.71767205E-4
4.95000000E+1	4.36327323E-9	6.92996777E-8	1.44416251E-5	5.78058872E-4
5.00000000E+1	4.93462738E-8	1.46457210E-7	5.59064959E-4	1.22166354E-3
5.05000000E+1	6.17435141E-9	3.97623716E-8	1.51856357E-5	3.31675304E-4
5.10000000E+1	4.65323405E-9	5.08316347E-8	7.63961992E-6	4.24008861E-4
5.15000000E+1	4.36268907E-9	4.03008067E-8	5.01875515E-6	3.36166626E-4
5.20000000E+1	4.84755311E-9	4.06870554E-8	3.82161094E-6	3.39388495E-4
5.25000000E+1	6.04919128E-9	2.93488895E-8	3.14606847E-6	2.44811903E-4
5.30000000E+1	5.58954939E-9	4.72961651E-8	2.65244611E-6	3.94517965E-4
5.35000000E+1	5.05282512E-9	2.91139298E-8	2.38072867E-6	2.42852001E-4
5.40000000E+1	5.64307390E-9	2.94415003E-8	2.15440213E-6	2.45584409E-4
5.45000000E+1	4.62807184E-9	3.13657499E-8	2.00243846E-6	2.61635416E-4
5.50000000E+1	2.94403636E-8	3.03101159E-8	1.93892833E-6	2.52829912E-4
5.55000000E+1	5.30402533E-9	3.39923222E-8	1.72599950E-6	2.83544802E-4
5.60000000E+1	5.29873479E-9	2.49519554E-8	1.59823808E-6	2.08135155E-4
5.65000000E+1	7.00657651E-9	3.02990994E-8	1.52149566E-6	2.52738018E-4
5.70000000E+1	4.21975829E-9	3.46701655E-8	1.53480550E-6	2.89198989E-4
5.75000000E+1	4.92356496E-9	3.76557933E-8	1.49240306E-6	3.14103414E-4
5.80000000E+1	4.50448225E-9	3.54854557E-8	1.50281410E-6	2.95999681E-4
5.85000000E+1	5.13136391E-9	3.38375865E-8	1.45074800E-6	2.82254084E-4
5.90000000E+1	5.07019405E-9	2.73654338E-8	1.53566736E-6	2.28267033E-4
5.95000000E+1	4.72978510E-9	2.64468946E-8	1.26633850E-6	2.20605096E-4
6.00000000E+1	2.44882587E-8	2.74298626E-8	1.36076067E-6	2.28804461E-4
6.05000000E+1	4.11890660E-9	3.51046466E-8	1.15033529E-6	2.92823186E-4
6.10000000E+1	4.41621686E-9	3.78240055E-8	1.13548741E-6	3.15506545E-4
6.15000000E+1	4.97458050E-9	3.49956616E-8	1.11780001E-6	2.91914095E-4
6.20000000E+1	5.24768041E-9	2.69105019E-8	1.06430586E-6	2.24472247E-4
6.25000000E+1	5.52481215E-9	2.74526784E-8	1.11173396E-6	2.28994778E-4
6.30000000E+1	4.84539647E-9	2.67990754E-8	1.09126434E-6	2.23542790E-4
6.35000000E+1	6.78058563E-9	3.17982382E-8	1.10225703E-6	2.65242990E-4
6.40000000E+1	4.15236666E-9	2.77325977E-8	1.02549125E-6	2.31329707E-4
6.45000000E+1	5.00621361E-9	2.69149768E-8	1.00764167E-6	2.24509574E-4
6.50000000E+1	3.68475237E-8	3.17206244E-8	1.03764573E-6	2.64595579E-4
6.55000000E+1	1.00887060E-8	2.62330109E-8	1.01292798E-6	2.18820999E-4
6.60000000E+1	4.87342003E-9	3.43095046E-8	9.69172050E-7	2.86190559E-4
6.65000000E+1	5.19173980E-9	4.20829604E-8	9.76078816E-7	3.51032349E-4
6.70000000E+1	4.63253724E-9	3.84821759E-8	9.31690538E-7	3.20996632E-4
6.75000000E+1	4.92151526E-9	3.10985327E-8	9.33954380E-7	2.59406441E-4
6.80000000E+1	4.60519534E-9	3.62431612E-8	1.02453592E-6	3.02320033E-4
6.85000000E+1	4.74477065E-9	4.11111469E-8	9.92714231E-7	3.42926027E-4
6.90000000E+1	4.40430211E-9	3.42422965E-8	9.24339280E-7	2.85629947E-4
6.95000000E+1	4.64863840E-9	2.73303206E-8	9.03926803E-7	2.27974138E-4
7.00000000E+1	3.73546751E-8	2.63530015E-8	9.33791695E-7	2.19821892E-4
7.05000000E+1	4.40374416E-9	4.30306420E-8	9.71620897E-7	3.58937375E-4
7.10000000E+1	5.23911825E-9	3.55573424E-8	9.38411718E-7	2.96599319E-4
7.15000000E+1	5.07248489E-9	2.87166426E-8	9.04290829E-7	2.39538055E-4
7.20000000E+1	4.86607348E-9	2.72496628E-8	8.84477036E-7	2.27301336E-4
7.25000000E+1	4.77920153E-9	2.68935545E-8	8.39855906E-7	2.24330881E-4
7.30000000E+1	4.68983080E-9	4.26566555E-8	8.36174999E-7	3.55817790E-4
7.35000000E+1	3.89009204E-9	2.53030533E-8	8.87335417E-7	2.11063816E-4
7.40000000E+1	4.47797286E-9	3.43028146E-8	8.47698133E-7	2.86134755E-4
7.45000000E+1	4.92002318E-9	2.84275862E-8	8.48279822E-7	2.37126909E-4
7.50000000E+1	2.78208489E-8	2.91489583E-8	8.89031402E-7	2.43144189E-4
7.55000000E+1	6.11944725E-9	2.37237420E-8	8.47605781E-7	1.97890091E-4
7.60000000E+1	4.53498239E-9	3.40100988E-8	8.01136906E-7	2.83693085E-4
7.65000000E+1	5.88766652E-9	2.63456818E-8	8.47685665E-7	2.19760836E-4
7.70000000E+1	5.33514564E-9	2.47569889E-8	8.18973636E-7	2.06508855E-4
7.75000000E+1	4.31816472E-9	2.79249189E-8	7.82166172E-7	2.32933942E-4
7.80000000E+1	4.67593029E-9	2.68386698E-8	8.21032421E-7	2.23873064E-4
7.85000000E+1	5.90925318E-9	2.32292086E-8	8.06544097E-7	1.93764972E-4
7.90000000E+1	5.89301618E-9	2.66441001E-8	8.23158224E-7	2.22250073E-4
7.95000000E+1	5.14137425E-9	3.80768837E-8	7.95677762E-7	3.17615913E-4
8.00000000E+1	3.57812388E-8	3.43886702E-8	7.48349209E-7	2.86850914E-4
8.05000000E+1	5.59553502E-9	3.07448446E-8	7.91308654E-7	2.56456173E-4
8.10000000E+1	4.15693382E-9	2.62533837E-8	7.86730920E-7	2.18990937E-4
8.15000000E+1	5.23341152E-9	4.09419427E-8	7.48886582E-7	3.41514621E-4
8.20000000E+1	4.54246266E-9	3.06728696E-8	7.52592824E-7	2.55855799E-4
8.25000000E+1	8.03047610E-9	2.34742842E-8	7.88803417E-7	1.95809254E-4
8.30000000E+1	5.53357572E-9	3.69760244E-8	7.36442581E-7	3.08433165E-4
8.35000000E+1	4.94083059E-9	2.98512460E-8	7.40006487E-7	2.49002277E-4
8.40000000E+1	4.12094767E-9	2.59486121E-8	7.69787043E-7	2.16448704E-4
8.45000000E+1	4.56590619E-9	2.69637418E-8	7.57351277E-7	2.24916344E-4
8.50000000E+1	2.90728609E-8	2.82162930E-8	7.10276163E-7	2.35364420E-4
8.55000000E+1	5.18468694E-9	3.01252425E-8	7.84166315E-7	2.51287802E-4
8.60000000E+1	5.70653217E-9	2.62137431E-8	7.19631832E-7	2.18660278E-4
8.65000000E+1	4.83569937E-9	2.64868120E-8	7.10838769E-7	2.20938064E-4
8.70000000E+1	6.15553336E-9	2.57661915E-8	7.22351516E-7	2.14927054E-4
8.75000000E+1	4.39839855E-9	3.30426655E-8	7.73531602E-7	2.75623301E-4
8.80000000E+1	5.23295135E-9	3.00296154E-8	7.16828609E-7	2.50490134E-4
8.85000000E+1	5.60608896E-9	2.48499424E-8	7.08769604E-7	2.07284220E-4
8.90000000E+1	4.33942906E-9	2.31046786E-8	7.23378649E-7	1.92726213E-4
8.95000000E+1	4.70130580E-9	2.37275627E-8	7.25754334E-7	1.97921961E-4
9.00000000E+1	4.59369878E-8	4.00864146E-8	8.22286430E-7	3.34378288E-4
9.05000000E+1	4.79538744E-9	2.70905909E-8	6.93680285E-7	2.25974448E-4
9.10000000E+1	4.27659952E-9	2.40936137E-8	6.79105989E-7	2.00975352E-4
9.15000000E+1	5.09399557E-9	2.92974497E-8	6.64180164E-7	2.44382821E-4
9.20000000E+1	4.13297393E-9	2.42122612E-8	6.84843946E-7	2.01965043E-4
9.25000000E+1	4.18088278E-9	3.15431185E-8	6.68448922E-7	2.63114925E-4
9.30000000E+1	4.58373561E-9	3.35829837E-8	6.54959620E-7	2.80130331E-4
9.35000000E+1	6.13508387E-9	2.33377962E-8	7.05560292E-7	1.94670749E-4
9.40000000E+1	4.88252582E-9	2.28047539E-8	6.84767796E-7	1.90224410E-4
9.45000000E+1	4.25462588E-9	2.30943495E-8	6.56313934E-7	1.92640054E-4
9.50000000E+1	2.72577185E-8	2.80446396E-8	6.61823914E-7	2.33932585E-4
9.55000000E+1	7.07698331E-9	3.20761628E-8	6.33377168E-7	2.67561280E-4
9.60000000E+1	5.61852736E-9	3.93388099E-8	6.29829422E-7	3.28142191E-4
9.65000000E+1	5.87131353E-9	2.24100958E-8	6.41239649E-7	1.86932394E-4
9.70000000E+1	6.98409382E-9	2.42050799E-8	6.41438462E-7	2.01905141E-4
9.75000000E+1	5.89812544E-9	2.48346197E-8	7.11837213E-7	2.07156407E-4
9.80000000E+1	4.48156227E-9	2.94970357E-8	7.12850831E-7	2.46047655E-4
9.85000000E+1	4.76622223E-9	2.98361681E-8	6.73852691E-7	2.48876506E-4
9.90000000E+1	4.77567651E-9	2.95685655E-8	6.26260391E-7	2.46644316E-4
9.95000000E+1	5.70362058E-9	2.77834275E-8	6.41891548E-7	2.31753700E-4
1.00000000E+2	3.46961323E-8	2.28868545E-8	2.11177985E-6	1.90909247E-4
1.00500000E+2	4.48688689E-9	2.11522740E-8	7.14892945E-7	1.76440354E-4
1.01000000E+2	4.05821304E-9	2.29319858E-8	6.37701873E-7	1.91285707E-4
1.01500000E+2	5.73288078E-9	3.48623994E-8	7.01047434E-7	2.90802496E-4
1.02000000E+2	4.18005250E-9	2.57764029E-8	6.58621978E-7	2.15012232E-4
1.02500000E+2	5.20360436E-9	2.57986953E-8	6.23927592E-7	2.15198182E-4
1.03000000E+2	4.61302041E-9	2.04429725E-8	6.94847701E-7	1.70523760E-4
1.03500000E+2	5.20382262E-9	2.12372911E-8	6.16947818E-7	1.77149518E-4
1.04000000E+2	4.19125491E-9	2.43034270E-8	6.08159916E-7	2.02725496E-4
1.04500000E+2	5.20503435E-9	2.14713688E-8	6.60221857E-7	1.79102063E-4
1.05000000E+2	4.03264577E-8	3.29261114E-8	6.16999572E-7	2.74651072E-4
1.05500000E+2	4.97076476E-9	2.72341485E-8	6.69156122E-7	2.27171925E-4
1.06000000E+2	5.59108906E-9	2.38088056E-8	6.12561246E-7	1.98599643E-4
1.06500000E+2	4.56339220E-9	2.98849599E-8	5.98925873E-7	2.49283500E-4
1.07000000E+2	4.45112952E-9	2.69927971E-8	6.43874496E-7	2.25158707E-4
1.07500000E+2	5.83899311E-9	2.85213433E-8	6.40962852E-7	2.37908979E-4
1.08000000E+2	5.61690514E-9	3.15975284E-8	6.39678109E-7	2.63568781E-4
1.08500000E+2	5.70471862E-9	2.48229061E-8	5.58960461E-7	2.07058699E-4
1.09000000E+2	4.63421928E-9	3.11793731E-8	5.68972434E-7	2.60080765E-4
1.09500000E+2	4.68586288E-9	2.30763719E-8	5.45204166E-7	1.92490095E-4
1.10000000E+2	5.55274857E-8	2.14015459E-8	5.44996176E-7	1.78519639E-4
1.10500000E+2	4.39800388E-9	2.24017036E-8	6.03143465E-7	1.86862392E-4
1.11000000E+2	4.74978798E-9	5.12795473E-8	5.79136395E-7	4.27745095E-4
1.11500000E+2	5.31310211E-9	2.18691714E-8	5.70041809E-7	1.82420308E-4
1.12000000E+2	5.50323709E-9	3.43603218E-8	5.43711160E-7	2.86614448E-4
1.12500000E+2	5.37541268E-9	2.38317712E-8	5.40606823E-7	1.98791210E-4
1.13000000E+2	4.86911587E-9	2.24695149E-8	6.07443834E-7	1.87428035E-4
1.13500000E+2	5.14643835E-9	2.71618648E-8	6.08372915E-7	2.26568975E-4
1.14000000E+2	5.22742258E-9	2.80984584E-8	5.36306194E-7	2.34381511E-4
1.14500000E+2	5.38719203E-9	2.67638385E-8	6.17727696E-7	2.23248863E-4
1.15000000E+2	3.41933653E-8	3.46511098E-8	6.40973563E-7	2.89040038E-4
1.15500000E+2	5.37373380E-9	2.67099111E-8	5.51064437E-7	2.22799031E-4
1.16000000E+2	4.61942699E-9	2.37518512E-8	5.44793056E-7	1.98124562E-4
1.16500000E+2	4.84177124E-9	3.60415470E-8	5.94928482E-7	3.00638281E-4
1.17000000E+2	5.37550081E-9	2.19099082E-8	5.25523602E-7	1.82760111E-4
1.17500000E+2	5.91394858E-9	2.52839010E-8	5.87684010E-7	2.10904058E-4
1.18000000E+2	4.64142507E-9	3.68694920E-8	6.55886369E-7	3.07544532E-4
1.18500000E+2	4.18433951E-9	3.40219931E-8	6.21432925E-7	2.83792300E-4
1.19000000E+2	5.59067664E-9	2.29035735E-8	5.54246460E-7	1.91048708E-4
1.19500000E+2	5.24860518E-9	3.58876226E-8	5.86227600E-7	2.99354330E-4
1.20000000E+2	4.31528981E-8	2.46157463E-8	5.19809855E-7	2.05330689E-4
1.20500000E+2	8.23502903E-9	2.33753001E-8	5.82149234E-7	1.94983585E-4
1.21000000E+2	6.19957700E-9	3.73917430E-8	5.30078089E-7	3.11900855E-4
1.21500000E+2	4.39141161E-9	2.06466885E-8	5.31269417E-7	1.72223044E-4
1.22000000E+2	5.29266458E-9	2.89802146E-8	5.22183325E-7	2.41736624E-4
1.22500000E+2	4.28078561E-9	2.70839521E-8	5.96969594E-7	2.25919070E-4
1.23000000E+2	6.29316046E-9	2.14969423E-8	5.17000728E-7	1.79315383E-4
1.23500000E+2	5.44973236E-9	3.40229935E-8	4.95964204E-7	2.83800645E-4
1.24000000E+2	4.65011143E-9	2.72678178E-8	5.59648045E-7	2.27452775E-4
1.24500000E+2	4.90595144E-9	2.77504180E-8	5.59618014E-7	2.31478354E-4
1.25000000E+2	4.17291202E-8	2.59260826E-8	5.24823071E-7	2.16260775E-4
1.25500000E+2	6.34656729E-9	2.30480648E-8	5.26400951E-7	1.92253972E-4
1.26000000E+2	4.80186925E-9	2.20237838E-8	4.75465278E-7	1.83709997E-4
1.26500000E+2	6.28216253E-9	3.04713503E-8	4.97628477E-7	2.54174839E-4
1.27000000E+2	6.84951376E-9	2.66950610E-8	4.82001744E-7	2.22675161E-4
1.27500000E+2	5.58077622E-9	3.56462246E-8	5.09048183E-7	2.97340725E-4
1.28000000E+2	5.94001599E-9	2.46497385E-8	6.71219685E-7	2.05614232E-4
1.28500000E+2	6.41858467E-9	2.90182142E-8	5.61960340E-7	2.42053596E-4
1.29000000E+2	7.29738723E-9	2.41494495E-8	4.93846400E-7	2.01441103E-4
1.29500000E+2	4.60754645E-9	2.93914770E-8	4.74157244E-7	2.45167144E-4
1.30000000E+2	1.87342597E-8	3.71169384E-8	5.33773875E-7	3.09608591E-4
1.30500000E+2	5.09737918E-9	2.20926203E-8	5.67790420E-7	1.84284193E-4
1.31000000E+2	5.78591669E-9	2.76994287E-8	4.93706029E-7	2.31053030E-4
1.31500000E+2	4.38570385E-9	3.25029962E-8	5.68209168E-7	2.71121684E-4
1.32000000E+2	4.97258107E-9	2.04099587E-8	4.73639967E-7	1.70248378E-4
1.32500000E+2	4.67431842E-9	2.27877468E-8	4.49702568E-7	1.90082547E-4
1.33000000E+2	4.54643211E-9	2.27371670E-8	4.49263988E-7	1.89660638E-4
1.33500000E+2	4.19385351E-9	2.15993905E-8	4.96941467E-7	1.80169948E-4
1.34000000E+2	4.41878204E-9	2.27572598E-8	4.89338623E-7	1.89828241E-4
1.34500000E+2	4.38316433E-9	2.17416690E-8	4.65170681E-7	1.81356754E-4
1.35000000E+2	2.98066094E-8	2.11910999E-8	4.84552155E-7	1.76764217E-4
1.35500000E+2	4.30766158E-9	2.28243135E-8	4.87083322E-7	1.90387565E-4
1.36000000E+2	4.37956954E-9	2.38492827E-8	5.01535407E-7	1.98937281E-4
1.36500000E+2	5.08876493E-9	2.77251183E-8	5.24080267E-7	2.31267318E-4
1.37000000E+2	7.66505833E-9	2.46105417E-8	4.59914169E-7	2.05287274E-4
1.37500000E+2	6.72041053E-9	2.22417968E-8	4.78072873E-7	1.85528539E-4
1.38000000E+2	4.48961895E-9	3.54153588E-8	5.67028145E-7	2.95414972E-4
1.38500000E+2	5.14938944E-9	2.32360514E-8	4.83976481E-7	1.93822051E-4
1.39000000E+2	5.31213452E-9	2.63213207E-8	4.53619679E-7	2.19557629E-4
1.39500000E+2	5.29945708E-9	3.61528652E-8	5.34381286E-7	3.01566835E-4
1.40000000E+2	5.40563955E-8	2.25728188E-8	4.44111357E-7	1.88289738E-4
1.40500000E+2	4.61654680E-9	2.91431721E-8	4.95298554E-7	2.43095924E-4
1.41000000E+2	7.04272877E-9	2.17210030E-8	4.42161268E-7	1.81184370E-4
1.41500000E+2	7.12061551E-9	2.64778531E-8	4.42447803E-7	2.20863335E-4
1.42000000E+2	6.03661854E-9	2.67145965E-8	4.82047231E-7	2.22838115E-4
1.42500000E+2	4.80753291E-9	2.26410177E-8	4.53263429E-7	1.88858615E-4
1.43000000E+2	8.14695611E-9	2.10135967E-8	4.36620760E-7	1.75283586E-4
1.43500000E+2	5.17195216E-9	2.46889559E-8	5.01692333E-7	2.05941362E-4
1.44000000E+2	5.43516225E-9	2.47494936E-8	5.08636582E-7	2.06446333E-4
1.44500000E+2	4.34270067E-9	3.15384729E-8	4.51938384E-7	2.63076174E-4
1.45000000E+2	4.06891242E-8	2.16158657E-8	4.66354892E-7	1.80307374E-4
1.45500000E+2	4.79031967E-9	2.22980823E-8	4.58833455E-7	1.85998041E-4
1.46000000E+2	5.94738503E-9	2.32201200E-8	5.03207682E-7	1.93689160E-4
1.46500000E+2	4.57848879E-9	2.41415943E-8	4.70699630E-7	2.01375580E-4
1.47000000E+2	7.40432038E-9	2.27822329E-8	4.74637922E-7	1.90036553E-4
1.47500000E+2	6.66348079E-9	2.30865849E-8	5.21179657E-7	1.92575286E-4
1.48000000E+2	5.01167459E-9	2.04642010E-8	5.17780305E-7	1.70700836E-4
1.48500000E+2	4.94046622E-9	2.40815944E-8	8.29903829E-7	2.00875094E-4
1.49000000E+2	7.99776315E-9	2.25884030E-8	6.25952934E-7	1.88419732E-4
1.49500000E+2	4.88813683E-9	2.91482314E-8	1.17511635E-6	2.43138126E-4
1.50000000E+2	2.82945575E-8	3.35223708E-8	1.16883812E-5	2.79624732E-4
1.50500000E+2	5.81727002E-9	1.98736501E-8	1.15729710E-6	1.65774793E-4
1.51000000E+2	4.70640340E-9	2.33946222E-8	7.50928373E-7	1.95144759E-4
1.51500000E+2	4.82569027E-9	2.48327924E-8	5.28495489E-7	2.07141165E-4
1.52000000E+2	4.59720176E-9	2.66580216E-8	5.44764476E-7	2.22366199E-4
1.52500000E+2	5.24835455E-9	3.27348211E-8	4.74710394E-7	2.73055437E-4
1.53000000E+2	6.62736532E-9	2.92838090E-8	4.94336412E-7	2.44269038E-4
1.53500000E+2	6.42229556E-9	2.43187998E-8	4.59667601E-7	2.02853728E-4
1.54000000E+2	4.85161769E-9	2.90653502E-8	4.90875870E-7	2.42446777E-4
1.54500000E+2	4.68649209E-9	1.94717142E-8	4.25562617E-7	1.62422071E-4
1.55000000E+2	3.13551667E-8	1.88649555E-8	4.84376627E-7	1.57360832E-4
1.55500000E+2	4.45833968E-9	2.60043336E-8	4.95151105E-7	2.16913501E-4
1.56000000E+2	5.50905810E-9	2.20352660E-8	4.74329681E-7	1.83805775E-4
1.56500000E+2	6.22803627E-9	2.81509859E-8	4.43907732E-7	2.34819666E-4
1.57000000E+2	5.70811637E-9	2.95563631E-8	4.27818165E-7	2.46542530E-4
1.57500000E+2	5.02174597E-9	3.83410437E-8	4.92516626E-7	3.19819387E-4
1.58000000E+2	5.78704156E-9	2.11214249E-8	4.09524755E-7	1.76183028E-4
1.58500000E+2	4.41537892E-9	2.49987942E-8	5.26174051E-7	2.08525858E-4
1.59000000E+2	5.11253587E-9	2.61789481E-8	4.32866832E-7	2.18370037E-4
1.59500000E+2	4.29367178E-9	2.20286947E-8	4.04025424E-7	1.83750961E-4
1.60000000E+2	3.22844040E-8	2.01752633E-8	4.64001411E-7	1.68290681E-4
1.60500000E+2	4.29411845E-9	2.20107741E-8	4.53985438E-7	1.83601478E-4
1.61000000E+2	5.45319825E-9	3.39483030E-8	4.20782406E-7	2.83177619E-4
1.61500000E+2	6.40156910E-9	2.30807626E-8	4.13612648E-7	1.92526719E-4
1.62000000E+2	4.52275293E-9	2.75018297E-8	3.99043054E-7	2.29404771E-4
1.62500000E+2	4.30510078E-9	2.12352413E-8	4.35834273E-7	1.77132420E-4
1.63000000E+2	4.83800350E-9	2.15661769E-8	4.29119055E-7	1.79892898E-4
1.63500000E+2	4.88824572E-9	2.91056468E-8	4.16164735E-7	2.42782909E-4
1.64000000E+2	5.45562285E-9	2.24770909E-8	4.10379101E-7	1.87491230E-4
1.64500000E+2	4.23783000E-9	2.77486817E-8	3.76105283E-7	2.31463870E-4
1.65000000E+2	5.83054130E-8	2.67214456E-8	4.33668670E-7	2.22895246E-4
1.65500000E+2	7.21104798E-9	2.10740122E-8	4.07134086E-7	1.75787538E-4
1.66000000E+2	3.99496743E-9	2.38290211E-8	3.88539036E-7	1.98768270E-4
1.66500000E+2	4.98214060E-9	1.97330220E-8	4.17125304E-7	1.64601753E-4
1.67000000E+2	4.14201821E-9	2.33253953E-8	4.30157977E-7	1.94567307E-4
1.67500000E+2	5.74370637E-9	1.94787344E-8	4.42942815E-7	1.62480629E-4
1.68000000E+2	5.49631521E-9	1.87697390E-8	3.89934773E-7	1.56566589E-4
1.68500000E+2	4.71311259E-9	1.91146068E-8	3.85926763E-7	1.59443282E-4
1.69000000E+2	4.30167598E-9	1.92634065E-8	4.03673908E-7	1.60684485E-4
1.69500000E+2	5.28316125E-9	3.02663419E-8	3.73774712E-7	2.52464774E-4
1.70000000E+2	7.35373147E-8	3.69782234E-8	4.66703077E-7	3.08451508E-4
1.70500000E+2	4.42059544E-9	2.56954248E-8	3.88598506E-7	2.14336758E-4
1.71000000E+2	4.23255795E-9	2.25429040E-8	4.54877621E-7	1.88040206E-4
1.71500000E+2	5.68970900E-9	2.40535218E-8	3.90420722E-7	2.00640928E-4
1.72000000E+2	4.46551610E-9	2.09753058E-8	4.18311640E-7	1.74964185E-4
1.72500000E+2	4.91878085E-9	2.05177432E-8	4.26353795E-7	1.71147455E-4
1.73000000E+2	4.80013744E-9	2.15489344E-8	4.38108000E-7	1.79749071E-4
1.73500000E+2	5.10307598E-9	2.23165132E-8	4.55781620E-7	1.86151781E-4
1.74000000E+2	4.80213381E-9	1.98219821E-8	3.95094594E-7	1.65343808E-4
1.74500000E+2	4.83008053E-9	3.16493121E-8	3.98898529E-7	2.64000732E-4
1.75000000E+2	3.28023552E-8	2.51716241E-8	4.72404642E-7	2.09967508E-4
1.75500000E+2	4.66281545E-9	2.90064201E-8	3.85669727E-7	2.41955216E-4
1.76000000E+2	6.28319524E-9	2.27284006E-8	3.85045284E-7	1.89587514E-4
1.76500000E+2	6.98989800E-9	1.88676845E-8	3.80236343E-7	1.57383595E-4
1.77000000E+2	9.24550489E-9	2.87364643E-8	3.86514588E-7	2.39703396E-4
1.77500000E+2	6.57781640E-9	2.20240974E-8	3.92615965E-7	1.83712613E-4
1.78000000E+2	5.84716471E-9	2.56394338E-8	3.67583896E-7	2.13869713E-4
1.78500000E+2	1.11787457E-8	2.22963841E-8	3.99711124E-7	1.85983876E-4
1.79000000E+2	8.69353097E-9	2.51494166E-8	4.19978460E-7	2.09782265E-4
1.79500000E+2	6.53608575E-9	2.17977496E-8	3.99016208E-7	1.81824548E-4
1.80000000E+2	3.49712564E-8	2.71144927E-8	4.15217273E-7	2.26173823E-4
1.80500000E+2	4.56845258E-9	2.77963218E-8	3.82874481E-7	2.31861257E-4
1.81000000E+2	3.88621490E-9	2.01044473E-8	3.57063737E-7	1.67699973E-4
1.81500000E+2	5.20113888E-9	2.21646274E-8	4.05070268E-7	1.84884835E-4
1.82000000E+2	5.60412598E-9	1.79030112E-8	3.92576998E-7	1.49336834E-4
1.82500000E+2	5.26192890E-9	2.01113371E-8	4.01905964E-7	1.67757445E-4
1.83000000E+2	4.25099189E-9	2.04161037E-8	3.74820213E-7	1.70299635E-4
1.83500000E+2	5.93949896E-9	2.31750752E-8	4.01203504E-7	1.93313422E-4
1.84000000E+2	8.57835249E-9	2.02143406E-8	3.88260246E-7	1.68616641E-4
1.84500000E+2	4.31685874E-9	2.42063580E-8	4.37681237E-7	2.01915802E-4
1.85000000E+2	2.38792172E-8	3.01821136E-8	4.05203818E-7	2.51762189E-4
1.85500000E+2	5.31565090E-9	2.60494634E-8	3.76429373E-7	2.17289948E-4
1.86000000E+2	5.54921364E-9	2.07302174E-8	3.55459402E-7	1.72919795E-4
1.86500000E+2	4.63455011E-9	3.44551025E-8	5.24986335E-7	2.87405055E-4
1.87000000E+2	5.03765311E-9	2.06217947E-8	3.83465001E-7	1.72015394E-4
1.87500000E+2	6.20579209E-9	3.01064649E-8	4.16352279E-7	2.51131169E-4
1.88000000E+2	5.70323501E-9	3.24901748E-8	3.40330375E-7	2.71014735E-4
1.88500000E+2	5.01207346E-9	1.99611511E-8	3.94415837E-7	1.66504678E-4
1.89000000E+2	4.93986707E-9	1.88309124E-8	3.84717693E-7	1.57076863E-4
1.89500000E+2	6.38029611E-9	1.91626362E-8	3.85397731E-7	1.59843916E-4
1.90000000E+2	4.58361556E-8	2.63945854E-8	3.63649608E-7	2.20168762E-4
1.90500000E+2	4.36807247E-9	2.70069993E-8	3.53588985E-7	2.25277174E-4
1.91000000E+2	4.79168119E-9	2.11890728E-8	3.77261249E-7	1.76747308E-4
1.91500000E+2	5.89462988E-9	2.86962060E-8	4.09282261E-7	2.39367584E-4
1.92000000E+2	5.09050688E-9	2.96296689E-8	3.70325233E-7	2.47154006E-4
1.92500000E+2	4.13701858E-9	2.55864069E-8	4.20161992E-7	2.13427393E-4
1.93000000E+2	7.51806702E-9	1.93400696E-8	3.77465991E-7	1.61323965E-4
1.93500000E+2	7.15642624E-9	2.23340925E-8	4.73243835E-7	1.86298418E-4
1.94000000E+2	5.41907764E-9	1.98324929E-8	3.61862275E-7	1.65431483E-4
1.94500000E+2	4.78245073E-9	2.05576064E-8	4.19677805E-7	1.71479972E-4
1.95000000E+2	5.12273328E-8	1.94720817E-8	3.88945681E-7	1.62425136E-4
1.95500000E+2	4.27939722E-9	1.91586727E-8	3.74114634E-7	1.59810854E-4
1.96000000E+2	4.23453713E-9	2.01593030E-8	3.87259943E-7	1.68157549E-4
1.96500000E+2	3.97952497E-9	1.86436969E-8	3.95868226E-7	1.55515217E-4
1.97000000E+2	4.79296385E-9	2.56220615E-8	4.29779616E-7	2.13724803E-4
1.97500000E+2	7.05520162E-9	2.21778906E-8	3.66488639E-7	1.84995469E-4
1.98000000E+2	4.87961893E-9	2.26848464E-8	3.87121729E-7	1.89224209E-4
1.98500000E+2	4.81548825E-9	2.40628156E-8	4.17081222E-7	2.00718452E-4
1.99000000E+2	6.23091526E-9	2.27325013E-8	4.37741491E-7	1.89621719E-4
1.99500000E+2	5.71652393E-9	1.91049552E-8	5.37850006E-7	1.59362773E-4
2.00000000E+2	4.58073301E-8	1.86600666E-8	5.99108620E-7	1.55651763E-4
2.00500000E+2	6.23547597E-9	1.86511674E-8	4.36597248E-7	1.55577531E-4
2.01000000E+2	4.45686704E-9	1.89982482E-8	3.99486916E-7	1.58472684E-4
2.01500000E+2	5.09594119E-9	2.18091712E-8	4.28678335E-7	1.81919820E-4
2.02000000E+2	5.61645046E-9	2.20617860E-8	5.29230987E-7	1.84026990E-4
2.02500000E+2	5.42998331E-9	1.96436877E-8	3.68031640E-7	1.63856577E-4
2.03000000E+2	4.44459490E-9	2.04780877E-8	4.60942318E-7	1.70816671E-4
2.03500000E+2	4.99263792E-9	2.17167861E-8	3.93654044E-7	1.81149195E-4
2.04000000E+2	4.46549769E-9	2.32996456E-8	3.75341517E-7	1.94352518E-4
2.04500000E+2	5.33050799E-9	2.24375728E-8	3.42169060E-7	1.87161592E-4
2.05000000E+2	3.46713964E-8	2.32153429E-8	4.30098695E-7	1.93649312E-4
2.05500000E+2	4.25576806E-9	1.89126632E-8	3.69877133E-7	1.57758782E-4
2.06000000E+2	5.05296327E-9	1.78321379E-8	3.38107412E-7	1.48745649E-4
2.06500000E+2	5.00161344E-9	2.26129924E-8	4.95806291E-7	1.88624844E-4
2.07000000E+2	5.14524755E-9	1.90118546E-8	4.42712365E-7	1.58586181E-4
2.07500000E+2	5.06841197E-9	2.02658289E-8	4.21758019E-7	1.69046128E-4
2.08000000E+2	5.54872937E-9	1.94787725E-8	3.99589003E-7	1.62480947E-4
2.08500000E+2	5.97585518E-9	1.89757852E-8	3.71426250E-7	1.58285311E-4
2.09000000E+2	4.48600636E-9	1.82712410E-8	3.35993900E-7	1.52408400E-4
2.09500000E+2	5.31989408E-9	1.96902040E-8	3.36293030E-7	1.64244589E-4
2.10000000E+2	2.49621526E-8	2.13715194E-8	3.62201738E-7	1.78269175E-4
2.10500000E+2	4.25759228E-9	2.18454516E-8	3.45682532E-7	1.82222451E-4
2.11000000E+2	6.80688690E-9	1.81714111E-8	3.75791412E-7	1.51575674E-4
2.11500000E+2	5.53655018E-9	2.36137304E-8	3.57457317E-7	1.96972437E-4
2.12000000E+2	5.67435522E-9	2.55726034E-8	3.17039602E-7	2.13312252E-4
2.12500000E+2	5.04911114E-9	2.33300415E-8	3.81726857E-7	1.94606063E-4
2.13000000E+2	5.46968994E-9	2.79765544E-8	3.43254099E-7	2.33364656E-4
2.13500000E+2	5.09998736E-9	2.48135556E-8	3.27362478E-7	2.06980702E-4
2.14000000E+2	5.08382387E-9	2.17562751E-8	3.71552112E-7	1.81478590E-4
2.14500000E+2	5.87769284E-9	2.65289231E-8	3.29644059E-7	2.21289332E-4
2.15000000E+2	4.88061365E-8	2.06841467E-8	3.58163723E-7	1.72535500E-4
2.15500000E+2	5.84206214E-9	2.92730382E-8	3.48265480E-7	2.44179193E-4
2.16000000E+2	6.55424465E-9	2.05289407E-8	3.34934914E-7	1.71240858E-4
2.16500000E+2	4.92308600E-9	2.40767069E-8	4.33384029E-7	2.00834325E-4
2.17000000E+2	5.05522856E-9	2.09105435E-8	3.34656926E-7	1.74423974E-4
2.17500000E+2	4.94819778E-9	2.23388181E-8	3.61023312E-7	1.86337836E-4
2.18000000E+2	7.82370433E-9	2.52632795E-8	3.04079453E-7	2.10732046E-4
2.18500000E+2	5.80399502E-9	2.43533239E-8	3.19300990E-7	2.03141708E-4
2.19000000E+2	4.30716180E-9	1.77258882E-8	3.20377174E-7	1.47859373E-4
2.19500000E+2	4.44581461E-9	2.79768336E-8	3.38729471E-7	2.33366985E-4
2.20000000E+2	4.00830573E-8	2.07440326E-8	3.45440042E-7	1.73035034E-4
2.20500000E+2	7.35799901E-9	2.08435740E-8	3.24654487E-7	1.73865352E-4
2.21000000E+2	6.23259497E-9	2.26918856E-8	3.12450110E-7	1.89282927E-4
2.21500000E+2	4.67464201E-9	3.19364563E-8	3.37832984E-7	2.66395927E-4
2.22000000E+2	6.37256784E-9	2.06613663E-8	3.40898715E-7	1.72345478E-4
2.22500000E+2	5.85350623E-9	2.79656255E-8	3.66625899E-7	2.33273493E-4
2.23000000E+2	6.64520813E-9	2.18211986E-8	3.20212795E-7	1.82020146E-4
2.23500000E+2	4.85970302E-9	2.43306064E-8	3.57540058E-7	2.02952212E-4
2.24000000E+2	4.02466339E-9	1.89276514E-8	3.07813832E-7	1.57883805E-4
2.24500000E+2	4.59473069E-9	2.92470646E-8	3.95454973E-7	2.43962536E-4
2.25000000E+2	3.86402505E-8	2.03151324E-8	3.42869216E-7	1.69457390E-4
2.25500000E+2	5.78937960E-9	2.14326817E-8	3.31997941E-7	1.78779356E-4
2.26000000E+2	4.61337196E-9	2.10052538E-8	3.60132980E-7	1.75213994E-4
2.26500000E+2	5.67119866E-9	2.31667346E-8	3.85191212E-7	1.93243849E-4
2.27000000E+2	4.99674983E-9	1.81935679E-8	3.40675733E-7	1.51760494E-4
2.27500000E+2	4.40782271E-9	2.91782062E-8	3.54470272E-7	2.43388158E-4
2.28000000E+2	4.28971165E-9	2.17461770E-8	3.58246122E-7	1.81394358E-4
2.28500000E+2	4.21035929E-9	2.38698086E-8	3.39220171E-7	1.99108496E-4
2.29000000E+2	4.06204769E-9	2.55830703E-8	3.50098435E-7	2.13399560E-4
2.29500000E+2	4.26560781E-9	2.27626537E-8	5.24290522E-7	1.89873234E-4
2.30000000E+2	5.34050810E-8	2.08281206E-8	3.81562997E-7	1.73736449E-4
2.30500000E+2	5.63549375E-9	1.78447562E-8	3.58057010E-7	1.48850904E-4
2.31000000E+2	5.81530001E-9	2.08234508E-8	3.25541920E-7	1.73697496E-4
2.31500000E+2	5.10646833E-9	2.19172741E-8	3.22438112E-7	1.82821554E-4
2.32000000E+2	4.39862357E-9	3.71200257E-8	3.71879117E-7	3.09634343E-4
2.32500000E+2	4.30561176E-9	1.94054566E-8	3.09934261E-7	1.61869387E-4
2.33000000E+2	4.41250457E-9	2.07889771E-8	3.25318113E-7	1.73409936E-4
2.33500000E+2	4.44336146E-9	2.02835162E-8	3.81352367E-7	1.69193665E-4
2.34000000E+2	4.32493630E-9	2.17076274E-8	2.94572488E-7	1.81072799E-4
2.34500000E+2	5.33611265E-9	2.09142317E-8	3.34164052E-7	1.74454739E-4
2.35000000E+2	5.90209922E-8	2.26410324E-8	3.26853177E-7	1.88858738E-4
2.35500000E+2	4.23729836E-9	2.24232057E-8	3.04956859E-7	1.87041749E-4
2.36000000E+2	4.61156582E-9	2.57010069E-8	3.07904245E-7	2.14383321E-4
2.36500000E+2	4.53149388E-9	2.79847393E-8	3.12484406E-7	2.33432930E-4
2.37000000E+2	5.94609518E-9	1.77300113E-8	3.13642581E-7	1.47893766E-4
2.37500000E+2	5.17315601E-9	2.08776993E-8	3.71062840E-7	1.74150006E-4
2.38000000E+2	5.24727861E-9	2.22408255E-8	3.06333678E-7	1.85520437E-4
2.38500000E+2	5.01601989E-9	2.06615149E-8	3.41265206E-7	1.72346718E-4
2.39000000E+2	5.71931237E-9	2.02773618E-8	3.20267916E-7	1.69142329E-4
2.39500000E+2	4.61417011E-9	2.14212121E-8	3.08000445E-7	1.78683684E-4
2.40000000E+2	3.73063489E-8	1.90637535E-8	3.02733145E-7	1.59019092E-4
2.40500000E+2	4.74457795E-9	2.16997684E-8	3.13708393E-7	1.81007244E-4
2.41000000E+2	6.01888199E-9	1.89027541E-8	3.12307303E-7	1.57676126E-4
2.41500000E+2	4.37403270E-9	2.14834742E-8	3.27502580E-7	1.79203039E-4
2.42000000E+2	4.84993858E-9	2.70969611E-8	3.15908991E-7	2.26027585E-4
2.42500000E+2	6.41309612E-9	2.22079211E-8	3.83359080E-7	1.85245967E-4
2.43000000E+2	4.40018170E-9	2.71683757E-8	3.87771248E-7	2.26623285E-4
2.43500000E+2	4.47507397E-9	1.93937141E-8	3.24565710E-7	1.61771437E-4
2.44000000E+2	7.68772485E-9	2.83814726E-8	3.90562446E-7	2.36742256E-4
2.44500000E+2	4.22063737E-9	2.23792995E-8	3.09017728E-7	1.86675509E-4
2.45000000E+2	1.74228138E-8	2.66726302E-8	3.24872647E-7	2.22488056E-4
2.45500000E+2	5.28137228E-9	2.31796430E-8	3.34966559E-7	1.93351524E-4
2.46000000E+2	5.15921757E-9	2.19056852E-8	3.54468793E-7	1.82724885E-4
2.46500000E+2	4.51462068E-9	2.38029177E-8	3.35185179E-7	1.98550530E-4
2.47000000E+2	4.69161509E-9	2.88158702E-8	4.21505308E-7	2.40365756E-4
2.47500000E+2	5.64529567E-9	2.04667164E-8	3.61275125E-7	1.70721819E-4
2.48000000E+2	6.72066440E-9	2.48204720E-8	4.02648931E-7	2.07038395E-4
2.48500000E+2	4.25495937E-9	2.49003691E-8	6.18702573E-7	2.07704851E-4
2.49000000E+2	4.26733074E-9	2.52927981E-8	5.66442957E-7	2.10978273E-4
2.49500000E+2	4.32494497E-9	2.00529378E-8	1.04954235E-6	1.67270311E-4
2.50000000E+2	4.06885635E-8	2.54415370E-8	8.03210655E-6	2.12218969E-4
2.50500000E+2	4.86116232E-9	2.09229897E-8	1.35088763E-6	1.74527793E-4
2.51000000E+2	4.59761134E-9	2.36073132E-8	7.53713130E-7	1.96918907E-4
2.51500000E+2	4.65700894E-9	2.07924358E-8	5.05578209E-7	1.73438786E-4
2.52000000E+2	6.08818580E-9	3.04393805E-8	5.11096803E-7	2.53908164E-4
2.52500000E+2	5.43942037E-9	2.08550561E-8	3.94348660E-7	1.73961129E-4
2.53000000E+2	4.54845285E-9	1.96902025E-8	4.13797745E-7	1.64244577E-4
2.53500000E+2	4.78217456E-9	2.08833963E-8	3.71535945E-7	1.74197528E-4
2.54000000E+2	5.54676170E-9	2.23897662E-8	3.29229779E-7	1.86762816E-4
2.54500000E+2	4.70687347E-9	2.62578720E-8	3.26200402E-7	2.19028376E-4
2.55000000E+2	3.15756344E-8	1.90313472E-8	3.29536053E-7	1.58748777E-4
2.55500000E+2	4.25573552E-9	2.68322682E-8	3.12162032E-7	2.23819666E-4
2.56000000E+2	4.20837963E-9	1.82239849E-8	3.72720311E-7	1.52014216E-4
2.56500000E+2	4.44501337E-9	2.51225034E-8	3.67536459E-7	2.09557771E-4
2.57000000E+2	5.86977151E-9	2.44667960E-8	3.47497012E-7	2.04088229E-4
2.57500000E+2	4.69330201E-9	2.05539075E-8	2.85372583E-7	1.71449117E-4
2.58000000E+2	4.75865715E-9	2.81859644E-8	2.84602452E-7	2.35111436E-4
2.58500000E+2	6.07302998E-9	2.61047247E-8	3.02916252E-7	2.17750907E-4
2.59000000E+2	3.70105863E-9	2.23819860E-8	3.60267912E-7	1.86697918E-4
2.59500000E+2	5.12949151E-9	2.15499121E-8	3.56640771E-7	1.79757226E-4
2.60000000E+2	4.24557438E-8	1.89888809E-8	3.05704255E-7	1.58394547E-4
2.60500000E+2	4.26007538E-9	2.13340136E-8	2.81863446E-7	1.77956323E-4
2.61000000E+2	5.41564854E-9	1.89862460E-8	3.45220451E-7	1.58372568E-4
2.61500000E+2	4.89182778E-9	2.12235542E-8	3.41131485E-7	1.77034933E-4
2.62000000E+2	4.61874441E-9	2.12022034E-8	3.60724051E-7	1.76856837E-4
2.62500000E+2	4.04270088E-9	2.28864457E-8	2.91122640E-7	1.90905837E-4
2.63000000E+2	4.98904040E-9	2.40227595E-8	3.07780160E-7	2.00384327E-4
2.63500000E+2	6.15546296E-9	2.09477230E-8	3.46362497E-7	1.74734104E-4
2.64000000E+2	4.09398042E-9	1.89907704E-8	6.58465657E-7	1.58410308E-4
2.64500000E+2	4.07673580E-9	2.35366412E-8	5.30708371E-7	1.96329402E-4
2.65000000E+2	7.11573486E-8	3.59488988E-8	3.31445773E-7	2.99865462E-4
2.65500000E+2	4.73001523E-9	2.10649710E-8	3.46449908E-7	1.75712121E-4
2.66000000E+2	4.51632781E-9	1.86089052E-8	3.00421898E-7	1.55225004E-4
2.66500000E+2	5.08854949E-9	1.75750248E-8	2.94879303E-7	1.46600956E-4
2.67000000E+2	4.36202779E-9	1.63439318E-8	2.97033767E-7	1.36331871E-4
2.67500000E+2	4.50904286E-9	1.89109787E-8	2.79533133E-7	1.57744731E-4
2.68000000E+2	4.09930080E-9	1.85087017E-8	3.21432022E-7	1.54389162E-4
2.68500000E+2	4.99628950E-9	2.09736416E-8	3.27366765E-7	1.74950303E-4
2.69000000E+2	6.40683695E-9	2.30710867E-8	3.10574003E-7	1.92446008E-4
2.69500000E+2	5.70342514E-9	1.91360754E-8	3.34905579E-7	1.59622361E-4
2.70000000E+2	3.92219960E-8	1.86016151E-8	2.92466078E-7	1.55164194E-4
2.70500000E+2	6.89108137E-9	3.56196511E-8	3.16788849E-7	2.97119063E-4
2.71000000E+2	4.63699172E-9	3.22178197E-8	3.18629666E-7	2.68742902E-4
2.71500000E+2	5.11567035E-9	1.83743261E-8	2.97090279E-7	1.53268277E-4
2.72000000E+2	4.42899090E-9	1.87785806E-8	2.93854152E-7	1.56640341E-4
2.72500000E+2	5.38643495E-9	2.27324638E-8	3.08558801E-7	1.89621407E-4
2.73000000E+2	4.68329019E-9	1.95830232E-8	2.92789122E-7	1.63350547E-4
2.73500000E+2	4.41224708E-9	3.72294713E-8	3.51610015E-7	3.10547276E-4
2.74000000E+2	6.12033754E-9	2.07576952E-8	3.05401018E-7	1.73148999E-4
2.74500000E+2	4.32916056E-9	2.18966055E-8	3.21495918E-7	1.82649148E-4
2.75000000E+2	4.58442008E-8	2.21241001E-8	3.11124400E-7	1.84546779E-4
2.75500000E+2	4.75685104E-9	1.77767512E-8	2.79958972E-7	1.48283644E-4
2.76000000E+2	4.93449692E-9	1.79637205E-8	2.98810842E-7	1.49843237E-4
2.76500000E+2	4.69303681E-9	2.04007419E-8	2.99460580E-7	1.70171497E-4
2.77000000E+2	7.68070807E-9	2.19293424E-8	2.76682952E-7	1.82922220E-4
2.77500000E+2	5.96051153E-9	2.05079338E-8	2.99988493E-7	1.71065631E-4
2.78000000E+2	4.39726558E-9	1.95721927E-8	2.96574071E-7	1.63260206E-4
2.78500000E+2	5.28919912E-9	2.04365165E-8	2.92815114E-7	1.70469907E-4
2.79000000E+2	5.81299227E-9	2.04786222E-8	3.29874505E-7	1.70821130E-4
2.79500000E+2	4.23263826E-9	2.08786341E-8	3.39699068E-7	1.74157804E-4
2.80000000E+2	7.07501956E-8	2.02942566E-8	3.07504957E-7	1.69283255E-4
2.80500000E+2	6.14366406E-9	3.38061038E-8	3.43953608E-7	2.81991473E-4
2.81000000E+2	5.85259827E-9	2.73646325E-8	2.91405129E-7	2.28260349E-4
2.81500000E+2	4.43114211E-9	2.34677048E-8	2.84516445E-7	1.95754373E-4
2.82000000E+2	4.07122468E-9	1.86830391E-8	3.00503052E-7	1.55843387E-4
2.82500000E+2	3.85144844E-9	2.09347340E-8	2.77414234E-7	1.74625757E-4
2.83000000E+2	6.81237993E-9	1.93426978E-8	3.17031882E-7	1.61345889E-4
2.83500000E+2	4.70179628E-9	2.23619335E-8	2.86665399E-7	1.86530652E-4
2.84000000E+2	4.53285778E-9	2.42645782E-8	3.41528157E-7	2.02401442E-4
2.84500000E+2	4.04694506E-9	2.64166399E-8	2.76303245E-7	2.20352728E-4
2.85000000E+2	5.79212336E-8	2.43521299E-8	3.15768080E-7	2.03131749E-4
2.85500000E+2	7.29146826E-9	2.18252794E-8	3.34029322E-7	1.82054186E-4
2.86000000E+2	4.33535829E-9	1.83933960E-8	3.01478973E-7	1.53427348E-4
2.86500000E+2	5.71222844E-9	2.33935259E-8	3.08530724E-7	1.95135614E-4
2.87000000E+2	4.26929222E-9	2.05032676E-8	2.66460738E-7	1.71026708E-4
2.87500000E+2	4.41767628E-9	1.84139493E-8	2.84873108E-7	1.53598792E-4
2.88000000E+2	5.21852020E-9	1.81215074E-8	3.24770910E-7	1.51159406E-4
2.88500000E+2	4.57959860E-9	2.06759975E-8	2.90370725E-7	1.72467523E-4
2.89000000E+2	4.08232332E-9	2.46448187E-8	3.59658439E-7	2.05573194E-4
2.89500000E+2	4.92971882E-9	1.89871573E-8	3.01514904E-7	1.58380170E-4
2.90000000E+2	3.38738026E-8	2.09720607E-8	4.04478989E-7	1.74937116E-4
2.90500000E+2	5.17477751E-9	1.82697455E-8	2.70492174E-7	1.52395925E-4
2.91000000E+2	5.74191937E-9	2.01146828E-8	2.92732815E-7	1.67785353E-4
2.91500000E+2	5.33808735E-9	2.26487361E-8	2.89026470E-7	1.88922998E-4
2.92000000E+2	3.94951559E-9	2.03225300E-8	2.68080786E-7	1.69519096E-4
2.92500000E+2	4.34676962E-9	1.96100627E-8	2.93049111E-7	1.63576096E-4
2.93000000E+2	5.76702526E-9	2.13263348E-8	2.95924204E-7	1.77892271E-4
2.93500000E+2	4.03948409E-9	2.36638921E-8	3.00661702E-7	1.97390857E-4
2.94000000E+2	4.11367321E-9	1.92835939E-8	3.10834818E-7	1.60852877E-4
2.94500000E+2	4.66736338E-9	2.70768264E-8	2.91486683E-7	2.25859632E-4
2.95000000E+2	4.88935556E-8	2.70573277E-8	3.44176742E-7	2.25696985E-4
2.95500000E+2	4.63877025E-9	1.70995959E-8	2.84378835E-7	1.42635196E-4
2.96000000E+2	6.35279925E-9	1.83464663E-8	2.83025162E-7	1.53035886E-4
2.96500000E+2	6.05101704E-9	2.31109964E-8	3.04380873E-7	1.92778912E-4
2.97000000E+2	4.50040519E-9	2.01925308E-8	3.59407367E-7	1.68434716E-4
2.97500000E+2	4.54987471E-9	2.26970135E-8	3.56983286E-7	1.89325701E-4
2.98000000E+2	4.21596128E-9	3.04584879E-8	4.46701017E-7	2.54067547E-4
2.98500000E+2	6.33606153E-9	1.82236635E-8	2.84374860E-7	1.52011535E-4
2.99000000E+2	5.39643687E-9	1.78891935E-8	3.91441850E-7	1.49221574E-4
2.99500000E+2	4.62894181E-9	2.02762462E-8	3.87080744E-7	1.69133024E-4
3.00000000E+2	3.27569865E-8	1.69484943E-8	7.04438907E-7	1.41374792E-4
3.00500000E+2	4.72761470E-9	1.74949825E-8	3.59050727E-7	1.45933288E-4
3.01000000E+2	4.59955850E-9	2.10156328E-8	3.39288465E-7	1.75300569E-4
3.01500000E+2	4.54881493E-9	1.74942508E-8	3.00136559E-7	1.45927185E-4
3.02000000E+2	4.29653466E-9	2.23376850E-8	3.08742848E-7	1.86328384E-4
3.02500000E+2	4.07010689E-9	2.24974725E-8	3.62217961E-7	1.87661241E-4
3.03000000E+2	7.41037666E-9	1.77932838E-8	3.18069088E-7	1.48421550E-4
3.03500000E+2	4.82186520E-9	2.45080185E-8	3.89219737E-7	2.04432084E-4
3.04000000E+2	5.09962773E-9	2.23796552E-8	3.63197720E-7	1.86678476E-4
3.04500000E+2	4.74050123E-9	1.76251726E-8	4.23192503E-7	1.47019261E-4
3.05000000E+2	4.80389776E-8	2.35742072E-8	3.44639892E-7	1.96642756E-4
3.05500000E+2	4.07236549E-9	3.11945184E-8	4.37158957E-7	2.60207099E-4
3.06000000E+2	5.10805982E-9	2.28799408E-8	3.16659691E-7	1.90851576E-4
3.06500000E+2	5.08075402E-9	2.11285346E-8	3.20926456E-7	1.76242333E-4
3.07000000E+2	4.29858967E-9	1.99906236E-8	2.90318567E-7	1.66750520E-4
3.07500000E+2	4.20078540E-9	2.15967954E-8	2.76152771E-7	1.80148301E-4
3.08000000E+2	5.03762339E-9	2.40717246E-8	3.31304183E-7	2.00792766E-4
3.08500000E+2	4.31467851E-9	2.07172894E-8	2.97733941E-7	1.72811957E-4
3.09000000E+2	4.21924967E-9	1.90173749E-8	3.07817235E-7	1.58632228E-4
3.09500000E+2	5.17068784E-9	2.15664440E-8	3.04282804E-7	1.79895127E-4
3.10000000E+2	3.76575656E-8	1.69936791E-8	3.13037662E-7	1.41751697E-4
3.10500000E+2	5.19563270E-9	2.23170868E-8	3.95133736E-7	1.86156566E-4
3.11000000E+2	5.47945991E-9	2.28651137E-8	3.29565462E-7	1.90727897E-4
3.11500000E+2	6.51395587E-9	2.80768640E-8	3.79411715E-7	2.34201382E-4
3.12000000E+2	5.33495473E-9	1.67437763E-8	2.79251196E-7	1.39667149E-4
3.12500000E+2	4.66988539E-9	2.54294661E-8	3.18209776E-7	2.12118281E-4
3.13000000E+2	4.27872288E-9	1.70156907E-8	2.91307329E-7	1.41935306E-4
3.13500000E+2	4.52036416E-9	2.36085011E-8	2.83801655E-7	1.96928817E-4
3.14000000E+2	4.70331766E-9	1.78895786E-8	2.88585011E-7	1.49224787E-4
3.14500000E+2	4.63609044E-9	2.23890449E-8	3.33165671E-7	1.86756800E-4
3.15000000E+2	5.17973796E-8	1.92606323E-8	2.72060947E-7	1.60661345E-4
3.15500000E+2	4.37912038E-9	1.74666146E-8	3.11048822E-7	1.45696659E-4
3.16000000E+2	5.26303054E-9	1.97102947E-8	2.61274094E-7	1.64412175E-4
3.16500000E+2	5.56922630E-9	1.86725030E-8	2.67737476E-7	1.55755501E-4
3.17000000E+2	4.54044566E-9	1.97416277E-8	2.58677008E-7	1.64673537E-4
3.17500000E+2	4.61432002E-9	2.51724067E-8	3.04839870E-7	2.09974036E-4
3.18000000E+2	4.63366390E-9	2.44442332E-8	2.79085286E-7	2.03900023E-4
3.18500000E+2	4.64038924E-9	2.03833344E-8	3.10718560E-7	1.70026293E-4
3.19000000E+2	5.56762867E-9	2.32457634E-8	2.63693338E-7	1.93903063E-4
3.19500000E+2	4.39162302E-9	2.09079383E-8	2.64407757E-7	1.74402243E-4
3.20000000E+2	5.90580008E-8	1.80784385E-8	3.07302422E-7	1.50800150E-4
3.20500000E+2	5.73537177E-9	1.81248938E-8	2.98193487E-7	1.51187653E-4
3.21000000E+2	6.42656306E-9	1.93707539E-8	2.87665298E-7	1.61579916E-4
3.21500000E+2	4.49141085E-9	2.52088131E-8	3.06954642E-7	2.10277717E-4
3.22000000E+2	4.15862159E-9	2.09461225E-8	2.49509355E-7	1.74720754E-4
3.22500000E+2	7.21705014E-9	1.78478961E-8	3.03593945E-7	1.48877095E-4
3.23000000E+2	4.66732374E-9	2.24301903E-8	2.68471952E-7	1.87100012E-4
3.23500000E+2	5.64027843E-9	1.75998356E-8	2.64365984E-7	1.46807914E-4
3.24000000E+2	4.33160917E-9	1.97018893E-8	2.58380326E-7	1.64342061E-4
3.24500000E+2	5.75021178E-9	1.85235233E-8	2.75268055E-7	1.54512796E-4
3.25000000E+2	9.99783340E-8	2.64711924E-8	3.42800319E-7	2.20807774E-4
3.25500000E+2	5.17237498E-9	1.86671535E-8	2.64001848E-7	1.55710879E-4
3.26000000E+2	5.58307368E-9	2.49781394E-8	2.53001827E-7	2.08353568E-4
3.26500000E+2	4.51342915E-9	1.83261801E-8	2.77846549E-7	1.52866670E-4
3.27000000E+2	7.57356709E-9	1.78571190E-8	2.69309806E-7	1.48954027E-4
3.27500000E+2	4.67172995E-9	2.00339387E-8	3.20780529E-7	1.67111830E-4
3.28000000E+2	6.24452547E-9	1.82605077E-8	3.02255814E-7	1.52318868E-4
3.28500000E+2	4.26095056E-9	1.77368195E-8	2.71951469E-7	1.47950557E-4
3.29000000E+2	4.95388356E-9	1.98483204E-8	2.83080131E-7	1.65563507E-4
3.29500000E+2	8.12981632E-9	2.01755699E-8	2.50728470E-7	1.68293238E-4
3.30000000E+2	3.91549547E-8	1.76324822E-8	2.75615266E-7	1.47080233E-4
3.30500000E+2	4.38088057E-9	2.85369157E-8	2.72908065E-7	2.38038874E-4
3.31000000E+2	4.43469639E-9	2.00273124E-8	2.64354369E-7	1.67056557E-4
3.31500000E+2	5.41165870E-9	1.72863671E-8	2.98482476E-7	1.44193136E-4
3.32000000E+2	5.25143915E-9	2.32841814E-8	2.98997416E-7	1.94223524E-4
3.32500000E+2	4.61497949E-9	1.88495157E-8	2.89086351E-7	1.57232042E-4
3.33000000E+2	4.63576968E-9	1.79102588E-8	4.03965871E-7	1.49397289E-4
3.33500000E+2	6.68268446E-9	2.40849611E-8	7.29951331E-7	2.00903177E-4
3.34000000E+2	4.23411595E-9	2.32700454E-8	2.93629172E-7	1.94105610E-4
3.34500000E+2	4.08894410E-9	2.53038392E-8	2.85025654E-7	2.11070372E-4
3.35000000E+2	2.30925708E-8	3.09215830E-8	4.17356696E-7	2.57930426E-4
3.35500000E+2	4.45739281E-9	2.25961538E-8	2.78378496E-7	1.88484385E-4
3.36000000E+2	4.40325451E-9	1.78788854E-8	3.49846473E-7	1.49135590E-4
3.36500000E+2	4.89415568E-9	2.10249801E-8	2.90122676E-7	1.75378539E-4
3.37000000E+2	4.20409071E-9	2.03032425E-8	3.02410308E-7	1.69358211E-4
3.37500000E+2	5.22893081E-9	2.02442906E-8	2.60849863E-7	1.68866467E-4
3.38000000E+2	4.25633090E-9	1.75131933E-8	2.66656432E-7	1.46085192E-4
3.38500000E+2	6.22713591E-9	1.76499291E-8	2.65671990E-7	1.47225766E-4
3.39000000E+2	5.52434335E-9	2.86599507E-8	2.52854152E-7	2.39065163E-4
3.39500000E+2	4.67629059E-9	2.49847140E-8	2.74039864E-7	2.08408409E-4
3.40000000E+2	4.28005998E-8	2.17542320E-8	2.60451795E-7	1.81461548E-4
3.40500000E+2	3.92134740E-9	1.67971455E-8	2.71338814E-7	1.40112325E-4
3.41000000E+2	4.24578614E-9	1.80745965E-8	2.85446339E-7	1.50768101E-4
3.41500000E+2	4.47881311E-9	1.82886459E-8	2.68678703E-7	1.52553581E-4
3.42000000E+2	4.25758023E-9	2.77757761E-8	2.58341048E-7	2.31689877E-4
3.42500000E+2	4.84151409E-9	1.79000962E-8	3.31419105E-7	1.49312519E-4
3.43000000E+2	5.22383879E-9	2.66733390E-8	2.89988359E-7	2.22493967E-4
3.43500000E+2	4.90926732E-9	2.45733071E-8	2.85323724E-7	2.04976684E-4
3.44000000E+2	4.76537809E-9	2.02918833E-8	3.07706415E-7	1.69263459E-4
3.44500000E+2	4.44024577E-9	1.71367788E-8	3.23766346E-7	1.42945355E-4
3.45000000E+2	4.68218505E-8	1.99049520E-8	2.81514725E-7	1.66035896E-4
3.45500000E+2	4.74363896E-9	2.99033784E-8	3.64553123E-7	2.49437137E-4
3.46000000E+2	5.05175352E-9	2.36015882E-8	3.21631281E-7	1.96871152E-4
3.46500000E+2	5.52805909E-9	2.00439343E-8	3.11075354E-7	1.67195208E-4
3.47000000E+2	5.25696147E-9	2.31262833E-8	3.07072963E-7	1.92906427E-4
3.47500000E+2	5.32257347E-9	2.08387976E-8	3.73396262E-7	1.73825510E-4
3.48000000E+2	4.29953768E-9	2.11282345E-8	4.16185713E-7	1.76239830E-4
3.48500000E+2	4.84065167E-9	2.07061308E-8	4.97516155E-7	1.72718878E-4
3.49000000E+2	3.57849834E-9	1.93481312E-8	5.77366900E-7	1.61391211E-4
3.49500000E+2	5.50518792E-9	2.21553165E-8	1.33288514E-6	1.84807169E-4
3.50000000E+2	9.31116068E-8	1.91472284E-8	5.66419668E-6	1.59715392E-4
3.50500000E+2	5.49500059E-9	2.15821619E-8	1.44879262E-6	1.80026236E-4
3.51000000E+2	4.64945376E-9	2.15906237E-8	6.82142068E-7	1.80096820E-4
3.51500000E+2	5.05006407E-9	1.78350774E-8	5.52470048E-7	1.48770168E-4
3.52000000E+2	4.55592876E-9	2.98199607E-8	4.52120046E-7	2.48741313E-4
3.52500000E+2	5.69170027E-9	1.82715058E-8	4.63708994E-7	1.52410608E-4
3.53000000E+2	6.73936905E-9	1.60024260E-8	3.85794855E-7	1.33483223E-4
3.53500000E+2	4.15588718E-9	2.02196887E-8	3.27410525E-7	1.68661252E-4
3.54000000E+2	4.83832070E-9	1.99685519E-8	3.02167065E-7	1.66566411E-4
3.54500000E+2	4.56776122E-9	1.61277675E-8	2.95234094E-7	1.34528751E-4
3.55000000E+2	3.71849071E-8	2.63071495E-8	3.48752407E-7	2.19439421E-4
3.55500000E+2	4.72496024E-9	1.88960049E-8	2.88638667E-7	1.57619828E-4
3.56000000E+2	7.15364209E-9	1.62251469E-8	2.95550576E-7	1.35341035E-4
3.56500000E+2	4.76342517E-9	1.92243097E-8	3.03552025E-7	1.60358362E-4
3.57000000E+2	5.13467455E-9	1.97207334E-8	2.87928796E-7	1.64499248E-4
3.57500000E+2	4.31863259E-9	3.46461817E-8	3.67176848E-7	2.88998930E-4
3.58000000E+2	4.96841786E-9	2.33715815E-8	2.82123652E-7	1.94952566E-4
3.58500000E+2	4.55500492E-9	1.61655140E-8	2.75812691E-7	1.34843611E-4
3.59000000E+2	4.73304257E-9	2.56609901E-8	2.49304003E-7	2.14049523E-4
3.59500000E+2	6.20562064E-9	1.90647414E-8	2.87481112E-7	1.59027333E-4
3.60000000E+2	5.99061832E-8	1.69028593E-8	2.93007533E-7	1.40994130E-4
3.60500000E+2	7.49434002E-9	2.46837198E-8	2.97174511E-7	2.05897685E-4
3.61000000E+2	4.56649618E-9	1.59819099E-8	2.92640986E-7	1.33312089E-4
3.61500000E+2	4.31713076E-9	2.23342865E-8	2.72495956E-7	1.86300036E-4
3.62000000E+2	5.20499854E-9	1.94813379E-8	2.46946796E-7	1.62502346E-4
3.62500000E+2	4.48613178E-9	1.99921233E-8	2.74445117E-7	1.66763030E-4
3.63000000E+2	5.10547075E-9	2.28008400E-8	2.53152973E-7	1.90191762E-4
3.63500000E+2	5.19811533E-9	1.82411024E-8	2.58201506E-7	1.52157000E-4
3.64000000E+2	5.81796922E-9	2.47358563E-8	2.63729489E-7	2.06332578E-4
3.64500000E+2	4.49941711E-9	2.00565542E-8	2.90582327E-7	1.67300476E-4
3.65000000E+2	8.20083064E-8	1.92346546E-8	2.48489036E-7	1.60444653E-4
3.65500000E+2	4.78773304E-9	1.84529131E-8	2.49654717E-7	1.53923806E-4
3.66000000E+2	5.52560175E-9	1.91078697E-8	2.47729299E-7	1.59387085E-4
3.66500000E+2	4.92819943E-9	2.87845852E-8	3.25701446E-7	2.40104794E-4
3.67000000E+2	4.35639761E-9	1.92490607E-8	2.66515416E-7	1.60564820E-4
3.67500000E+2	4.63008890E-9	1.69481310E-8	3.02929829E-7	1.41371761E-4
3.68000000E+2	4.62885701E-9	2.08405934E-8	2.44119940E-7	1.73840490E-4
3.68500000E+2	4.58027626E-9	2.16639528E-8	2.39406902E-7	1.80708489E-4
3.69000000E+2	4.65392577E-9	2.56536922E-8	3.35544742E-7	2.13988648E-4
3.69500000E+2	4.29434867E-9	2.07303644E-8	2.43933826E-7	1.72921021E-4
3.70000000E+2	3.70701170E-8	1.94100184E-8	2.51190649E-7	1.61907439E-4
3.70500000E+2	5.32295521E-9	1.88097042E-8	2.74642544E-7	1.56899956E-4
3.71000000E+2	4.30343889E-9	1.92782722E-8	2.61538521E-7	1.60808486E-4
3.71500000E+2	4.54337174E-9	2.45097692E-8	2.66861795E-7	2.04446687E-4
3.72000000E+2	5.98077263E-9	2.00682752E-8	3.21362213E-7	1.67398246E-4
3.72500000E+2	4.38908944E-9	2.48098992E-8	2.57803582E-7	2.06950202E-4
3.73000000E+2	5.56249283E-9	1.78773381E-8	2.63989026E-7	1.49122683E-4
3.73500000E+2	4.95886104E-9	1.88770406E-8	2.79197579E-7	1.57461638E-4
3.74000000E+2	4.86594503E-9	1.97852425E-8	2.63033874E-7	1.65037347E-4
3.74500000E+2	4.82181391E-9	1.91587108E-8	2.46046027E-7	1.59811173E-4
3.75000000E+2	2.35232457E-8	2.51232821E-8	2.86744294E-7	2.09564266E-4
3.75500000E+2	5.07169300E-9	2.10838953E-8	2.89192015E-7	1.75869977E-4
3.76000000E+2	5.26415317E-9	2.32312353E-8	2.78216747E-7	1.93781878E-4
3.76500000E+2	5.30954887E-9	2.30654064E-8	2.99147054E-7	1.92398626E-4
3.77000000E+2	4.42472183E-9	1.94716342E-8	3.30237256E-7	1.62421403E-4
3.77500000E+2	5.56365324E-9	1.98141233E-8	3.48250547E-7	1.65278254E-4
3.78000000E+2	4.77046088E-9	2.20217764E-8	2.49373019E-7	1.83693253E-4
3.78500000E+2	4.43788675E-9	1.90160034E-8	2.55925636E-7	1.58620788E-4
3.79000000E+2	4.23075368E-9	2.45701845E-8	3.01314412E-7	2.04950637E-4
3.79500000E+2	5.67497116E-9	2.57595394E-8	2.79367708E-7	2.14871566E-4
3.80000000E+2	6.05040501E-8	1.93808851E-8	2.95967085E-7	1.61664426E-4
3.80500000E+2	4.86388937E-9	2.17740909E-8	3.01757303E-7	1.81627200E-4
3.81000000E+2	5.46274492E-9	1.83004831E-8	2.71589110E-7	1.52652320E-4
3.81500000E+2	4.14629067E-9	2.63001215E-8	2.61025972E-7	2.19380797E-4
3.82000000E+2	5.85163697E-9	1.86638959E-8	2.53628003E-7	1.55683705E-4
3.82500000E+2	4.07937020E-9	2.23246418E-8	2.56809398E-7	1.86219586E-4
3.83000000E+2	3.93163545E-9	2.38903587E-8	2.57342901E-7	1.99279914E-4
3.83500000E+2	6.90550017E-9	2.83540523E-8	2.34199246E-7	2.36513531E-4
3.84000000E+2	5.17265239E-9	2.43892205E-8	3.40412271E-7	2.03441138E-4
3.84500000E+2	4.33583894E-9	1.74753781E-8	2.41451258E-7	1.45769760E-4
3.85000000E+2	7.15303595E-8	1.90911943E-8	2.51061287E-7	1.59247988E-4
3.85500000E+2	5.75404648E-9	2.44391309E-8	2.48668179E-7	2.03857463E-4
3.86000000E+2	4.41371598E-9	3.60355640E-8	2.63972509E-7	3.00588374E-4
3.86500000E+2	5.66387463E-9	2.44026123E-8	2.62426068E-7	2.03552845E-4
3.87000000E+2	4.73779487E-9	2.01546658E-8	2.54379802E-7	1.68118868E-4
3.87500000E+2	6.30221483E-9	1.73442902E-8	2.72171343E-7	1.44676298E-4
3.88000000E+2	5.60187797E-9	1.65977395E-8	3.06746759E-7	1.38448992E-4
3.88500000E+2	5.40161237E-9	1.90369478E-8	2.63690508E-7	1.58795494E-4
3.89000000E+2	4.83999154E-9	1.75305892E-8	2.73159808E-7	1.46230299E-4
3.89500000E+2	4.60481036E-9	2.06322228E-8	3.14128237E-7	1.72102379E-4
3.90000000E+2	8.32639362E-8	2.04274263E-8	2.83257822E-7	1.70394082E-4
3.90500000E+2	5.36631694E-9	1.92144309E-8	2.64253724E-7	1.60275958E-4
3.91000000E+2	4.93554661E-9	1.94659904E-8	3.04138454E-7	1.62374326E-4
3.91500000E+2	4.74883446E-9	2.43194301E-8	2.62757391E-7	2.02858986E-4
3.92000000E+2	4.45477652E-9	1.82047080E-8	2.65306785E-7	1.51853419E-4
3.92500000E+2	5.86020887E-9	2.23643995E-8	2.96565387E-7	1.86551222E-4
3.93000000E+2	6.82721740E-9	1.77885128E-8	2.56429173E-7	1.48381753E-4
3.93500000E+2	5.33258167E-9	2.74797921E-8	4.18965123E-7	2.29220945E-4
3.94000000E+2	5.85590450E-9	1.89706009E-8	2.82414929E-7	1.58242065E-4
3.94500000E+2	4.46360805E-9	1.73518518E-8	3.52793701E-7	1.44739372E-4
3.95000000E+2	4.44481352E-8	2.62981168E-8	2.68129803E-7	2.19364076E-4
3.95500000E+2	4.72587030E-9	2.53058130E-8	3.23205915E-7	2.11086836E-4
3.96000000E+2	5.60645642E-9	2.35355662E-8	2.99333980E-7	1.96320434E-4
3.96500000E+2	4.99140200E-9	1.76005118E-8	3.07553284E-7	1.46813554E-4
3.97000000E+2	5.13621927E-9	1.92822191E-8	2.98986668E-7	1.60841409E-4
3.97500000E+2	4.77943070E-9	1.62435004E-8	2.85637510E-7	1.35494130E-4
3.98000000E+2	4.26213159E-9	1.81316654E-8	2.95295178E-7	1.51244138E-4
3.98500000E+2	4.61070930E-9	1.78484873E-8	2.85790343E-7	1.48882026E-4
3.99000000E+2	5.52272151E-9	1.88186361E-8	3.05119141E-7	1.56974461E-4
3.99500000E+2	5.22615869E-9	3.15362366E-8	3.17753047E-7	2.63057520E-4
4.00000000E+2	3.30041206E-8	3.18900161E-8	4.28112462E-7	2.66008549E-4
4.00500000E+2	4.21483737E-9	1.61864610E-8	3.06979877E-7	1.35018339E-4
4.01000000E+2	8.00441065E-9	2.40708423E-8	3.08334460E-7	2.00785406E-4
4.01500000E+2	4.12052202E-9	1.79498803E-8	2.91076737E-7	1.49727790E-4
4.02000000E+2	5.07432261E-9	2.51509278E-8	3.54480209E-7	2.09794871E-4
4.02500000E+2	4.68736127E-9	1.74397388E-8	2.75841390E-7	1.45472476E-4
4.03000000E+2	4.10143796E-9	1.80669562E-8	4.12012310E-7	1.50704371E-4
4.03500000E+2	5.09277777E-9	2.00735785E-8	2.78044605E-7	1.67442484E-4
4.04000000E+2	5.37352549E-9	1.68761990E-8	3.07549416E-7	1.40771745E-4
4.04500000E+2	5.61753950E-9	1.89998493E-8	2.89242806E-7	1.58486039E-4
4.05000000E+2	4.36460739E-8	2.10459947E-8	3.08512948E-7	1.75553832E-4
4.05500000E+2	8.36799564E-9	1.99561466E-8	2.93181067E-7	1.66462933E-4
4.06000000E+2	4.46527169E-9	2.66704873E-8	2.82336691E-7	2.22470180E-4
4.06500000E+2	5.55637038E-9	2.12393982E-8	2.87237622E-7	1.77167095E-4
4.07000000E+2	7.18343595E-9	2.08200682E-8	2.73881272E-7	1.73669280E-4
4.07500000E+2	4.83713364E-9	2.10924345E-8	2.71370601E-7	1.75941206E-4
4.08000000E+2	4.54643357E-9	1.69110421E-8	2.87706765E-7	1.41062386E-4
4.08500000E+2	5.25208636E-9	1.81749537E-8	2.74439677E-7	1.51605225E-4
4.09000000E+2	4.73231244E-9	2.54514525E-8	2.64431844E-7	2.12301679E-4
4.09500000E+2	4.53500893E-9	2.38275887E-8	2.54098939E-7	1.98756321E-4
4.10000000E+2	5.46144740E-8	2.03427581E-8	2.56106997E-7	1.69687828E-4
4.10500000E+2	5.01945307E-9	1.76658025E-8	2.49499263E-7	1.47358172E-4
4.11000000E+2	5.07658655E-9	1.91772466E-8	2.41827231E-7	1.59965787E-4
4.11500000E+2	4.86559209E-9	1.92079457E-8	2.48827009E-7	1.60221862E-4
4.12000000E+2	4.87380292E-9	2.65429126E-8	2.52367954E-7	2.21406024E-4
4.12500000E+2	4.88897528E-9	1.90090277E-8	2.44475837E-7	1.58562600E-4
4.13000000E+2	4.90767636E-9	1.99662546E-8	2.94926546E-7	1.66547248E-4
4.13500000E+2	4.28789648E-9	2.49958665E-8	2.64742931E-7	2.08501437E-4
4.14000000E+2	5.74233261E-9	2.70384164E-8	3.17189728E-7	2.25539238E-4
4.14500000E+2	5.48564674E-9	1.89617040E-8	2.74050527E-7	1.58167852E-4
4.15000000E+2	4.17456298E-8	1.93674491E-8	2.88443586E-7	1.61552350E-4
4.15500000E+2	6.19579766E-9	3.62377803E-8	3.30803568E-7	3.02275149E-4
4.16000000E+2	4.40043141E-9	2.05678934E-8	2.32884176E-7	1.71565780E-4
4.16500000E+2	4.83918671E-9	1.80496881E-8	2.86108601E-7	1.50560329E-4
4.17000000E+2	6.86998105E-9	1.64754213E-8	2.57819800E-7	1.37428683E-4
4.17500000E+2	4.37420729E-9	1.91017220E-8	2.42826367E-7	1.59335804E-4
4.18000000E+2	4.74296427E-9	1.65142009E-8	2.44685866E-7	1.37752160E-4
4.18500000E+2	4.39563088E-9	3.00361929E-8	2.64377574E-7	2.50545000E-4
4.19000000E+2	5.87223429E-9	2.61983986E-8	2.25415607E-7	2.18532283E-4
4.19500000E+2	4.58826155E-9	1.70662616E-8	2.29223148E-7	1.42357140E-4
4.20000000E+2	6.43325139E-8	1.89589113E-8	2.37414517E-7	1.58144558E-4
4.20500000E+2	5.13853104E-9	2.21277695E-8	2.51438345E-7	1.84577388E-4
4.21000000E+2	6.28530382E-9	2.17134341E-8	2.70482676E-7	1.81121235E-4
4.21500000E+2	8.69565636E-9	2.36380686E-8	2.33512887E-7	1.97175451E-4
4.22000000E+2	4.31451065E-9	2.14839759E-8	2.84994052E-7	1.79207224E-4
4.22500000E+2	3.72573747E-9	2.12435921E-8	2.52232936E-7	1.77202078E-4
4.23000000E+2	4.62285963E-9	2.18321801E-8	2.65885307E-7	1.82111747E-4
4.23500000E+2	5.81459422E-9	1.68911449E-8	2.72659008E-7	1.40896415E-4
4.24000000E+2	4.90614466E-9	1.93876858E-8	2.35577886E-7	1.61721153E-4
4.24500000E+2	4.96895343E-9	2.68762259E-8	2.62897784E-7	2.24186336E-4
4.25000000E+2	6.54929923E-8	1.64104484E-8	2.51449784E-7	1.36886716E-4
4.25500000E+2	5.23612881E-9	2.01011715E-8	2.41870478E-7	1.67672649E-4
4.26000000E+2	4.58371198E-9	1.88237809E-8	2.56383129E-7	1.57017376E-4
4.26500000E+2	5.04133193E-9	1.88807689E-8	3.24192685E-7	1.57492738E-4
4.27000000E+2	4.60508949E-9	2.14137224E-8	3.77341378E-7	1.78621209E-4
4.27500000E+2	4.72333513E-9	2.06303316E-8	2.39495283E-7	1.72086604E-4
4.28000000E+2	4.78843285E-9	2.47002421E-8	2.70590976E-7	2.06035505E-4
4.28500000E+2	6.74361812E-9	2.37072430E-8	2.64051672E-7	1.97752466E-4
4.29000000E+2	5.02460523E-9	2.26129203E-8	2.47956341E-7	1.88624242E-4
4.29500000E+2	4.25412734E-9	2.32965026E-8	3.61877907E-7	1.94326300E-4
4.30000000E+2	7.89913163E-8	2.04212194E-8	3.09317109E-7	1.70342308E-4
4.30500000E+2	4.90974244E-9	2.12469890E-8	3.07980625E-7	1.77230413E-4
4.31000000E+2	5.14625462E-9	2.84189985E-8	2.59408247E-7	2.37055276E-4
4.31500000E+2	5.80378682E-9	1.87987259E-8	2.60659360E-7	1.56808381E-4
4.32000000E+2	6.78342879E-9	1.98650763E-8	2.60372382E-7	1.65703275E-4
4.32500000E+2	4.69179489E-9	2.07626046E-8	2.72886388E-7	1.73189951E-4
4.33000000E+2	5.33716570E-9	2.60062169E-8	2.54915576E-7	2.16929211E-4
4.33500000E+2	5.87707954E-9	1.83354707E-8	2.51994909E-7	1.52944167E-4
4.34000000E+2	4.84080114E-9	1.86155265E-8	2.66025815E-7	1.55280235E-4
4.34500000E+2	5.98497385E-9	1.62258119E-8	2.55174329E-7	1.35346582E-4
4.35000000E+2	2.81066852E-8	2.52277716E-8	2.50936923E-7	2.10435859E-4
4.35500000E+2	4.79582694E-9	2.69404301E-8	2.48178718E-7	2.24721891E-4
4.36000000E+2	6.02300950E-9	2.01356587E-8	2.45693956E-7	1.67960322E-4
4.36500000E+2	4.42056120E-9	1.99024653E-8	2.63632491E-7	1.66015154E-4
4.37000000E+2	3.91516396E-9	2.25644353E-8	2.32544115E-7	1.88219807E-4
4.37500000E+2	5.46912440E-9	2.18129355E-8	2.44790142E-7	1.81951220E-4
4.38000000E+2	4.38642750E-9	2.34426470E-8	2.64230659E-7	1.95545355E-4
4.38500000E+2	6.58927103E-9	1.76395318E-8	2.74871792E-7	1.47139037E-4
4.39000000E+2	6.07299703E-9	1.96038916E-8	3.04246909E-7	1.63524620E-4
4.39500000E+2	4.42284708E-9	1.67314630E-8	2.43883373E-7	1.39564438E-4
4.40000000E+2	5.03754539E-8	2.40106089E-8	2.57076499E-7	2.00282973E-4
4.40500000E+2	4.06380015E-9	3.16391623E-8	3.61250655E-7	2.63916068E-4
4.41000000E+2	4.84054843E-9	2.20108712E-8	2.38908482E-7	1.83602288E-4
4.41500000E+2	4.31077773E-9	1.70595811E-8	2.84657300E-7	1.42301415E-4
4.42000000E+2	5.79574614E-9	2.26326715E-8	2.44760640E-7	1.88788996E-4
4.42500000E+2	5.57309211E-9	1.86947971E-8	2.72603912E-7	1.55941466E-4
4.43000000E+2	5.05877653E-9	2.90445029E-8	2.47728249E-7	2.42272881E-4
4.43500000E+2	7.04177579E-9	1.66995655E-8	2.53467977E-7	1.39298368E-4
4.44000000E+2	4.29496154E-9	2.01137085E-8	2.65041243E-7	1.67777225E-4
4.44500000E+2	6.87632559E-9	1.88288839E-8	2.87502324E-7	1.57059942E-4
4.45000000E+2	3.01109608E-8	2.48579873E-8	3.56034358E-7	2.07351326E-4
4.45500000E+2	5.06496972E-9	2.16303792E-8	2.99929547E-7	1.80428438E-4
4.46000000E+2	5.63294696E-9	1.92292115E-8	3.37948332E-7	1.60399249E-4
4.46500000E+2	4.02356325E-9	2.28975165E-8	3.01357418E-7	1.90998183E-4
4.47000000E+2	6.92339413E-9	2.03064461E-8	2.98897101E-7	1.69384934E-4
4.47500000E+2	4.90496944E-9	3.07132991E-8	3.14026552E-7	2.56193039E-4
4.48000000E+2	4.57330560E-9	2.17601659E-8	3.54867888E-7	1.81511046E-4
4.48500000E+2	5.89882825E-9	1.99938333E-8	4.47296877E-7	1.66777294E-4
4.49000000E+2	4.40024254E-9	1.99930434E-8	4.74537655E-7	1.66770705E-4
4.49500000E+2	4.61557477E-9	1.73607822E-8	1.04902291E-6	1.44813865E-4
4.50000000E+2	7.04693498E-8	1.93148443E-8	2.93635481E-6	1.61113550E-4
4.50500000E+2	4.76242568E-9	1.69784664E-8	1.22691284E-6	1.41624802E-4
4.51000000E+2	5.10435065E-9	2.37658006E-8	4.80877668E-7	1.98240920E-4
4.51500000E+2	5.25254798E-9	2.10731581E-8	3.89247882E-7	1.75780414E-4
4.52000000E+2	5.30791479E-9	2.19305447E-8	3.90206482E-7	1.82932249E-4
4.52500000E+2	5.78653897E-9	2.41951266E-8	3.63408589E-7	2.01822116E-4
4.53000000E+2	4.85954403E-9	1.98522669E-8	3.06195124E-7	1.65596427E-4
4.53500000E+2	4.85553349E-9	1.98127064E-8	3.13451801E-7	1.65266435E-4
4.54000000E+2	4.68032382E-9	1.73914785E-8	2.91827206E-7	1.45069916E-4
4.54500000E+2	5.50991037E-9	1.71860989E-8	3.06250603E-7	1.43356755E-4
4.55000000E+2	3.90422886E-8	2.17779445E-8	2.53022279E-7	1.81659344E-4
4.55500000E+2	5.93731404E-9	1.93641625E-8	2.46128048E-7	1.61524935E-4
4.56000000E+2	4.60940068E-9	2.43670687E-8	2.40540703E-7	2.03256360E-4
4.56500000E+2	5.30485798E-9	1.87422224E-8	2.37969993E-7	1.56337061E-4
4.57000000E+2	4.13819216E-9	2.11790611E-8	2.72436813E-7	1.76663797E-4
4.57500000E+2	5.34672270E-9	2.66759629E-8	2.80972119E-7	2.22515855E-4
4.58000000E+2	4.20113328E-9	1.78475378E-8	2.91265857E-7	1.48874106E-4
4.58500000E+2	4.83702515E-9	2.13790564E-8	2.38728574E-7	1.78332045E-4
4.59000000E+2	4.27523738E-9	2.77738468E-8	3.61602896E-7	2.31673784E-4
4.59500000E+2	4.88602481E-9	2.19733787E-8	2.63223782E-7	1.83289547E-4
4.60000000E+2	6.57188282E-8	1.86331187E-8	2.44792559E-7	1.55426979E-4
4.60500000E+2	4.47033281E-9	1.94092915E-8	2.51705264E-7	1.61901375E-4
4.61000000E+2	5.12298896E-9	1.64235336E-8	2.53590921E-7	1.36995865E-4
4.61500000E+2	4.01551604E-9	2.34612873E-8	2.45748892E-7	1.95700841E-4
4.62000000E+2	5.53441039E-9	2.31462053E-8	2.80075389E-7	1.93072605E-4
4.62500000E+2	4.34578401E-9	2.19753557E-8	2.93124477E-7	1.83306037E-4
4.63000000E+2	4.50968592E-9	2.22634029E-8	2.35937316E-7	1.85708765E-4
4.63500000E+2	3.76009738E-9	2.55733921E-8	2.87116819E-7	2.13318830E-4
4.64000000E+2	5.46874291E-9	2.46712314E-8	2.49931971E-7	2.05793514E-4
4.64500000E+2	4.88203155E-9	1.75394825E-8	2.43026556E-7	1.46304482E-4
4.65000000E+2	4.53959278E-8	2.03238976E-8	2.97990231E-7	1.69530505E-4
4.65500000E+2	6.20537084E-9	1.86164337E-8	2.22429228E-7	1.55287802E-4
4.66000000E+2	4.95221291E-9	1.61425673E-8	2.71820907E-7	1.34652202E-4
4.66500000E+2	4.79029604E-9	2.72766233E-8	2.61717036E-7	2.27526225E-4
4.67000000E+2	4.57267762E-9	1.87186678E-8	2.68836311E-7	1.56140582E-4
4.67500000E+2	4.18949879E-9	1.82501950E-8	2.22902367E-7	1.52232846E-4
4.68000000E+2	4.84392273E-9	1.82278037E-8	2.67106630E-7	1.52046070E-4
4.68500000E+2	5.70267111E-9	1.80087557E-8	2.77462259E-7	1.50218895E-4
4.69000000E+2	4.14384329E-9	1.65759416E-8	2.43927216E-7	1.38267167E-4
4.69500000E+2	7.45985335E-9	2.57296932E-8	2.76374893E-7	2.14622606E-4
4.70000000E+2	5.26940661E-8	1.70817335E-8	2.38860885E-7	1.42486198E-4
4.70500000E+2	4.72256975E-9	2.23849227E-8	2.62789109E-7	1.86722415E-4
4.71000000E+2	5.13766203E-9	1.79978782E-8	2.38650274E-7	1.50128161E-4
4.71500000E+2	4.81387623E-9	1.72722602E-8	2.53518749E-7	1.44075464E-4
4.72000000E+2	6.89434639E-9	1.76101595E-8	2.38269533E-7	1.46894030E-4
4.72500000E+2	5.33824176E-9	2.82649700E-8	3.52438384E-7	2.35770456E-4
4.73000000E+2	4.11599954E-9	1.62694954E-8	2.50226556E-7	1.35710965E-4
4.73500000E+2	4.80158586E-9	1.65942235E-8	3.03572203E-7	1.38419664E-4
4.74000000E+2	5.89414038E-9	2.91052301E-8	3.62784539E-7	2.42779433E-4
4.74500000E+2	5.15068826E-9	2.01301678E-8	2.96886706E-7	1.67914519E-4
4.75000000E+2	3.92285313E-8	2.21181292E-8	2.55135358E-7	1.84496973E-4
4.75500000E+2	4.49924531E-9	1.81037092E-8	2.23921081E-7	1.51010943E-4
4.76000000E+2	5.22389147E-9	1.81173206E-8	2.60018087E-7	1.51124482E-4
4.76500000E+2	5.58194780E-9	2.41594999E-8	2.60974611E-7	2.01524938E-4
4.77000000E+2	7.09113303E-9	1.71947311E-8	2.39151020E-7	1.43428760E-4
4.77500000E+2	5.20423796E-9	2.38402537E-8	2.51909214E-7	1.98861966E-4
4.78000000E+2	5.04865100E-9	1.96513459E-8	2.38782653E-7	1.63920457E-4
4.78500000E+2	6.03200176E-9	3.52354392E-8	2.49087171E-7	2.93914184E-4
4.79000000E+2	5.05560867E-9	1.96664767E-8	2.38686227E-7	1.64046669E-4
4.79500000E+2	5.03505419E-9	2.07341678E-8	2.38106794E-7	1.72952747E-4
4.80000000E+2	3.40958663E-8	2.02746673E-8	2.69979259E-7	1.69119853E-4
4.80500000E+2	4.26244956E-9	1.93838210E-8	2.25881439E-7	1.61688915E-4
4.81000000E+2	5.83713137E-9	2.26658555E-8	2.36929587E-7	1.89065798E-4
4.81500000E+2	4.43293954E-9	1.80455641E-8	2.45260660E-7	1.50525930E-4
4.82000000E+2	4.36197450E-9	1.91702443E-8	3.32296111E-7	1.59907379E-4
4.82500000E+2	4.59254128E-9	3.09189704E-8	2.59249131E-7	2.57908633E-4
4.83000000E+2	4.60771578E-9	1.90733979E-8	3.29976270E-7	1.59099540E-4
4.83500000E+2	4.33111426E-9	2.77127002E-8	2.47722795E-7	2.31163733E-4
4.84000000E+2	4.28750273E-9	2.31595032E-8	2.35076573E-7	1.93183529E-4
4.84500000E+2	7.52390218E-9	1.77173407E-8	2.43438542E-7	1.47788075E-4
4.85000000E+2	5.70687677E-8	1.68704548E-8	2.35258677E-7	1.40723830E-4
4.85500000E+2	5.70894780E-9	2.03097445E-8	2.71217358E-7	1.69412447E-4
4.86000000E+2	5.09593347E-9	1.72351828E-8	2.36947922E-7	1.43766185E-4
4.86500000E+2	5.41686254E-9	1.87517997E-8	2.91727509E-7	1.56416950E-4
4.87000000E+2	4.23733016E-9	1.79311641E-8	3.07707966E-7	1.49571669E-4
4.87500000E+2	6.36990256E-9	1.69731373E-8	2.96832537E-7	1.41580349E-4
4.88000000E+2	4.43343203E-9	2.09572148E-8	2.48414850E-7	1.74813280E-4
4.88500000E+2	4.91409323E-9	1.82798362E-8	2.71505634E-7	1.52480096E-4
4.89000000E+2	7.28371112E-9	2.09304040E-8	3.14106303E-7	1.74589639E-4
4.89500000E+2	4.77128455E-9	1.74987051E-8	2.53917161E-7	1.45964340E-4
4.90000000E+2	5.71003077E-8	1.98954670E-8	2.60965297E-7	1.65956778E-4
4.90500000E+2	4.79346226E-9	1.81077530E-8	3.36287574E-7	1.51044675E-4
4.91000000E+2	5.22730355E-9	2.70574542E-8	3.80833036E-7	2.25698040E-4
4.91500000E+2	5.04605895E-9	1.75115963E-8	3.43539368E-7	1.46071871E-4
4.92000000E+2	5.29949462E-9	2.32486009E-8	3.67105258E-7	1.93926731E-4
4.92500000E+2	4.73948692E-9	1.52313419E-8	3.93573534E-7	1.27051274E-4
4.93000000E+2	8.93538919E-9	1.89748126E-8	3.97824199E-7	1.58277197E-4
4.93500000E+2	5.49918986E-9	2.66045963E-8	4.07537959E-7	2.21920554E-4
4.94000000E+2	5.40164416E-9	2.87907821E-8	4.11332291E-7	2.40156485E-4
4.94500000E+2	5.99273860E-9	1.91775763E-8	5.69669490E-7	1.59968538E-4
4.95000000E+2	6.64388437E-8	2.10525433E-8	5.30536134E-7	1.75608456E-4
4.95500000E+2	5.48901363E-9	2.11157352E-8	6.18141375E-7	1.76135567E-4
4.96000000E+2	4.94613382E-9	1.90039231E-8	4.62125897E-7	1.58520020E-4
4.96500000E+2	6.01776237E-9	2.55153046E-8	4.50105922E-7	2.12834297E-4
4.97000000E+2	5.08238225E-9	2.34544128E-8	5.18925992E-7	1.95643498E-4
4.97500000E+2	8.72345612E-9	1.73248382E-8	4.30538877E-7	1.44514041E-4
4.98000000E+2	5.43776836E-9	2.11157270E-8	4.64644665E-7	1.76135499E-4
4.98500000E+2	5.12415466E-9	2.02357113E-8	4.00144837E-7	1.68794904E-4
4.99000000E+2	7.02451443E-9	2.05367044E-8	3.93040937E-7	1.71305619E-4
4.99500000E+2	4.58825741E-9	2.24053724E-8	6.01220118E-7	1.86892995E-4
