0.00000000E+0	1.78791891E-8	1.53577994E-7	4.70652577E-3	1.60504925E-3
5.00000000E-1	4.97320254E-9	2.15854856E-7	1.82827265E-4	2.25590702E-3
1.00000000E+0	6.97766223E-9	1.84782264E-7	4.96236314E-5	1.93116621E-3
1.50000000E+0	5.70085199E-9	1.51105677E-7	3.92677753E-5	1.57921097E-3
2.00000000E+0	6.36763462E-9	1.49703008E-7	2.30879290E-5	1.56455163E-3
2.50000000E+0	4.99786677E-9	1.25938827E-7	2.47702004E-5	1.31619130E-3
3.00000000E+0	5.84841609E-9	1.31200841E-7	1.72945695E-5	1.37118480E-3
3.50000000E+0	8.44247887E-9	9.22795269E-8	1.49604085E-5	9.64416720E-4
4.00000000E+0	4.14551810E-9	1.10130800E-7	1.36243043E-5	1.15098103E-3
4.50000000E+0	7.01288647E-9	9.30846819E-8	1.08933635E-5	9.72831424E-4
5.00000000E+0	3.43990687E-3	3.29057156E-7	1.82775335E-5	3.43898841E-3
5.50000000E+0	5.63521388E-9	7.45141911E-8	9.77635948E-6	7.78750544E-4
6.00000000E+0	5.46097288E-9	9.89653862E-8	8.47386688E-6	1.03429088E-3
6.50000000E+0	7.79936293E-9	9.11401388E-8	8.44729408E-6	9.52508933E-4
7.00000000E+0	5.39999940E-9	7.14953674E-8	7.09939351E-6	7.47200706E-4
7.50000000E+0	5.75301472E-9	6.13798539E-8	6.91666549E-6	6.41483104E-4
8.00000000E+0	4.98238538E-9	6.34127167E-8	6.19516395E-6	6.62728627E-4
8.50000000E+0	7.15704104E-9	6.05181773E-8	6.34122153E-6	6.32477690E-4
9.00000000E+0	5.36852344E-9	6.60508642E-8	5.65058100E-6	6.90300004E-4
9.50000000E+0	4.79081069E-9	8.54805007E-8	5.16877853E-6	8.93359847E-4
1.00000000E+1	2.46312489E-8	7.76208707E-8	5.31684707E-6	8.11218566E-4
1.05000000E+1	4.95813001E-9	5.73293198E-8	4.81836247E-6	5.99150823E-4
1.10000000E+1	6.39255432E-9	5.94388563E-8	4.64282964E-6	6.21197667E-4
1.15000000E+1	4.16884796E-9	5.10212038E-8	4.53718022E-6	5.33224472E-4
1.20000000E+1	4.48333822E-9	6.13284546E-8	4.31396158E-6	6.40945928E-4
1.25000000E+1	4.18336719E-9	7.82168025E-8	4.08307248E-6	8.17446671E-4
1.30000000E+1	6.54476133E-9	4.96689948E-8	4.00722141E-6	5.19092486E-4
1.35000000E+1	5.35800294E-9	5.09568053E-8	3.85228458E-6	5.32551441E-4
1.40000000E+1	4.85419130E-9	5.84787164E-8	3.67340288E-6	6.11163210E-4
1.45000000E+1	6.82895346E-9	4.84663833E-8	3.61318741E-6	5.06523949E-4
1.50000000E+1	7.31543647E-8	4.32010673E-8	3.48021679E-6	4.51495939E-4
1.55000000E+1	4.31274523E-9	5.56341171E-8	3.33359837E-6	5.81434198E-4
1.60000000E+1	4.99197212E-9	7.53116484E-8	3.16943527E-6	7.87084799E-4
1.65000000E+1	7.27253881E-9	6.67590556E-8	3.21249133E-6	6.97701338E-4
1.70000000E+1	5.10707318E-9	6.48589655E-8	3.04063081E-6	6.77843427E-4
1.75000000E+1	4.27025154E-9	5.24110564E-8	2.99531891E-6	5.47749872E-4
1.80000000E+1	5.14775088E-9	5.26843001E-8	2.85995490E-6	5.50605552E-4
1.85000000E+1	4.78753255E-9	4.51481186E-8	2.80316911E-6	4.71844643E-4
1.90000000E+1	4.02321688E-9	5.39951920E-8	2.70225165E-6	5.64305732E-4
1.95000000E+1	5.85495195E-9	3.93407494E-8	2.65114911E-6	4.11151615E-4
2.00000000E+1	4.72661040E-8	4.84848969E-8	2.59068819E-6	5.06717436E-4
2.05000000E+1	4.98041768E-9	4.13519835E-8	2.50136919E-6	4.32171095E-4
2.10000000E+1	5.93108098E-9	4.96223706E-8	2.47492575E-6	5.18605215E-4
2.15000000E+1	4.58603055E-9	3.73429523E-8	2.39076189E-6	3.90272564E-4
2.20000000E+1	4.45853495E-9	4.25439488E-8	2.39281790E-6	4.44628369E-4
2.25000000E+1	4.34903861E-9	3.82297143E-8	2.28738084E-6	3.99540146E-4
2.30000000E+1	4.87095336E-9	3.91396889E-8	2.29562509E-6	4.09050324E-4
2.35000000E+1	5.02000826E-9	4.91121884E-8	2.21466332E-6	5.13273281E-4
2.40000000E+1	5.24250919E-9	3.83550224E-8	2.19389729E-6	4.00849746E-4
2.45000000E+1	5.43621314E-9	5.12303457E-8	2.10943558E-6	5.35410222E-4
2.50000000E+1	3.46663563E-8	3.56804875E-8	2.10829604E-6	3.72898083E-4
2.55000000E+1	4.48913130E-9	5.58706362E-8	2.11610072E-6	5.83906068E-4
2.60000000E+1	4.78419081E-9	3.76914005E-8	2.01849991E-6	3.93914209E-4
2.65000000E+1	5.56730437E-9	3.78711517E-8	1.99997195E-6	3.95792795E-4
2.70000000E+1	4.27577954E-9	6.08583126E-8	1.94011976E-6	6.36032457E-4
2.75000000E+1	4.00493483E-9	4.20616929E-8	1.92557593E-6	4.39588295E-4
2.80000000E+1	4.36605305E-9	3.99702523E-8	1.85590850E-6	4.17730572E-4
2.85000000E+1	4.96246320E-9	3.58899012E-8	1.84940741E-6	3.75086674E-4
2.90000000E+1	4.83165638E-9	5.04060566E-8	1.80854148E-6	5.26795546E-4
2.95000000E+1	5.00671375E-9	4.68495815E-8	1.77444050E-6	4.89626694E-4
3.00000000E+1	3.25826792E-8	4.12046424E-8	1.75498998E-6	4.30631229E-4
3.05000000E+1	4.72664982E-9	3.80520909E-8	1.76180259E-6	3.97683798E-4
3.10000000E+1	5.68837930E-9	4.50122440E-8	1.73319810E-6	4.70424612E-4
3.15000000E+1	7.37889031E-9	4.69197723E-8	1.69035676E-6	4.90360260E-4
3.20000000E+1	4.34478374E-9	4.85357006E-8	1.67728484E-6	5.07248387E-4
3.25000000E+1	6.46850483E-9	5.69061989E-8	1.64115229E-6	5.94728772E-4
3.30000000E+1	5.81220619E-9	3.69201942E-8	1.60756585E-6	3.85854304E-4
3.35000000E+1	4.76638134E-9	4.00319814E-8	1.59985514E-6	4.18375706E-4
3.40000000E+1	5.53499351E-9	4.33392406E-8	1.62198374E-6	4.52939993E-4
3.45000000E+1	4.87319579E-9	3.96029553E-8	1.57204138E-6	4.13891938E-4
3.50000000E+1	5.75653830E-8	4.73405250E-8	1.58050836E-6	4.94757562E-4
3.55000000E+1	4.48371000E-9	3.97555007E-8	1.58102832E-6	4.15486196E-4
3.60000000E+1	4.79933307E-9	4.39445259E-8	1.50860864E-6	4.59265851E-4
3.65000000E+1	6.07398033E-9	3.71179559E-8	1.49401829E-6	3.87921119E-4
3.70000000E+1	4.38497461E-9	3.95644182E-8	1.53050462E-6	4.13489185E-4
3.75000000E+1	4.26549971E-9	3.18089223E-8	1.49184678E-6	3.32436213E-4
3.80000000E+1	5.64955387E-9	4.03553620E-8	1.52242033E-6	4.21755368E-4
3.85000000E+1	5.05075055E-9	3.76171725E-8	1.47246457E-6	3.93138449E-4
3.90000000E+1	4.84980347E-9	3.17233607E-8	1.51162623E-6	3.31542006E-4
3.95000000E+1	5.21171927E-9	4.11243900E-8	1.49360693E-6	4.29792508E-4
4.00000000E+1	8.57572338E-8	4.72726002E-8	1.45937938E-6	4.94047678E-4
4.05000000E+1	4.65885148E-9	5.16829013E-8	1.51545627E-6	5.40139897E-4
4.10000000E+1	5.04908835E-9	3.51297567E-8	1.51607441E-6	3.67142376E-4
4.15000000E+1	7.15658639E-9	5.08157701E-8	1.50968541E-6	5.31077477E-4
4.20000000E+1	5.21303032E-9	2.93904624E-8	1.51156470E-6	3.07160801E-4
4.25000000E+1	4.59898787E-9	3.98284254E-8	1.51578751E-6	4.16248334E-4
4.30000000E+1	4.32338237E-9	3.05212702E-8	1.56870622E-6	3.18978914E-4
4.35000000E+1	5.34737599E-9	3.01554276E-8	1.67592100E-6	3.15155479E-4
4.40000000E+1	4.77307668E-9	2.99206806E-8	1.61857562E-6	3.12702130E-4
4.45000000E+1	6.72781100E-9	3.72838157E-8	1.72111808E-6	3.89654525E-4
4.50000000E+1	5.45227377E-8	4.09130080E-8	1.79738543E-6	4.27583347E-4
4.55000000E+1	4.22826207E-9	3.17113850E-8	1.91716183E-6	3.31416848E-4
4.60000000E+1	5.52834172E-9	3.55244717E-8	2.02758093E-6	3.71267556E-4
4.65000000E+1	8.34894884E-9	3.62768532E-8	2.19546629E-6	3.79130723E-4
4.70000000E+1	4.64967643E-9	3.39575920E-8	2.44779162E-6	3.54892039E-4
4.75000000E+1	4.97024565E-9	4.24039496E-8	2.86416770E-6	4.43165232E-4
4.80000000E+1	4.38192256E-9	4.55663661E-8	3.46783424E-6	4.76215763E-4
4.85000000E+1	5.25600307E-9	4.49531638E-8	4.44731962E-6	4.69807163E-4
4.90000000E+1	4.40511069E-9	3.29627041E-8	6.50029217E-6	3.44494429E-4
4.95000000E+1	9.61768182E-9	5.17668560E-8	1.27076515E-5	5.41017310E-4
5.00000000E+1	5.09639230E-8	1.52320737E-7	5.83746726E-4	1.59190960E-3
5.05000000E+1	4.79270914E-9	3.19314023E-8	1.35030091E-5	3.33716257E-4
5.10000000E+1	6.29230121E-9	3.22540053E-8	6.64840676E-6	3.37087792E-4
5.15000000E+1	4.92935927E-9	2.71094151E-8	4.47032514E-6	2.83321491E-4
5.20000000E+1	4.49763128E-9	3.48373903E-8	3.36793470E-6	3.64086844E-4
5.25000000E+1	5.11381699E-9	2.79913100E-8	2.72043230E-6	2.92538207E-4
5.30000000E+1	4.81378880E-9	3.84379516E-8	2.33735076E-6	4.01716442E-4
5.35000000E+1	4.57650215E-9	3.40675169E-8	2.03870878E-6	3.56040869E-4
5.40000000E+1	4.77013962E-9	3.11475834E-8	1.84688644E-6	3.25524536E-4
5.45000000E+1	4.56431307E-9	2.76108052E-8	1.71433415E-6	2.88561537E-4
5.50000000E+1	2.68254095E-8	2.69824743E-8	1.57460111E-6	2.81994828E-4
5.55000000E+1	5.11295722E-9	2.71082951E-8	1.44791328E-6	2.83309787E-4
5.60000000E+1	4.73494853E-9	2.92235863E-8	1.46338677E-6	3.05416772E-4
5.65000000E+1	7.59612293E-9	3.98592652E-8	1.39807235E-6	4.16570643E-4
5.70000000E+1	4.77786009E-9	3.14685876E-8	1.37272369E-6	3.28879363E-4
5.75000000E+1	8.03869546E-9	2.93229306E-8	1.32598028E-6	3.06455023E-4
5.80000000E+1	4.72899113E-9	2.77298977E-8	1.28052239E-6	2.89806178E-4
5.85000000E+1	5.58730188E-9	3.24834234E-8	1.20474758E-6	3.39485449E-4
5.90000000E+1	6.60387613E-9	3.08110970E-8	1.20322716E-6	3.22007904E-4
5.95000000E+1	4.94171363E-9	2.64645748E-8	1.10882352E-6	2.76582242E-4
6.00000000E+1	2.14572422E-8	2.84694213E-8	1.22502240E-6	2.97534966E-4
6.05000000E+1	6.06459992E-9	2.58843657E-8	1.13616323E-6	2.70518455E-4
6.10000000E+1	5.27663389E-9	3.07780994E-8	1.18416828E-6	3.21663045E-4
6.15000000E+1	6.46382234E-9	2.36254394E-8	1.10718740E-6	2.46910334E-4
6.20000000E+1	4.83891758E-9	2.96986533E-8	1.02176797E-6	3.10381714E-4
6.25000000E+1	7.86752726E-9	3.58052561E-8	1.12002425E-6	3.74202044E-4
6.30000000E+1	4.92694033E-9	3.52097426E-8	1.11861322E-6	3.67978311E-4
6.35000000E+1	5.12886297E-9	3.80341896E-8	1.17599216E-6	3.97496710E-4
6.40000000E+1	4.78356293E-9	2.54289346E-8	9.45476171E-7	2.65758728E-4
6.45000000E+1	8.85417228E-9	3.00402137E-8	8.99812580E-7	3.13951375E-4
6.50000000E+1	3.18710401E-8	3.80755595E-8	9.00875246E-7	3.97929068E-4
6.55000000E+1	4.66209157E-9	2.49575542E-8	8.62571478E-7	2.60832314E-4
6.60000000E+1	5.57465666E-9	2.86533981E-8	9.27922255E-7	2.99457715E-4
6.65000000E+1	5.90242532E-9	3.03573037E-8	8.97541205E-7	3.17265294E-4
6.70000000E+1	4.74233836E-9	3.13910997E-8	8.58385272E-7	3.28069534E-4
6.75000000E+1	5.42508426E-9	3.49151927E-8	8.79524055E-7	3.64899959E-4
6.80000000E+1	5.82626962E-9	4.25579140E-8	9.13032254E-7	4.44774320E-4
6.85000000E+1	4.42195260E-9	3.28666275E-8	8.20064974E-7	3.43490329E-4
6.90000000E+1	4.43149636E-9	3.02658429E-8	8.03407978E-7	3.16309434E-4
6.95000000E+1	4.93849180E-9	2.80472299E-8	8.03898336E-7	2.93122628E-4
7.00000000E+1	3.85665619E-8	3.30565702E-8	8.32856243E-7	3.45475428E-4
7.05000000E+1	5.31662817E-9	2.68268763E-8	8.14670245E-7	2.80368668E-4
7.10000000E+1	5.27113014E-9	2.44488099E-8	8.45284195E-7	2.55515408E-4
7.15000000E+1	5.13308192E-9	2.53179423E-8	7.87664079E-7	2.64598743E-4
7.20000000E+1	4.23281839E-9	3.67480463E-8	8.73400351E-7	3.84055179E-4
7.25000000E+1	4.80656411E-9	3.08805809E-8	8.32232189E-7	3.22734084E-4
7.30000000E+1	6.26214638E-9	2.79276383E-8	7.80603077E-7	2.91872772E-4
7.35000000E+1	6.87330918E-9	2.94845460E-8	7.67034402E-7	3.08144072E-4
7.40000000E+1	4.46274353E-9	2.54221010E-8	7.75058480E-7	2.65687310E-4
7.45000000E+1	8.69418404E-9	3.51699466E-8	7.63280182E-7	3.67562402E-4
7.50000000E+1	2.96904879E-8	2.79124114E-8	7.52021078E-7	2.91713635E-4
7.55000000E+1	5.76242276E-9	3.62522734E-8	7.79357670E-7	3.78873839E-4
7.60000000E+1	7.76401164E-9	2.61620757E-8	7.58689420E-7	2.73420812E-4
7.65000000E+1	4.94432082E-9	2.50222049E-8	7.57327833E-7	2.61507981E-4
7.70000000E+1	4.41206443E-9	2.85987302E-8	8.40232094E-7	2.98886378E-4
7.75000000E+1	6.00226916E-9	3.22277467E-8	7.61540324E-7	3.36813362E-4
7.80000000E+1	4.36683220E-9	3.17761066E-8	8.50273991E-7	3.32093255E-4
7.85000000E+1	4.53520066E-9	2.78256909E-8	7.11379243E-7	2.90807316E-4
7.90000000E+1	4.71853973E-9	2.46393249E-8	7.71382799E-7	2.57506488E-4
7.95000000E+1	5.37992001E-9	3.09388034E-8	7.36890718E-7	3.23342569E-4
8.00000000E+1	3.15482689E-8	3.25242800E-8	6.90608410E-7	3.39912443E-4
8.05000000E+1	4.15864803E-9	2.53878722E-8	7.63181336E-7	2.65329583E-4
8.10000000E+1	5.15967682E-9	2.73298587E-8	7.32995052E-7	2.85625356E-4
8.15000000E+1	7.03027076E-9	2.52826413E-8	6.90313154E-7	2.64229812E-4
8.20000000E+1	4.40091913E-9	2.85480667E-8	6.94479950E-7	2.98356892E-4
8.25000000E+1	5.89122885E-9	3.26420254E-8	7.35283442E-7	3.41143005E-4
8.30000000E+1	5.21020849E-9	2.83375765E-8	6.59277919E-7	2.96157051E-4
8.35000000E+1	5.39388697E-9	2.82856436E-8	7.00420854E-7	2.95614299E-4
8.40000000E+1	4.41339654E-9	2.62530696E-8	6.80373280E-7	2.74371793E-4
8.45000000E+1	4.99667038E-9	2.55922488E-8	6.77396694E-7	2.67465530E-4
8.50000000E+1	2.85511131E-8	2.65350234E-8	6.60923446E-7	2.77318502E-4
8.55000000E+1	5.70137214E-9	4.84410922E-8	7.09228950E-7	5.06259631E-4
8.60000000E+1	5.29492989E-9	2.51921989E-8	6.74446095E-7	2.63284594E-4
8.65000000E+1	5.36264820E-9	3.20296736E-8	6.58035190E-7	3.34743294E-4
8.70000000E+1	4.83096945E-9	2.92613334E-8	6.32333746E-7	3.05811268E-4
8.75000000E+1	5.01237819E-9	2.30688103E-8	6.31599934E-7	2.41092983E-4
8.80000000E+1	5.56256670E-9	2.54226447E-8	6.29303211E-7	2.65692992E-4
8.85000000E+1	7.22690782E-9	2.88947108E-8	6.28465681E-7	3.01979682E-4
8.90000000E+1	4.23118422E-9	4.53996711E-8	6.78223213E-7	4.74473627E-4
8.95000000E+1	4.32710034E-9	4.53061165E-8	6.09354830E-7	4.73495884E-4
9.00000000E+1	4.15861667E-8	2.71482531E-8	6.48010049E-7	2.83727389E-4
9.05000000E+1	6.07449959E-9	2.97697660E-8	6.05765345E-7	3.11124916E-4
9.10000000E+1	4.96367956E-9	2.56608629E-8	6.25387147E-7	2.68182619E-4
9.15000000E+1	5.10506254E-9	2.58243618E-8	6.10086410E-7	2.69891352E-4
9.20000000E+1	5.04248672E-9	2.46011985E-8	6.17058537E-7	2.57108028E-4
9.25000000E+1	4.64131629E-9	2.37726463E-8	5.97680523E-7	2.48448798E-4
9.30000000E+1	4.03945574E-9	2.87883077E-8	6.20816191E-7	3.00867660E-4
9.35000000E+1	5.43480145E-9	2.29078073E-8	6.17964849E-7	2.39410334E-4
9.40000000E+1	4.17249158E-9	2.54024949E-8	6.36086510E-7	2.65482406E-4
9.45000000E+1	4.22375224E-9	2.71583695E-8	5.89537438E-7	2.83833115E-4
9.50000000E+1	2.76766872E-8	4.32343971E-8	6.35470811E-7	4.51844269E-4
9.55000000E+1	5.93337888E-9	3.46240430E-8	5.60775725E-7	3.61857143E-4
9.60000000E+1	6.55602853E-9	2.85271939E-8	6.00762965E-7	2.98138750E-4
9.65000000E+1	4.35304335E-9	2.61168220E-8	5.71913730E-7	2.72947864E-4
9.70000000E+1	4.89580573E-9	3.11602986E-8	6.31724740E-7	3.25657424E-4
9.75000000E+1	4.13413031E-9	3.22470161E-8	6.30725356E-7	3.37014747E-4
9.80000000E+1	5.73128005E-9	2.45927450E-8	6.10555821E-7	2.57019679E-4
9.85000000E+1	4.03904036E-9	3.49577729E-8	6.82033176E-7	3.65344967E-4
9.90000000E+1	5.47526874E-9	2.85531392E-8	6.62328290E-7	2.98409905E-4
9.95000000E+1	5.22691053E-9	3.30461845E-8	8.70774562E-7	3.45366886E-4
1.00000000E+2	3.56966814E-8	3.25131779E-8	1.58972214E-5	3.39796415E-4
1.00500000E+2	4.81435000E-9	2.57116584E-8	9.52523333E-7	2.68713484E-4
1.01000000E+2	4.84190096E-9	2.54414088E-8	6.53475861E-7	2.65889096E-4
1.01500000E+2	5.42405379E-9	3.86022913E-8	6.19001638E-7	4.03433962E-4
1.02000000E+2	4.37941550E-9	2.91629231E-8	6.15669769E-7	3.04782778E-4
1.02500000E+2	5.81848891E-9	2.37553600E-8	5.65872913E-7	2.48268139E-4
1.03000000E+2	4.66331187E-9	2.80203204E-8	5.26232746E-7	2.92841396E-4
1.03500000E+2	4.19006203E-9	2.16134687E-8	5.36901002E-7	2.25883154E-4
1.04000000E+2	5.01891407E-9	2.48427943E-8	5.83496092E-7	2.59632954E-4
1.04500000E+2	5.84892206E-9	3.91587564E-8	5.90268942E-7	4.09249600E-4
1.05000000E+2	3.96566682E-8	2.73561975E-8	5.31330395E-7	2.85900623E-4
1.05500000E+2	5.09512267E-9	3.26117017E-8	5.48227064E-7	3.40826090E-4
1.06000000E+2	4.49849170E-9	2.77987846E-8	5.53009233E-7	2.90526117E-4
1.06500000E+2	4.63520753E-9	2.46781071E-8	5.16896398E-7	2.57911802E-4
1.07000000E+2	4.46188579E-9	3.06852372E-8	5.23419696E-7	3.20692539E-4
1.07500000E+2	4.82519817E-9	2.83492248E-8	5.15969163E-7	2.96278788E-4
1.08000000E+2	6.81973337E-9	2.78950822E-8	5.34938161E-7	2.91532527E-4
1.08500000E+2	5.27400993E-9	2.42551009E-8	5.67477770E-7	2.53490949E-4
1.09000000E+2	5.53466858E-9	2.85603651E-8	5.08899207E-7	2.98485423E-4
1.09500000E+2	4.14355820E-9	3.77403103E-8	5.34734963E-7	3.94425367E-4
1.10000000E+2	5.52230645E-8	3.22978092E-8	5.23027297E-7	3.37545588E-4
1.10500000E+2	7.89341403E-9	3.03462297E-8	5.16704293E-7	3.17149559E-4
1.11000000E+2	4.93506736E-9	2.29881213E-8	5.35973751E-7	2.40249699E-4
1.11500000E+2	5.08707703E-9	2.86579462E-8	5.30110271E-7	2.99505247E-4
1.12000000E+2	4.28493563E-9	2.26730220E-8	5.48423830E-7	2.36956584E-4
1.12500000E+2	5.96555077E-9	2.31540163E-8	5.52960377E-7	2.41983473E-4
1.13000000E+2	6.63340089E-9	2.30378521E-8	5.30060975E-7	2.40769437E-4
1.13500000E+2	5.02909344E-9	3.11835535E-8	5.33588580E-7	3.25900461E-4
1.14000000E+2	5.08244745E-9	2.67930132E-8	5.54934713E-7	2.80014764E-4
1.14500000E+2	6.65061912E-9	2.39230137E-8	4.81912989E-7	2.50020294E-4
1.15000000E+2	3.68786956E-8	2.28443438E-8	5.31208679E-7	2.38747075E-4
1.15500000E+2	6.72180859E-9	3.24857863E-8	5.17917557E-7	3.39510143E-4
1.16000000E+2	4.76242389E-9	2.16135580E-8	5.02928718E-7	2.25884088E-4
1.16500000E+2	4.83053160E-9	2.88184479E-8	5.27853441E-7	3.01182655E-4
1.17000000E+2	4.69595255E-9	2.62979673E-8	4.92327371E-7	2.74841021E-4
1.17500000E+2	4.79050964E-9	3.03300338E-8	4.88922891E-7	3.16980295E-4
1.18000000E+2	6.79912557E-9	2.33303168E-8	4.80580158E-7	2.43825996E-4
1.18500000E+2	6.99250516E-9	2.26587130E-8	5.13683958E-7	2.36807040E-4
1.19000000E+2	4.46570718E-9	2.34918221E-8	5.00488048E-7	2.45513894E-4
1.19500000E+2	5.97740600E-9	2.30610033E-8	5.10148564E-7	2.41011391E-4
1.20000000E+2	4.36444070E-8	2.49114242E-8	4.42778705E-7	2.60350208E-4
1.20500000E+2	4.54840732E-9	2.51755210E-8	5.06853271E-7	2.63110293E-4
1.21000000E+2	5.20100826E-9	2.46419088E-8	5.16108195E-7	2.57533493E-4
1.21500000E+2	4.59835025E-9	2.46538768E-8	4.58668833E-7	2.57658570E-4
1.22000000E+2	4.80387136E-9	2.37228457E-8	4.84454366E-7	2.47928330E-4
1.22500000E+2	5.57824375E-9	2.79846541E-8	4.74160363E-7	2.92468646E-4
1.23000000E+2	4.80420905E-9	2.25957596E-8	4.87396252E-7	2.36149112E-4
1.23500000E+2	4.50371588E-9	2.46783203E-8	4.84866019E-7	2.57914031E-4
1.24000000E+2	4.57281857E-9	2.93755739E-8	4.88669956E-7	3.07005200E-4
1.24500000E+2	5.54311742E-9	2.80702627E-8	4.58259459E-7	2.93363345E-4
1.25000000E+2	3.96635933E-8	2.82892565E-8	5.38100430E-7	2.95652057E-4
1.25500000E+2	5.34364639E-9	2.31090937E-8	4.94466578E-7	2.41513985E-4
1.26000000E+2	4.35633117E-9	2.46713800E-8	5.17342778E-7	2.57841497E-4
1.26500000E+2	4.04418790E-9	3.42917047E-8	4.97108544E-7	3.58383864E-4
1.27000000E+2	5.98992628E-9	3.06083686E-8	4.94543366E-7	3.19889183E-4
1.27500000E+2	5.12085885E-9	2.26999930E-8	5.02501218E-7	2.37238459E-4
1.28000000E+2	4.95421178E-9	3.15362694E-8	5.07715337E-7	3.29586708E-4
1.28500000E+2	4.81409174E-9	2.70025077E-8	4.86080524E-7	2.82204198E-4
1.29000000E+2	5.10227205E-9	3.30045120E-8	5.29736816E-7	3.44931366E-4
1.29500000E+2	5.29892162E-9	2.97809369E-8	4.50875934E-7	3.11241664E-4
1.30000000E+2	1.67645295E-8	2.66436104E-8	4.75246680E-7	2.78453350E-4
1.30500000E+2	4.88168680E-9	2.38441209E-8	5.32955444E-7	2.49195782E-4
1.31000000E+2	6.00001253E-9	2.71775526E-8	4.41793358E-7	2.84033599E-4
1.31500000E+2	4.84434301E-9	3.40910763E-8	4.35927447E-7	3.56287088E-4
1.32000000E+2	4.26345735E-9	2.16137964E-8	4.65514987E-7	2.25886579E-4
1.32500000E+2	4.55860952E-9	2.47289708E-8	4.47958516E-7	2.58443381E-4
1.33000000E+2	6.62269007E-9	2.68479940E-8	4.25210275E-7	2.80589369E-4
1.33500000E+2	4.98275613E-9	2.59765355E-8	4.49711121E-7	2.71481725E-4
1.34000000E+2	5.04224112E-9	2.50705107E-8	4.37628947E-7	2.62012827E-4
1.34500000E+2	4.13393271E-9	2.58734447E-8	4.80910934E-7	2.70404319E-4
1.35000000E+2	3.11696500E-8	2.92996598E-8	4.91840110E-7	3.06211819E-4
1.35500000E+2	5.93780969E-9	2.55749318E-8	4.24829288E-7	2.67284550E-4
1.36000000E+2	5.24212936E-9	2.45211219E-8	4.21712535E-7	2.56271144E-4
1.36500000E+2	5.32602595E-9	2.11112835E-8	4.29186290E-7	2.20634798E-4
1.37000000E+2	5.40336851E-9	2.24535802E-8	4.47205391E-7	2.34663190E-4
1.37500000E+2	4.38783734E-9	3.04863141E-8	4.18831219E-7	3.18613587E-4
1.38000000E+2	5.88789002E-9	2.74902668E-8	3.91810757E-7	2.87301786E-4
1.38500000E+2	4.50036288E-9	2.93865423E-8	4.27599323E-7	3.07119831E-4
1.39000000E+2	4.43569822E-9	2.24754983E-8	4.29930289E-7	2.34892257E-4
1.39500000E+2	4.87126360E-9	2.36340247E-8	4.40341829E-7	2.47000059E-4
1.40000000E+2	5.32217366E-8	3.00929663E-8	4.24594237E-7	3.14502694E-4
1.40500000E+2	5.38354813E-9	2.08559090E-8	4.10578047E-7	2.17965870E-4
1.41000000E+2	6.97481888E-9	2.72804561E-8	4.27164017E-7	2.85109047E-4
1.41500000E+2	4.60754075E-9	2.86453683E-8	4.27551936E-7	2.99373794E-4
1.42000000E+2	5.49649800E-9	2.78371967E-8	4.83554200E-7	2.90927564E-4
1.42500000E+2	4.30809857E-9	2.36308567E-8	4.20764157E-7	2.46966950E-4
1.43000000E+2	4.74859506E-9	4.16554403E-8	4.72400448E-7	4.35342534E-4
1.43500000E+2	5.49828514E-9	2.75378163E-8	4.52011557E-7	2.87798728E-4
1.44000000E+2	4.54295104E-9	2.24375073E-8	3.99465560E-7	2.34495212E-4
1.44500000E+2	4.46260526E-9	2.01011700E-8	4.28399880E-7	2.10078065E-4
1.45000000E+2	3.91336284E-8	2.93309396E-8	4.15039326E-7	3.06538726E-4
1.45500000E+2	4.37123031E-9	2.19113594E-8	4.59576539E-7	2.28996420E-4
1.46000000E+2	6.21135381E-9	2.10248833E-8	4.55068331E-7	2.19731826E-4
1.46500000E+2	4.58264907E-9	2.27886971E-8	4.26718508E-7	2.38165509E-4
1.47000000E+2	4.48064985E-9	2.19837568E-8	4.27796773E-7	2.29753048E-4
1.47500000E+2	4.46750849E-9	2.98353213E-8	4.41799971E-7	3.11810037E-4
1.48000000E+2	5.57238388E-9	2.13131650E-8	4.77115295E-7	2.22744669E-4
1.48500000E+2	5.54476648E-9	2.00944249E-8	8.23907695E-7	2.10007571E-4
1.49000000E+2	3.99074726E-9	1.90779961E-8	5.89308684E-7	1.99384837E-4
1.49500000E+2	5.67856850E-9	2.18801206E-8	8.81609542E-7	2.28669943E-4
1.50000000E+2	2.82418741E-8	4.57116820E-8	1.09477671E-5	4.77734464E-4
1.50500000E+2	5.40733349E-9	2.23137379E-8	9.28728121E-7	2.33201693E-4
1.51000000E+2	4.80984796E-9	2.84932936E-8	5.85149598E-7	2.97784456E-4
1.51500000E+2	5.72629455E-9	2.94395523E-8	5.39221314E-7	3.07673840E-4
1.52000000E+2	5.67288348E-9	2.47937358E-8	4.36119177E-7	2.59120242E-4
1.52500000E+2	5.64118948E-9	2.26610301E-8	4.33606903E-7	2.36831256E-4
1.53000000E+2	5.28775046E-9	3.46247530E-8	4.24277768E-7	3.61864563E-4
1.53500000E+2	5.23652570E-9	2.89444928E-8	4.46238596E-7	3.02499955E-4
1.54000000E+2	6.72524170E-9	1.91946959E-8	3.81598373E-7	2.00604471E-4
1.54500000E+2	4.42505164E-9	2.50294764E-8	4.00417180E-7	2.61583976E-4
1.55000000E+2	3.39260665E-8	3.19914161E-8	4.24877788E-7	3.34343462E-4
1.55500000E+2	4.35102304E-9	2.31734173E-8	3.90293830E-7	2.42186234E-4
1.56000000E+2	5.13282735E-9	3.71263648E-8	4.49730054E-7	3.88009000E-4
1.56500000E+2	5.86098940E-9	2.11312877E-8	3.88170198E-7	2.20843863E-4
1.57000000E+2	5.93237586E-9	2.53602215E-8	3.97069559E-7	2.65040605E-4
1.57500000E+2	5.12225600E-9	2.09357031E-8	4.20369995E-7	2.18799801E-4
1.58000000E+2	4.73827056E-9	2.38086039E-8	4.00477898E-7	2.48824592E-4
1.58500000E+2	4.66334106E-9	2.23201836E-8	3.67074896E-7	2.33269057E-4
1.59000000E+2	4.70775682E-9	2.91099395E-8	3.93191705E-7	3.04229045E-4
1.59500000E+2	5.11691722E-9	2.12940240E-8	3.77286960E-7	2.22544626E-4
1.60000000E+2	2.83735102E-8	2.46283140E-8	3.83163140E-7	2.57391412E-4
1.60500000E+2	4.41167119E-9	2.67299130E-8	3.95057245E-7	2.79355300E-4
1.61000000E+2	4.65195391E-9	2.10245932E-8	3.96346433E-7	2.19728795E-4
1.61500000E+2	4.24185957E-9	2.43805609E-8	3.99324319E-7	2.54802136E-4
1.62000000E+2	5.90104442E-9	1.97612631E-8	3.71701862E-7	2.06525685E-4
1.62500000E+2	6.42739805E-9	2.33767706E-8	4.08575505E-7	2.44311487E-4
1.63000000E+2	5.12847810E-9	1.96661301E-8	3.57381749E-7	2.05531447E-4
1.63500000E+2	5.30586991E-9	2.86671812E-8	4.41304144E-7	2.99601762E-4
1.64000000E+2	4.39507152E-9	2.67791961E-8	3.74034393E-7	2.79870361E-4
1.64500000E+2	4.04701557E-9	2.33423431E-8	3.89616768E-7	2.43951684E-4
1.65000000E+2	6.15437689E-8	2.08181523E-8	3.71691895E-7	2.17571274E-4
1.65500000E+2	4.70104058E-9	1.93942005E-8	3.60250692E-7	2.02689501E-4
1.66000000E+2	5.30702932E-9	2.58452558E-8	3.69583808E-7	2.70109716E-4
1.66500000E+2	4.10038449E-9	3.29034034E-8	3.64471960E-7	3.43874676E-4
1.67000000E+2	4.92377678E-9	2.03841188E-8	3.76200927E-7	2.13035173E-4
1.67500000E+2	6.21074260E-9	1.90457458E-8	3.76454155E-7	1.99047787E-4
1.68000000E+2	5.06317327E-9	2.07636839E-8	3.79543950E-7	2.17002022E-4
1.68500000E+2	5.71404351E-9	2.47167716E-8	3.80555467E-7	2.58315886E-4
1.69000000E+2	5.22971813E-9	2.83306286E-8	3.85148997E-7	2.96084439E-4
1.69500000E+2	5.05517362E-9	2.23805961E-8	3.81779663E-7	2.33900431E-4
1.70000000E+2	7.51983594E-8	2.61881149E-8	3.89700793E-7	2.73692949E-4
1.70500000E+2	4.05577222E-9	2.08393472E-8	3.86040556E-7	2.17792782E-4
1.71000000E+2	6.24227212E-9	2.49080456E-8	3.55742347E-7	2.60314898E-4
1.71500000E+2	5.02570403E-9	1.88581101E-8	3.69266929E-7	1.97086800E-4
1.72000000E+2	5.08270749E-9	2.22499111E-8	3.79110825E-7	2.32534637E-4
1.72500000E+2	3.78968462E-9	2.84447964E-8	3.96114072E-7	2.97277611E-4
1.73000000E+2	5.69520491E-9	2.64077777E-8	3.78407607E-7	2.75988653E-4
1.73500000E+2	5.33926576E-9	2.75202913E-8	3.84636685E-7	2.87615573E-4
1.74000000E+2	5.87454985E-9	2.33741661E-8	4.34670516E-7	2.44284267E-4
1.74500000E+2	3.85755497E-9	2.12389612E-8	4.12406133E-7	2.21969162E-4
1.75000000E+2	3.73895961E-8	3.13577571E-8	3.69660744E-7	3.27721069E-4
1.75500000E+2	4.22329814E-9	2.80573868E-8	3.92487386E-7	2.93228778E-4
1.76000000E+2	4.25391313E-9	2.14977706E-8	4.10599949E-7	2.24673989E-4
1.76500000E+2	4.67857696E-9	3.04867921E-8	4.05926527E-7	3.18618582E-4
1.77000000E+2	5.18589120E-9	2.13168616E-8	4.55309094E-7	2.22783302E-4
1.77500000E+2	5.68559405E-9	2.14438690E-8	3.68814774E-7	2.24110661E-4
1.78000000E+2	4.68502795E-9	2.46762552E-8	3.90844076E-7	2.57892448E-4
1.78500000E+2	6.77097550E-9	2.17657753E-8	3.82657588E-7	2.27474915E-4
1.79000000E+2	9.75406711E-9	2.15555719E-8	4.38669609E-7	2.25278073E-4
1.79500000E+2	8.60710751E-9	2.87193510E-8	4.54187319E-7	3.00146991E-4
1.80000000E+2	2.82909468E-8	2.01661343E-8	4.18062456E-7	2.10757009E-4
1.80500000E+2	4.32681433E-9	2.23008984E-8	3.59450774E-7	2.33067507E-4
1.81000000E+2	8.63042432E-9	2.23636803E-8	3.65707008E-7	2.33723643E-4
1.81500000E+2	4.59868507E-9	1.91372380E-8	3.77707306E-7	2.00003976E-4
1.82000000E+2	4.76260152E-9	2.09926517E-8	3.61784398E-7	2.19394973E-4
1.82500000E+2	4.42963835E-9	2.57266894E-8	3.79174780E-7	2.68870574E-4
1.83000000E+2	4.82093185E-9	2.19796315E-8	3.68677975E-7	2.29709935E-4
1.83500000E+2	6.16181404E-9	2.66521486E-8	4.06613096E-7	2.78542583E-4
1.84000000E+2	4.89200873E-9	1.91348781E-8	3.92404722E-7	1.99979313E-4
1.84500000E+2	4.48081728E-9	2.88720725E-8	3.95618898E-7	3.01743088E-4
1.85000000E+2	2.53419618E-8	2.11438122E-8	3.41825274E-7	2.20974757E-4
1.85500000E+2	4.32703508E-9	2.04911552E-8	3.82444669E-7	2.14153815E-4
1.86000000E+2	4.15859464E-9	2.13428318E-8	3.57254512E-7	2.23054718E-4
1.86500000E+2	6.95433178E-9	1.87913430E-8	3.41664034E-7	1.96389014E-4
1.87000000E+2	4.25836781E-9	2.06340808E-8	3.68536489E-7	2.15647535E-4
1.87500000E+2	6.33239994E-9	2.36571515E-8	3.47097976E-7	2.47241758E-4
1.88000000E+2	4.56774831E-9	1.87679384E-8	3.30357736E-7	1.96144412E-4
1.88500000E+2	6.15701962E-9	1.96716977E-8	3.55622848E-7	2.05589634E-4
1.89000000E+2	4.92471693E-9	2.01566900E-8	3.34230073E-7	2.10658306E-4
1.89500000E+2	5.07206689E-9	2.24851282E-8	3.55982015E-7	2.34992899E-4
1.90000000E+2	4.78315865E-8	2.02987019E-8	3.75964444E-7	2.12142478E-4
1.90500000E+2	5.89757264E-9	2.46165680E-8	3.69166232E-7	2.57268654E-4
1.91000000E+2	5.44008751E-9	2.21225834E-8	3.27266410E-7	2.31203930E-4
1.91500000E+2	3.83337416E-9	2.57765369E-8	3.51987686E-7	2.69391533E-4
1.92000000E+2	4.73748041E-9	1.97720606E-8	3.20539485E-7	2.06638531E-4
1.92500000E+2	6.31797186E-9	2.12146640E-8	3.47651803E-7	2.21715231E-4
1.93000000E+2	4.55947173E-9	2.86178277E-8	3.66798619E-7	2.99085967E-4
1.93500000E+2	4.56475575E-9	3.14018488E-8	3.36694273E-7	3.28181873E-4
1.94000000E+2	4.56378725E-9	1.93925184E-8	3.33325844E-7	2.02671921E-4
1.94500000E+2	4.90339844E-9	2.17481603E-8	3.13361441E-7	2.27290821E-4
1.95000000E+2	5.05425644E-8	2.13467119E-8	3.22947644E-7	2.23095268E-4
1.95500000E+2	4.78552251E-9	2.36182362E-8	3.11819611E-7	2.46835053E-4
1.96000000E+2	4.40249613E-9	2.17954284E-8	3.23180519E-7	2.27784822E-4
1.96500000E+2	4.79349567E-9	2.19310343E-8	3.53817386E-7	2.29202044E-4
1.97000000E+2	5.04275660E-9	1.99326438E-8	3.38142604E-7	2.08316791E-4
1.97500000E+2	4.60434653E-9	3.00607508E-8	3.58615472E-7	3.14166009E-4
1.98000000E+2	5.45817416E-9	2.34082914E-8	3.12968247E-7	2.44640912E-4
1.98500000E+2	7.09164064E-9	2.29820433E-8	3.56133762E-7	2.40186177E-4
1.99000000E+2	4.14939489E-9	2.14336774E-8	3.64527641E-7	2.24004148E-4
1.99500000E+2	5.19327410E-9	2.18005054E-8	4.36269835E-7	2.27837882E-4
2.00000000E+2	4.69228218E-8	2.10613892E-8	1.29794657E-6	2.20113351E-4
2.00500000E+2	4.57407125E-9	2.33810152E-8	3.78575528E-7	2.44355847E-4
2.01000000E+2	4.82273240E-9	2.09870381E-8	3.69329884E-7	2.19336305E-4
2.01500000E+2	6.55623855E-9	2.12326414E-8	3.48263590E-7	2.21903113E-4
2.02000000E+2	5.00764672E-9	1.99344563E-8	3.01709114E-7	2.08335734E-4
2.02500000E+2	4.27558103E-9	2.84863705E-8	3.43804914E-7	2.97712103E-4
2.03000000E+2	4.81987322E-9	2.22094816E-8	3.13174452E-7	2.32112107E-4
2.03500000E+2	4.97114740E-9	2.37043624E-8	3.24649626E-7	2.47735161E-4
2.04000000E+2	6.24270376E-9	2.60045041E-8	3.07195891E-7	2.71774026E-4
2.04500000E+2	4.33575704E-9	2.30600213E-8	3.16584553E-7	2.41001128E-4
2.05000000E+2	3.14495256E-8	2.13834263E-8	3.13273598E-7	2.23478972E-4
2.05500000E+2	5.70709158E-9	2.45206985E-8	3.33761925E-7	2.56266719E-4
2.06000000E+2	5.98583283E-9	2.62902599E-8	4.03197208E-7	2.74760470E-4
2.06500000E+2	5.20366877E-9	2.42116468E-8	3.88005160E-7	2.53036809E-4
2.07000000E+2	4.19047817E-9	1.94875629E-8	3.43605732E-7	2.03665234E-4
2.07500000E+2	4.68211312E-9	1.99822422E-8	2.84432584E-7	2.08835146E-4
2.08000000E+2	5.88763025E-9	2.44524453E-8	3.37629790E-7	2.55553403E-4
2.08500000E+2	4.27022979E-9	1.76695460E-8	3.36145406E-7	1.84665073E-4
2.09000000E+2	4.45674863E-9	2.48192002E-8	3.43908241E-7	2.59386371E-4
2.09500000E+2	5.49116821E-9	2.31429319E-8	3.45162148E-7	2.41867630E-4
2.10000000E+2	2.55114909E-8	1.90358527E-8	3.40118962E-7	1.98944395E-4
2.10500000E+2	6.11189840E-9	2.80141881E-8	3.27469741E-7	2.92777307E-4
2.11000000E+2	4.84456645E-9	2.81074685E-8	3.17117964E-7	2.93752184E-4
2.11500000E+2	5.75328210E-9	3.43341416E-8	3.39728317E-7	3.58827373E-4
2.12000000E+2	5.09484006E-9	3.17464429E-8	3.39782573E-7	3.31783239E-4
2.12500000E+2	4.86573466E-9	2.26716534E-8	3.19745597E-7	2.36942281E-4
2.13000000E+2	5.64578575E-9	2.25654232E-8	3.61662234E-7	2.35832065E-4
2.13500000E+2	4.23811190E-9	2.32928889E-8	3.19215842E-7	2.43434836E-4
2.14000000E+2	4.33931432E-9	2.43934153E-8	3.28899900E-7	2.54936477E-4
2.14500000E+2	7.13141386E-9	2.00380976E-8	3.53360278E-7	2.09418893E-4
2.15000000E+2	4.57656644E-8	1.94429524E-8	3.00786244E-7	2.03199009E-4
2.15500000E+2	6.13165470E-9	1.99666426E-8	3.41411242E-7	2.08672114E-4
2.16000000E+2	5.60915845E-9	2.02481468E-8	3.19322623E-7	2.11614124E-4
2.16500000E+2	4.31182124E-9	2.47176737E-8	3.57611771E-7	2.58325314E-4
2.17000000E+2	4.74760779E-9	2.41073943E-8	3.32429258E-7	2.51947262E-4
2.17500000E+2	4.85099975E-9	2.38299094E-8	3.36470307E-7	2.49047257E-4
2.18000000E+2	4.52049169E-9	1.81561076E-8	3.32317419E-7	1.89750146E-4
2.18500000E+2	7.78511422E-9	1.84216436E-8	3.07627810E-7	1.92525272E-4
2.19000000E+2	7.97328205E-9	2.09442311E-8	3.33564352E-7	2.18888927E-4
2.19500000E+2	4.44585980E-9	2.44406502E-8	3.17892012E-7	2.55430131E-4
2.20000000E+2	4.12538474E-8	2.90612009E-8	3.83249443E-7	3.03719676E-4
2.20500000E+2	5.09287013E-9	1.86839010E-8	3.62494356E-7	1.95266135E-4
2.21000000E+2	5.12728825E-9	2.06280095E-8	3.45027361E-7	2.15584083E-4
2.21500000E+2	4.74589429E-9	2.31869486E-8	3.55692311E-7	2.42327650E-4
2.22000000E+2	5.55163062E-9	2.09373144E-8	3.38308300E-7	2.18816641E-4
2.22500000E+2	4.95389020E-9	2.10366870E-8	3.59673453E-7	2.19855187E-4
2.23000000E+2	6.48908114E-9	1.88166514E-8	3.12429092E-7	1.96653514E-4
2.23500000E+2	3.97416492E-9	1.78443844E-8	3.17240154E-7	1.86492316E-4
2.24000000E+2	5.81141441E-9	1.88577777E-8	3.69010080E-7	1.97083326E-4
2.24500000E+2	4.17241520E-9	2.39490322E-8	3.02215853E-7	2.50292214E-4
2.25000000E+2	3.88445392E-8	2.95353448E-8	3.04826030E-7	3.08674972E-4
2.25500000E+2	4.94353743E-9	2.02148099E-8	3.20730346E-7	2.11265720E-4
2.26000000E+2	5.38978064E-9	2.02214747E-8	3.28308032E-7	2.11335373E-4
2.26500000E+2	4.46389114E-9	2.34511869E-8	3.37582651E-7	2.45089214E-4
2.27000000E+2	4.94074766E-9	2.41315758E-8	3.08010944E-7	2.52199983E-4
2.27500000E+2	4.66891775E-9	2.08607727E-8	3.10964800E-7	2.18016701E-4
2.28000000E+2	5.73148814E-9	2.17774837E-8	3.41455959E-7	2.27597280E-4
2.28500000E+2	4.00537220E-9	2.06584079E-8	3.11345701E-7	2.15901778E-4
2.29000000E+2	5.09367046E-9	2.27086546E-8	3.50981661E-7	2.37328982E-4
2.29500000E+2	6.25178613E-9	2.36353880E-8	3.32055046E-7	2.47014307E-4
2.30000000E+2	5.27466507E-8	1.84874988E-8	5.60219836E-7	1.93213528E-4
2.30500000E+2	4.43873263E-9	2.60787344E-8	3.01332391E-7	2.72549810E-4
2.31000000E+2	5.38475061E-9	2.34019197E-8	3.27516647E-7	2.44574321E-4
2.31500000E+2	4.01993067E-9	1.91451969E-8	2.91888703E-7	2.00087155E-4
2.32000000E+2	5.60910553E-9	2.51191974E-8	2.85708985E-7	2.62521653E-4
2.32500000E+2	5.39070196E-9	2.30690291E-8	3.20648485E-7	2.41095269E-4
2.33000000E+2	4.96678030E-9	2.31624072E-8	3.03931506E-7	2.42071167E-4
2.33500000E+2	5.20153625E-9	2.15444941E-8	3.50294221E-7	2.25162297E-4
2.34000000E+2	4.86742278E-9	2.50087461E-8	3.16937601E-7	2.61367322E-4
2.34500000E+2	4.42702714E-9	2.17185582E-8	3.19131339E-7	2.26981448E-4
2.35000000E+2	6.08519790E-8	2.05516871E-8	3.11860017E-7	2.14786436E-4
2.35500000E+2	5.00885781E-9	2.01174636E-8	3.17008978E-7	2.10248349E-4
2.36000000E+2	5.36312567E-9	2.46585767E-8	3.00958000E-7	2.57707689E-4
2.36500000E+2	5.44526930E-9	2.05417385E-8	3.29608815E-7	2.14682462E-4
2.37000000E+2	5.30789155E-9	2.66002606E-8	3.35891199E-7	2.78000299E-4
2.37500000E+2	4.02861099E-9	2.46974104E-8	3.09344163E-7	2.58113542E-4
2.38000000E+2	5.96548852E-9	2.95398011E-8	3.57908689E-7	3.08721544E-4
2.38500000E+2	3.99103390E-9	3.16872709E-8	4.20747947E-7	3.31164830E-4
2.39000000E+2	5.66806815E-9	2.18636592E-8	2.92245199E-7	2.28497904E-4
2.39500000E+2	6.22998965E-9	2.50304561E-8	3.47217423E-7	2.61594215E-4
2.40000000E+2	3.49603831E-8	2.51647895E-8	3.14439057E-7	2.62998138E-4
2.40500000E+2	4.16476264E-9	1.96877752E-8	2.80565275E-7	2.05757661E-4
2.41000000E+2	5.98690142E-9	3.10005864E-8	2.94569422E-7	3.23988266E-4
2.41500000E+2	4.67845356E-9	1.83593560E-8	3.11962499E-7	1.91874303E-4
2.42000000E+2	6.04502479E-9	1.95882055E-8	3.33728736E-7	2.04717055E-4
2.42500000E+2	4.77454978E-9	2.02466684E-8	3.26452539E-7	2.11598674E-4
2.43000000E+2	4.58544348E-9	1.90507261E-8	3.13785639E-7	1.99099837E-4
2.43500000E+2	5.43331943E-9	2.86286731E-8	3.32367886E-7	2.99199312E-4
2.44000000E+2	4.88382806E-9	1.85720326E-8	3.36915906E-7	1.94096993E-4
2.44500000E+2	4.76096536E-9	2.29752306E-8	4.23236326E-7	2.40114977E-4
2.45000000E+2	2.13475371E-8	2.10301426E-8	3.05737849E-7	2.19786791E-4
2.45500000E+2	5.62435910E-9	2.17411349E-8	2.92800126E-7	2.27217398E-4
2.46000000E+2	4.33363782E-9	2.31750428E-8	3.41891003E-7	2.42203222E-4
2.46500000E+2	5.96639874E-9	2.58178044E-8	3.31830440E-7	2.69822820E-4
2.47000000E+2	5.39025666E-9	2.00022638E-8	3.00396310E-7	2.09044392E-4
2.47500000E+2	3.98825710E-9	2.15615395E-8	3.41714516E-7	2.25340440E-4
2.48000000E+2	6.48132981E-9	1.65582410E-8	3.66189157E-7	1.73050783E-4
2.48500000E+2	4.90723848E-9	1.82691572E-8	6.05158983E-7	1.90931632E-4
2.49000000E+2	4.12018015E-9	2.26205128E-8	4.99876552E-7	2.36407809E-4
2.49500000E+2	4.63880710E-9	1.96332250E-8	8.78186489E-7	2.05187555E-4
2.50000000E+2	3.58245496E-8	3.33258712E-8	7.24092463E-6	3.48289902E-4
2.50500000E+2	5.41269235E-9	1.89978953E-8	9.95959156E-7	1.98547700E-4
2.51000000E+2	5.19040991E-9	2.09748790E-8	5.24634642E-7	2.19209230E-4
2.51500000E+2	4.44606615E-9	2.16605823E-8	4.25787703E-7	2.26375540E-4
2.52000000E+2	5.04162415E-9	2.74560692E-8	3.89456803E-7	2.86944386E-4
2.52500000E+2	5.65938565E-9	1.81167415E-8	3.47653371E-7	1.89338730E-4
2.53000000E+2	4.13845403E-9	2.69676411E-8	3.12796681E-7	2.81839806E-4
2.53500000E+2	4.58443094E-9	1.86611535E-8	3.20080539E-7	1.95028400E-4
2.54000000E+2	5.51967361E-9	1.83473476E-8	3.02014986E-7	1.91748802E-4
2.54500000E+2	4.83044222E-9	2.01270399E-8	3.22720669E-7	2.10348432E-4
2.55000000E+2	3.27565203E-8	2.78948990E-8	3.53062491E-7	2.91530613E-4
2.55500000E+2	4.56954688E-9	2.06588537E-8	3.03041209E-7	2.15906438E-4
2.56000000E+2	4.88764525E-9	2.17665703E-8	3.20646247E-7	2.27483225E-4
2.56500000E+2	5.98722697E-9	2.39941811E-8	3.33499457E-7	2.50764067E-4
2.57000000E+2	5.35555324E-9	2.04511022E-8	2.67761762E-7	2.13735219E-4
2.57500000E+2	4.37702578E-9	2.06512113E-8	2.77466153E-7	2.15826566E-4
2.58000000E+2	4.63170724E-9	1.98079498E-8	3.06544393E-7	2.07013610E-4
2.58500000E+2	4.95201196E-9	4.63844034E-8	3.60167330E-7	4.84765101E-4
2.59000000E+2	5.37254063E-9	1.95949358E-8	4.22783190E-7	2.04787393E-4
2.59500000E+2	4.62569638E-9	2.09957722E-8	2.74279601E-7	2.19427585E-4
2.60000000E+2	3.74592761E-8	2.12760916E-8	3.07649196E-7	2.22357213E-4
2.60500000E+2	5.49330472E-9	1.81779174E-8	2.76485563E-7	1.89978081E-4
2.61000000E+2	4.60435810E-9	2.10724788E-8	2.94139516E-7	2.20229249E-4
2.61500000E+2	6.50501151E-9	2.13395674E-8	2.86891314E-7	2.23020602E-4
2.62000000E+2	3.98966875E-9	2.00102239E-8	2.81005489E-7	2.09127583E-4
2.62500000E+2	4.81150761E-9	2.66315287E-8	3.00549066E-7	2.78327083E-4
2.63000000E+2	4.48151961E-9	1.76688161E-8	2.77147504E-7	1.84657445E-4
2.63500000E+2	5.50079751E-9	2.17494829E-8	2.82085454E-7	2.27304644E-4
2.64000000E+2	7.09150352E-9	1.80365677E-8	3.32739387E-7	1.88500830E-4
2.64500000E+2	4.62532593E-9	1.66505072E-8	6.30932328E-7	1.74015062E-4
2.65000000E+2	6.75007066E-8	2.07511159E-8	3.93602395E-7	2.16870674E-4
2.65500000E+2	5.30828907E-9	2.99818777E-8	2.95930053E-7	3.13341704E-4
2.66000000E+2	5.16673202E-9	1.92120749E-8	3.17878071E-7	2.00786100E-4
2.66500000E+2	6.55124056E-9	2.40512133E-8	3.00862952E-7	2.51360112E-4
2.67000000E+2	4.57289816E-9	2.26700347E-8	2.76188084E-7	2.36925364E-4
2.67500000E+2	4.49371035E-9	2.29775110E-8	2.76331447E-7	2.40138810E-4
2.68000000E+2	6.51161356E-9	2.10364555E-8	3.00560765E-7	2.19852767E-4
2.68500000E+2	5.00887664E-9	2.05770946E-8	2.57920132E-7	2.15051970E-4
2.69000000E+2	5.84303352E-9	2.27013297E-8	2.87251983E-7	2.37252429E-4
2.69500000E+2	4.29875726E-9	2.00999176E-8	2.85850422E-7	2.10064976E-4
2.70000000E+2	3.70954980E-8	1.81029208E-8	2.62633826E-7	1.89194289E-4
2.70500000E+2	5.35610635E-9	2.77083925E-8	2.95308737E-7	2.89581426E-4
2.71000000E+2	5.12906224E-9	2.86695100E-8	3.34510045E-7	2.99626100E-4
2.71500000E+2	6.60130138E-9	1.98661450E-8	2.94159507E-7	2.07621810E-4
2.72000000E+2	8.65389129E-9	2.25961185E-8	2.79173345E-7	2.36152863E-4
2.72500000E+2	4.09487685E-9	2.03402511E-8	2.75016478E-7	2.12576710E-4
2.73000000E+2	5.45281117E-9	2.52620727E-8	2.85375984E-7	2.64014848E-4
2.73500000E+2	4.74429221E-9	2.53603481E-8	3.05982648E-7	2.65041928E-4
2.74000000E+2	4.12334814E-9	2.26815953E-8	3.10171111E-7	2.37046185E-4
2.74500000E+2	5.06304959E-9	2.56208367E-8	2.81639368E-7	2.67764304E-4
2.75000000E+2	4.69629450E-8	1.76752782E-8	2.67298592E-7	1.84724981E-4
2.75500000E+2	3.92892048E-9	2.16739954E-8	3.02082600E-7	2.26515720E-4
2.76000000E+2	7.28029431E-9	2.13869800E-8	2.71145009E-7	2.23516112E-4
2.76500000E+2	5.06702083E-9	1.88907493E-8	3.45897442E-7	1.97427913E-4
2.77000000E+2	4.91156775E-9	1.83450921E-8	3.32297369E-7	1.91725230E-4
2.77500000E+2	3.96275969E-9	3.19841967E-8	3.68046497E-7	3.34268012E-4
2.78000000E+2	4.32358714E-9	1.80851858E-8	3.04733841E-7	1.89008940E-4
2.78500000E+2	4.28619544E-9	3.16352950E-8	3.19108486E-7	3.30621628E-4
2.79000000E+2	5.12610388E-9	1.86157395E-8	3.98930214E-7	1.94553776E-4
2.79500000E+2	6.08963171E-9	2.25012867E-8	4.44097897E-7	2.35161772E-4
2.80000000E+2	6.86232107E-8	2.60399361E-8	3.77414115E-7	2.72144328E-4
2.80500000E+2	6.39460746E-9	1.93213296E-8	3.06127862E-7	2.01927924E-4
2.81000000E+2	7.15607033E-9	1.70111945E-8	3.23473221E-7	1.77784617E-4
2.81500000E+2	5.93215015E-9	1.94165558E-8	3.43682454E-7	2.02923137E-4
2.82000000E+2	4.56592097E-9	1.93015226E-8	3.05556081E-7	2.01720921E-4
2.82500000E+2	4.31414793E-9	1.87580068E-8	3.28117313E-7	1.96040617E-4
2.83000000E+2	4.61191313E-9	3.16798254E-8	2.83101800E-7	3.31087017E-4
2.83500000E+2	4.89218524E-9	1.90854417E-8	3.19030129E-7	1.99462651E-4
2.84000000E+2	5.35223270E-9	2.15885606E-8	2.89242063E-7	2.25622839E-4
2.84500000E+2	5.14692729E-9	1.85241589E-8	2.79380760E-7	1.93596664E-4
2.85000000E+2	5.94363121E-8	2.53651433E-8	2.95013033E-7	2.65092043E-4
2.85500000E+2	5.06429740E-9	2.18567627E-8	2.96839932E-7	2.28425828E-4
2.86000000E+2	4.63891137E-9	2.60632258E-8	2.76123395E-7	2.72387728E-4
2.86500000E+2	4.26698445E-9	2.09950221E-8	2.83107716E-7	2.19419746E-4
2.87000000E+2	5.36155442E-9	2.24249811E-8	2.98992459E-7	2.34364300E-4
2.87500000E+2	4.67266002E-9	1.65783176E-8	2.76689062E-7	1.73260605E-4
2.88000000E+2	6.32391779E-9	2.10707201E-8	2.96926608E-7	2.20210869E-4
2.88500000E+2	4.05792886E-9	2.01530359E-8	2.71173455E-7	2.10620118E-4
2.89000000E+2	5.12227264E-9	1.99176812E-8	2.44121770E-7	2.08160416E-4
2.89500000E+2	7.31912895E-9	2.55944392E-8	2.81792709E-7	2.67488423E-4
2.90000000E+2	3.45249713E-8	2.88013965E-8	2.74472164E-7	3.01004451E-4
2.90500000E+2	5.77148751E-9	2.05550707E-8	3.00995362E-7	2.14821797E-4
2.91000000E+2	4.73140851E-9	2.09143844E-8	2.52355679E-7	2.18576998E-4
2.91500000E+2	5.19587867E-9	1.74379638E-8	3.50757976E-7	1.82244799E-4
2.92000000E+2	5.77257593E-9	2.00859242E-8	2.83521343E-7	2.09918730E-4
2.92500000E+2	4.44335389E-9	2.60364261E-8	2.82182077E-7	2.72107643E-4
2.93000000E+2	4.09492594E-9	1.82660718E-8	2.90944401E-7	1.90899386E-4
2.93500000E+2	5.16281425E-9	2.04441891E-8	2.63940682E-7	2.13662970E-4
2.94000000E+2	6.81065734E-9	1.71400209E-8	2.45161549E-7	1.79130987E-4
2.94500000E+2	4.18249117E-9	2.40804362E-8	2.69250676E-7	2.51665522E-4
2.95000000E+2	4.53553160E-8	1.81490704E-8	2.78395931E-7	1.89676600E-4
2.95500000E+2	4.53853442E-9	2.29301265E-8	3.16882760E-7	2.39643593E-4
2.96000000E+2	4.15658648E-9	1.87627374E-8	2.80008670E-7	1.96090056E-4
2.96500000E+2	5.16771645E-9	2.91308047E-8	2.82511862E-7	3.04447108E-4
2.97000000E+2	4.97126901E-9	1.86640034E-8	2.74419701E-7	1.95058184E-4
2.97500000E+2	4.12243615E-9	2.14230778E-8	2.92582019E-7	2.23893372E-4
2.98000000E+2	4.36202099E-9	1.90671040E-8	2.64271209E-7	1.99271003E-4
2.98500000E+2	4.01239462E-9	1.78149570E-8	2.68721986E-7	1.86184769E-4
2.99000000E+2	4.90051649E-9	3.61404822E-8	3.53883859E-7	3.77705505E-4
2.99500000E+2	4.25798566E-9	1.87434975E-8	3.91489286E-7	1.95888980E-4
3.00000000E+2	3.29261155E-8	1.91848112E-8	4.59194259E-7	2.00501165E-4
3.00500000E+2	5.62540677E-9	2.58720076E-8	3.28656063E-7	2.70389300E-4
3.01000000E+2	5.09509855E-9	1.87265680E-8	2.91578767E-7	1.95712049E-4
3.01500000E+2	5.46636983E-9	3.06878990E-8	3.52889245E-7	3.20720358E-4
3.02000000E+2	4.86348566E-9	2.11892833E-8	3.07363459E-7	2.21449977E-4
3.02500000E+2	5.56171222E-9	2.40400473E-8	2.74316802E-7	2.51243416E-4
3.03000000E+2	4.56124857E-9	3.11623677E-8	3.09830827E-7	3.25679048E-4
3.03500000E+2	3.89708819E-9	2.09280688E-8	2.85795251E-7	2.18720014E-4
3.04000000E+2	4.33087917E-9	1.95558004E-8	2.56925840E-7	2.04378387E-4
3.04500000E+2	5.94652357E-9	2.20721638E-8	2.95552609E-7	2.30676993E-4
3.05000000E+2	4.69585312E-8	2.52087275E-8	3.11102486E-7	2.63457336E-4
3.05500000E+2	5.37058163E-9	2.50555826E-8	2.65965213E-7	2.61856813E-4
3.06000000E+2	4.33159677E-9	3.33567257E-8	2.65056832E-7	3.48612364E-4
3.06500000E+2	5.15388722E-9	2.03646273E-8	2.59300630E-7	2.12831467E-4
3.07000000E+2	4.71914506E-9	2.29391087E-8	2.56552225E-7	2.39737466E-4
3.07500000E+2	5.38338646E-9	2.18691499E-8	2.73668374E-7	2.28555288E-4
3.08000000E+2	4.27661004E-9	2.31827890E-8	2.97094244E-7	2.42284178E-4
3.08500000E+2	4.50411889E-9	2.21839109E-8	3.17664588E-7	2.31844866E-4
3.09000000E+2	4.93987071E-9	2.37883220E-8	2.75091233E-7	2.48612626E-4
3.09500000E+2	4.47616741E-9	2.58805073E-8	2.86619283E-7	2.70478131E-4
3.10000000E+2	4.10011807E-8	2.09557620E-8	2.67617360E-7	2.19009437E-4
3.10500000E+2	6.28702338E-9	1.85532947E-8	2.75704655E-7	1.93901163E-4
3.11000000E+2	6.14722150E-9	1.64940249E-8	2.55647725E-7	1.72379659E-4
3.11500000E+2	8.66165637E-9	2.97734455E-8	2.86893321E-7	3.11163371E-4
3.12000000E+2	5.40496613E-9	2.25540322E-8	2.86607984E-7	2.35713018E-4
3.12500000E+2	4.87546928E-9	1.90568189E-8	2.73976088E-7	1.99163513E-4
3.13000000E+2	4.10335956E-9	2.24637156E-8	2.65208515E-7	2.34769115E-4
3.13500000E+2	4.70288304E-9	2.00893855E-8	2.90375647E-7	2.09954905E-4
3.14000000E+2	4.93694935E-9	2.22873175E-8	2.50884828E-7	2.32925573E-4
3.14500000E+2	4.85254988E-9	2.30276260E-8	3.54389411E-7	2.40662564E-4
3.15000000E+2	4.97139604E-8	2.95128208E-8	2.57682315E-7	3.08439572E-4
3.15500000E+2	4.06379131E-9	2.12316109E-8	2.63235340E-7	2.21892344E-4
3.16000000E+2	4.38435267E-9	2.15646052E-8	2.95135673E-7	2.25372480E-4
3.16500000E+2	4.43900077E-9	1.86061397E-8	2.78120829E-7	1.94453448E-4
3.17000000E+2	5.42170420E-9	2.14604449E-8	2.63401268E-7	2.24283896E-4
3.17500000E+2	4.75493747E-9	2.19809068E-8	2.66053114E-7	2.29723263E-4
3.18000000E+2	5.64114696E-9	2.02065910E-8	2.61799686E-7	2.11179823E-4
3.18500000E+2	5.10676040E-9	2.58313126E-8	2.65241482E-7	2.69963995E-4
3.19000000E+2	4.23140352E-9	1.84820023E-8	2.64861669E-7	1.93156084E-4
3.19500000E+2	4.66995984E-9	2.45942500E-8	3.22384787E-7	2.57035408E-4
3.20000000E+2	5.97775722E-8	1.83651959E-8	2.55458783E-7	1.91935336E-4
3.20500000E+2	5.07249473E-9	2.10265282E-8	3.21974945E-7	2.19749017E-4
3.21000000E+2	5.74470371E-9	1.76198057E-8	2.65027864E-7	1.84145236E-4
3.21500000E+2	5.90377479E-9	1.72128848E-8	2.49879530E-7	1.79892490E-4
3.22000000E+2	4.78736772E-9	1.99978560E-8	3.01157099E-7	2.08998327E-4
3.22500000E+2	5.37144110E-9	1.80118517E-8	2.54887617E-7	1.88242523E-4
3.23000000E+2	5.64424775E-9	1.80795470E-8	2.72754404E-7	1.88950009E-4
3.23500000E+2	4.43996501E-9	2.34686054E-8	2.61062116E-7	2.45271255E-4
3.24000000E+2	4.78763251E-9	1.88822954E-8	2.69222201E-7	1.97339562E-4
3.24500000E+2	7.17448725E-9	2.22641236E-8	3.02816639E-7	2.32683172E-4
3.25000000E+2	8.98059018E-8	1.79214158E-8	3.05862664E-7	1.87297374E-4
3.25500000E+2	4.23131451E-9	2.15525706E-8	2.79201782E-7	2.25246706E-4
3.26000000E+2	7.60551321E-9	2.34555013E-8	2.69071427E-7	2.45134304E-4
3.26500000E+2	6.74149885E-9	2.09210268E-8	2.94848559E-7	2.18646418E-4
3.27000000E+2	6.91453673E-9	2.70433297E-8	2.84442863E-7	2.82630830E-4
3.27500000E+2	4.32621461E-9	1.72566979E-8	2.37099237E-7	1.80350383E-4
3.28000000E+2	5.79365375E-9	2.18903547E-8	2.76088584E-7	2.28776900E-4
3.28500000E+2	5.37585697E-9	2.14845977E-8	2.57729899E-7	2.24536318E-4
3.29000000E+2	6.49889088E-9	2.19416843E-8	2.50385938E-7	2.29313347E-4
3.29500000E+2	5.17909742E-9	2.90231162E-8	2.48155555E-7	3.03321652E-4
3.30000000E+2	4.12047719E-8	1.78381308E-8	2.62902189E-7	1.86426959E-4
3.30500000E+2	4.90734041E-9	1.88319999E-8	2.80179964E-7	1.96813921E-4
3.31000000E+2	7.89995432E-9	2.85442305E-8	2.68661283E-7	2.98316799E-4
3.31500000E+2	4.66456339E-9	1.75456187E-8	2.40801870E-7	1.83369905E-4
3.32000000E+2	5.81590061E-9	1.95961590E-8	2.72150840E-7	2.04800177E-4
3.32500000E+2	7.00611811E-9	1.73710461E-8	2.73925017E-7	1.81545440E-4
3.33000000E+2	5.90242349E-9	1.93110478E-8	4.76028827E-7	2.01820469E-4
3.33500000E+2	5.82377492E-9	1.92916584E-8	7.23901757E-7	2.01617829E-4
3.34000000E+2	5.29262996E-9	2.46951067E-8	3.01277326E-7	2.58089466E-4
3.34500000E+2	5.48215139E-9	1.96942667E-8	2.47575329E-7	2.05825503E-4
3.35000000E+2	2.40587097E-8	1.84053501E-8	2.63504496E-7	1.92354988E-4
3.35500000E+2	5.60095561E-9	1.60700760E-8	2.61686549E-7	1.67948953E-4
3.36000000E+2	5.46797115E-9	1.68402340E-8	2.41835694E-7	1.75997903E-4
3.36500000E+2	5.19542494E-9	1.73102154E-8	2.66846657E-7	1.80909696E-4
3.37000000E+2	6.13389563E-9	1.90908282E-8	2.40071922E-7	1.99518945E-4
3.37500000E+2	6.38847014E-9	1.83686232E-8	2.64321446E-7	1.91971155E-4
3.38000000E+2	6.39377915E-9	3.33361282E-8	3.37670891E-7	3.48397098E-4
3.38500000E+2	4.60106537E-9	2.18166626E-8	2.93870030E-7	2.28006741E-4
3.39000000E+2	5.86849999E-9	2.40104538E-8	2.59169579E-7	2.50934133E-4
3.39500000E+2	4.39968614E-9	1.89262908E-8	2.61420416E-7	1.97799359E-4
3.40000000E+2	3.86172247E-8	1.84706733E-8	2.42947851E-7	1.93037684E-4
3.40500000E+2	7.51575736E-9	1.93120539E-8	2.57334543E-7	2.01830984E-4
3.41000000E+2	3.97492900E-9	1.95119724E-8	2.56140072E-7	2.03920340E-4
3.41500000E+2	5.58937748E-9	1.83562749E-8	2.52896211E-7	1.91842102E-4
3.42000000E+2	4.75171251E-9	1.83639271E-8	2.62239559E-7	1.91922076E-4
3.42500000E+2	3.95919262E-9	2.99618359E-8	3.25807687E-7	3.13132246E-4
3.43000000E+2	5.51987481E-9	3.38219193E-8	2.77456704E-7	3.53474119E-4
3.43500000E+2	4.23233069E-9	1.69395458E-8	2.55397816E-7	1.77035815E-4
3.44000000E+2	5.56641268E-9	2.40297264E-8	2.67466654E-7	2.51135552E-4
3.44500000E+2	4.57017427E-9	2.37098315E-8	3.00061561E-7	2.47792318E-4
3.45000000E+2	5.19893625E-8	1.82420160E-8	2.57307519E-7	1.90647978E-4
3.45500000E+2	6.00163873E-9	2.17367304E-8	2.72298355E-7	2.27171366E-4
3.46000000E+2	5.24796632E-9	2.21240513E-8	3.14329429E-7	2.31219271E-4
3.46500000E+2	7.01830092E-9	1.88863520E-8	2.95274521E-7	1.97381957E-4
3.47000000E+2	4.43048406E-9	1.64877830E-8	3.40887325E-7	1.72314425E-4
3.47500000E+2	4.94008611E-9	1.80007280E-8	3.49543629E-7	1.88126268E-4
3.48000000E+2	4.78159322E-9	1.83650747E-8	4.17111737E-7	1.91934069E-4
3.48500000E+2	4.65176596E-9	1.81103750E-8	4.66072491E-7	1.89272193E-4
3.49000000E+2	4.48388172E-9	1.82777194E-8	5.86085694E-7	1.91021115E-4
3.49500000E+2	4.28142355E-9	1.92948379E-8	1.11655590E-6	2.01651058E-4
3.50000000E+2	8.70646883E-8	2.10712936E-8	6.68466149E-6	2.20216862E-4
3.50500000E+2	4.70997364E-9	1.80283508E-8	1.22392396E-6	1.88414956E-4
3.51000000E+2	4.88525267E-9	2.35734828E-8	6.09702575E-7	2.46367333E-4
3.51500000E+2	7.28405905E-9	1.85027316E-8	4.80574194E-7	1.93372727E-4
3.52000000E+2	5.35655823E-9	1.93739839E-8	4.06788284E-7	2.02478216E-4
3.52500000E+2	5.50708929E-9	1.67191491E-8	3.62595564E-7	1.74732440E-4
3.53000000E+2	3.96960599E-9	2.18779232E-8	2.83752332E-7	2.28646978E-4
3.53500000E+2	4.46666886E-9	2.59658113E-8	2.79643180E-7	2.71369646E-4
3.54000000E+2	5.30665609E-9	2.67800857E-8	3.02420895E-7	2.79879657E-4
3.54500000E+2	4.13083813E-9	3.09929764E-8	3.01006477E-7	3.23908733E-4
3.55000000E+2	3.65928364E-8	1.78242904E-8	2.86427550E-7	1.86282313E-4
3.55500000E+2	4.22779113E-9	2.71792185E-8	2.87089967E-7	2.84051009E-4
3.56000000E+2	5.04613756E-9	2.64400961E-8	2.65248092E-7	2.76326414E-4
3.56500000E+2	5.03825534E-9	2.34383554E-8	3.19489888E-7	2.44955112E-4
3.57000000E+2	4.89078695E-9	1.93118478E-8	2.68035575E-7	2.01828830E-4
3.57500000E+2	4.74638444E-9	1.90160859E-8	2.74609386E-7	1.98737811E-4
3.58000000E+2	4.17179635E-9	1.89615659E-8	2.36370454E-7	1.98168021E-4
3.58500000E+2	5.14333206E-9	1.90864424E-8	2.38196873E-7	1.99473109E-4
3.59000000E+2	4.48086185E-9	1.89948262E-8	2.69772449E-7	1.98515625E-4
3.59500000E+2	4.31988206E-9	2.25407116E-8	2.83904715E-7	2.35573804E-4
3.60000000E+2	6.01567151E-8	1.94542572E-8	2.52088710E-7	2.03317155E-4
3.60500000E+2	7.02311587E-9	2.61985103E-8	3.11548828E-7	2.73801592E-4
3.61000000E+2	5.50988314E-9	2.23303569E-8	2.71341815E-7	2.33375378E-4
3.61500000E+2	4.59143069E-9	1.98753145E-8	2.72835327E-7	2.07717640E-4
3.62000000E+2	4.23335617E-9	1.96344967E-8	2.36492360E-7	2.05200845E-4
3.62500000E+2	7.56560760E-9	2.69829384E-8	2.75434801E-7	2.81999679E-4
3.63000000E+2	4.91526392E-9	3.56737983E-8	2.63790414E-7	3.72828175E-4
3.63500000E+2	5.94053693E-9	1.82246011E-8	2.43017882E-7	1.90465974E-4
3.64000000E+2	5.95436880E-9	1.75185275E-8	2.70264152E-7	1.83086774E-4
3.64500000E+2	6.11799830E-9	1.82839284E-8	2.30318398E-7	1.91086006E-4
3.65000000E+2	7.20659113E-8	1.84224594E-8	2.71168882E-7	1.92533798E-4
3.65500000E+2	5.87666060E-9	1.93656185E-8	3.17914197E-7	2.02390789E-4
3.66000000E+2	5.71329737E-9	1.96604349E-8	2.30150897E-7	2.05471926E-4
3.66500000E+2	5.28588717E-9	2.07227454E-8	2.50596712E-7	2.16574172E-4
3.67000000E+2	7.32040752E-9	2.19016031E-8	2.44826329E-7	2.28894458E-4
3.67500000E+2	6.97166423E-9	2.17020795E-8	3.15142558E-7	2.26809228E-4
3.68000000E+2	5.36553178E-9	2.55553190E-8	2.46809446E-7	2.67079576E-4
3.68500000E+2	4.61124644E-9	1.79169172E-8	2.52276598E-7	1.87250359E-4
3.69000000E+2	4.08351523E-9	2.12712297E-8	2.49961853E-7	2.22306402E-4
3.69500000E+2	5.13716555E-9	1.93788246E-8	2.62498144E-7	2.02528807E-4
3.70000000E+2	3.51118431E-8	2.50086909E-8	2.39988862E-7	2.61366745E-4
3.70500000E+2	6.45907789E-9	2.48594777E-8	2.51414205E-7	2.59807313E-4
3.71000000E+2	5.58929217E-9	2.20396999E-8	2.53088479E-7	2.30337712E-4
3.71500000E+2	5.01711220E-9	1.70486096E-8	2.44230357E-7	1.78175644E-4
3.72000000E+2	6.94388455E-9	2.22434712E-8	2.75649382E-7	2.32467334E-4
3.72500000E+2	5.36311965E-9	2.79201919E-8	2.59668297E-7	2.91794950E-4
3.73000000E+2	4.58284386E-9	1.87180396E-8	2.39821291E-7	1.95622918E-4
3.73500000E+2	5.42643769E-9	1.53914262E-8	2.48280467E-7	1.60856360E-4
3.74000000E+2	8.06927697E-9	2.17509752E-8	2.59358544E-7	2.27320240E-4
3.74500000E+2	5.27884557E-9	2.05237656E-8	2.41845204E-7	2.14494627E-4
3.75000000E+2	2.26875361E-8	2.00878933E-8	2.32115362E-7	2.09939309E-4
3.75500000E+2	4.28261113E-9	2.24072585E-8	3.00859361E-7	2.34179080E-4
3.76000000E+2	5.71301854E-9	1.95620709E-8	2.47015388E-7	2.04443920E-4
3.76500000E+2	4.47098750E-9	1.73664297E-8	2.21558275E-7	1.81497194E-4
3.77000000E+2	6.08658344E-9	1.96675975E-8	2.36119628E-7	2.05546782E-4
3.77500000E+2	4.20334615E-9	1.79340754E-8	3.28746789E-7	1.87429679E-4
3.78000000E+2	5.43191536E-9	2.60627931E-8	2.91818201E-7	2.72383206E-4
3.78500000E+2	4.40610392E-9	1.82084022E-8	2.54722523E-7	1.90296679E-4
3.79000000E+2	4.34984636E-9	1.87715026E-8	2.37713005E-7	1.96181662E-4
3.79500000E+2	6.88192266E-9	2.53899877E-8	2.40085431E-7	2.65351692E-4
3.80000000E+2	5.95217739E-8	1.93129083E-8	2.93271341E-7	2.01839913E-4
3.80500000E+2	6.62147805E-9	2.71522128E-8	3.19659013E-7	2.83768772E-4
3.81000000E+2	6.17106944E-9	2.34782212E-8	3.17814841E-7	2.45371751E-4
3.81500000E+2	4.74657093E-9	1.92101285E-8	2.56919198E-7	2.00765757E-4
3.82000000E+2	4.73425627E-9	1.97339002E-8	3.38172089E-7	2.06239714E-4
3.82500000E+2	4.92520502E-9	1.85249495E-8	2.52475859E-7	1.93604926E-4
3.83000000E+2	7.16092073E-9	1.78381553E-8	2.73479362E-7	1.86427216E-4
3.83500000E+2	4.89221136E-9	2.51489343E-8	2.88884675E-7	2.62832434E-4
3.84000000E+2	5.69407966E-9	2.84684641E-8	2.71952617E-7	2.97524962E-4
3.84500000E+2	4.25407406E-9	2.00270285E-8	2.86009896E-7	2.09303210E-4
3.85000000E+2	6.18593182E-8	3.46970556E-8	3.16722453E-7	3.62620200E-4
3.85500000E+2	4.93988137E-9	2.09771970E-8	2.41707363E-7	2.19233455E-4
3.86000000E+2	4.51494869E-9	2.24493751E-8	2.67755048E-7	2.34619242E-4
3.86500000E+2	4.51029550E-9	1.96982986E-8	2.37502019E-7	2.05867641E-4
3.87000000E+2	4.82393931E-9	2.23928902E-8	2.42237127E-7	2.34028917E-4
3.87500000E+2	6.33492811E-9	1.95041967E-8	2.50564055E-7	2.03839075E-4
3.88000000E+2	5.36957833E-9	2.37839509E-8	3.14617742E-7	2.48566943E-4
3.88500000E+2	3.71155793E-9	2.01739016E-8	3.30119561E-7	2.10838186E-4
3.89000000E+2	4.51281130E-9	1.81965280E-8	2.75120940E-7	1.90172581E-4
3.89500000E+2	5.91929731E-9	1.72359588E-8	2.60472191E-7	1.80133638E-4
3.90000000E+2	7.70935467E-8	2.16376774E-8	2.91913157E-7	2.26136160E-4
3.90500000E+2	4.58752291E-9	1.92994802E-8	2.19064636E-7	2.01699575E-4
3.91000000E+2	4.82320646E-9	2.25012101E-8	2.37865396E-7	2.35160972E-4
3.91500000E+2	4.36347334E-9	2.09012369E-8	2.30300042E-7	2.18439593E-4
3.92000000E+2	6.69810120E-9	1.88884261E-8	2.43836762E-7	1.97403634E-4
3.92500000E+2	5.22430596E-9	1.98374863E-8	2.55282647E-7	2.07322296E-4
3.93000000E+2	3.92361470E-9	2.37260568E-8	2.94846360E-7	2.47961890E-4
3.93500000E+2	4.77668724E-9	2.61011730E-8	2.51714968E-7	2.72784317E-4
3.94000000E+2	5.18094241E-9	2.29705869E-8	2.63825821E-7	2.40066446E-4
3.94500000E+2	4.11017373E-9	2.22131592E-8	2.72741121E-7	2.32150541E-4
3.95000000E+2	4.35705253E-8	1.73929931E-8	2.70589567E-7	1.81774809E-4
3.95500000E+2	4.74583082E-9	2.03609594E-8	2.20871136E-7	2.12793133E-4
3.96000000E+2	5.84133156E-9	1.66177583E-8	2.36169442E-7	1.73672802E-4
3.96500000E+2	5.09444250E-9	1.57816913E-8	2.55323390E-7	1.64935034E-4
3.97000000E+2	6.47727437E-9	2.35737294E-8	2.82030530E-7	2.46369910E-4
3.97500000E+2	5.07992159E-9	1.76615431E-8	2.34336929E-7	1.84581435E-4
3.98000000E+2	4.45816404E-9	1.93932349E-8	2.49380555E-7	2.02679409E-4
3.98500000E+2	4.90775894E-9	1.85537124E-8	2.45419740E-7	1.93905529E-4
3.99000000E+2	4.55890425E-9	1.81842599E-8	2.57879123E-7	1.90044367E-4
3.99500000E+2	6.26165221E-9	2.13598700E-8	3.32608944E-7	2.23232785E-4
4.00000000E+2	2.99691472E-8	2.33447858E-8	5.33815518E-7	2.43977213E-4
4.00500000E+2	6.93373392E-9	1.86085098E-8	3.77251271E-7	1.94478219E-4
4.01000000E+2	4.55176011E-9	2.07333791E-8	3.03245491E-7	2.16685305E-4
4.01500000E+2	6.35366349E-9	1.86367473E-8	2.14291668E-7	1.94773330E-4
4.02000000E+2	6.97457174E-9	1.74287284E-8	2.56211439E-7	1.82148280E-4
4.02500000E+2	4.84763352E-9	2.38081420E-8	2.68453594E-7	2.48819765E-4
4.03000000E+2	6.28825505E-9	2.30684213E-8	2.31127600E-7	2.41088917E-4
4.03500000E+2	5.35685993E-9	2.10125449E-8	2.57101754E-7	2.19602877E-4
4.04000000E+2	4.35609780E-9	1.88109815E-8	2.40893406E-7	1.96594257E-4
4.04500000E+2	4.42620423E-9	2.50407316E-8	3.03272909E-7	2.61701604E-4
4.05000000E+2	3.98088557E-8	1.88631729E-8	2.49282520E-7	1.97139711E-4
4.05500000E+2	3.93860213E-9	1.85954590E-8	2.50527210E-7	1.94341824E-4
4.06000000E+2	4.59163868E-9	1.97146142E-8	2.28604484E-7	2.06038156E-4
4.06500000E+2	4.93364342E-9	2.08443357E-8	2.58901869E-7	2.17844917E-4
4.07000000E+2	4.55553965E-9	2.59384710E-8	2.32777730E-7	2.71083912E-4
4.07500000E+2	4.42216200E-9	1.90194429E-8	2.40357735E-7	1.98772895E-4
4.08000000E+2	5.13157082E-9	2.80641695E-8	2.44940244E-7	2.93299664E-4
4.08500000E+2	5.79067331E-9	1.71745814E-8	2.40570237E-7	1.79492180E-4
4.09000000E+2	5.35362779E-9	1.77224517E-8	2.38481628E-7	1.85217992E-4
4.09500000E+2	4.46984144E-9	1.72068770E-8	2.50820195E-7	1.79829703E-4
4.10000000E+2	5.84675317E-8	2.14895879E-8	2.34741456E-7	2.24588471E-4
4.10500000E+2	4.65749163E-9	2.83702152E-8	3.11714815E-7	2.96498160E-4
4.11000000E+2	4.42834457E-9	1.83689685E-8	2.97428171E-7	1.91974764E-4
4.11500000E+2	4.69849142E-9	1.69805523E-8	2.64047357E-7	1.77464375E-4
4.12000000E+2	4.22754782E-9	2.13440367E-8	2.47933129E-7	2.23067310E-4
4.12500000E+2	4.80635354E-9	2.73504940E-8	2.57229454E-7	2.85841016E-4
4.13000000E+2	4.37616953E-9	1.64462321E-8	2.30361396E-7	1.71880175E-4
4.13500000E+2	5.07207203E-9	2.47686453E-8	2.91411835E-7	2.58858020E-4
4.14000000E+2	4.70293758E-9	2.63385936E-8	2.63778019E-7	2.75265608E-4
4.14500000E+2	5.66228157E-9	2.54418695E-8	2.68398635E-7	2.65893911E-4
4.15000000E+2	4.16213315E-8	1.79281067E-8	2.80094978E-7	1.87367300E-4
4.15500000E+2	5.09091607E-9	2.69620859E-8	3.06915379E-7	2.81781749E-4
4.16000000E+2	5.67594740E-9	2.13229486E-8	2.42959135E-7	2.22846917E-4
4.16500000E+2	6.03456589E-9	2.83267553E-8	2.58252826E-7	2.96043959E-4
4.17000000E+2	4.77378937E-9	2.13698577E-8	2.87312953E-7	2.23337166E-4
4.17500000E+2	6.32574368E-9	2.31079735E-8	2.53489278E-7	2.41502279E-4
4.18000000E+2	4.62387436E-9	1.84869446E-8	2.56034617E-7	1.93207736E-4
4.18500000E+2	6.09909383E-9	2.40071314E-8	3.37098230E-7	2.50899410E-4
4.19000000E+2	4.59110901E-9	1.96995114E-8	2.81217259E-7	2.05880316E-4
4.19500000E+2	4.39565397E-9	2.50258623E-8	3.14180212E-7	2.61546204E-4
4.20000000E+2	5.67823638E-8	1.87033420E-8	2.56170464E-7	1.95469313E-4
4.20500000E+2	6.23888157E-9	1.75237790E-8	3.24026580E-7	1.83141657E-4
4.21000000E+2	4.18949899E-9	2.46971043E-8	2.89391062E-7	2.58110342E-4
4.21500000E+2	5.49687978E-9	1.75589849E-8	2.57795981E-7	1.83509595E-4
4.22000000E+2	3.81140774E-9	2.01400926E-8	2.91868910E-7	2.10484846E-4
4.22500000E+2	7.03323300E-9	1.79498952E-8	2.49083636E-7	1.87595013E-4
4.23000000E+2	5.77007726E-9	1.64420944E-8	2.79356322E-7	1.71836932E-4
4.23500000E+2	5.80501514E-9	1.73443116E-8	2.57543130E-7	1.81266037E-4
4.24000000E+2	7.53105467E-9	2.82898437E-8	2.56612243E-7	2.95658194E-4
4.24500000E+2	5.72046492E-9	2.62963794E-8	2.46611160E-7	2.74824426E-4
4.25000000E+2	5.59648700E-8	1.83149926E-8	2.44894906E-7	1.91410660E-4
4.25500000E+2	4.91691014E-9	2.48080621E-8	2.52189640E-7	2.59269967E-4
4.26000000E+2	9.15514617E-9	2.28436716E-8	2.43120961E-7	2.38740050E-4
4.26500000E+2	4.15690410E-9	1.87112799E-8	2.93471762E-7	1.95552273E-4
4.27000000E+2	5.10884970E-9	2.27656770E-8	2.43783855E-7	2.37924926E-4
4.27500000E+2	5.60089809E-9	2.08482611E-8	2.57328959E-7	2.17885941E-4
4.28000000E+2	4.54160705E-9	1.73107016E-8	2.48288049E-7	1.80914777E-4
4.28500000E+2	4.01285636E-9	2.25079984E-8	2.28147826E-7	2.35231917E-4
4.29000000E+2	5.24032542E-9	2.28628318E-8	2.48618847E-7	2.38940293E-4
4.29500000E+2	4.49198801E-9	2.40866931E-8	3.53606316E-7	2.51730913E-4
4.30000000E+2	7.39546674E-8	1.97543544E-8	2.22135338E-7	2.06453482E-4
4.30500000E+2	6.51456039E-9	1.71478816E-8	2.38419041E-7	1.79213140E-4
4.31000000E+2	4.85843391E-9	2.59427916E-8	2.32894913E-7	2.71129067E-4
4.31500000E+2	4.41415095E-9	2.36542668E-8	2.49597761E-7	2.47211609E-4
4.32000000E+2	4.50950300E-9	2.36488103E-8	3.14197205E-7	2.47154584E-4
4.32500000E+2	4.13309905E-9	1.95458393E-8	2.48562109E-7	2.04274283E-4
4.33000000E+2	6.46493878E-9	1.86204186E-8	2.92804889E-7	1.94602677E-4
4.33500000E+2	4.70550096E-9	1.69824112E-8	2.67511482E-7	1.77483802E-4
4.34000000E+2	5.17574328E-9	2.54135090E-8	2.52625152E-7	2.65597515E-4
4.34500000E+2	4.86416845E-9	1.96061460E-8	2.62224734E-7	2.04904551E-4
4.35000000E+2	2.84930502E-8	1.79008430E-8	2.25951245E-7	1.87082367E-4
4.35500000E+2	4.18284659E-9	2.74987263E-8	3.06545523E-7	2.87390197E-4
4.36000000E+2	4.58627435E-9	1.81379964E-8	2.48763295E-7	1.89560866E-4
4.36500000E+2	6.35352102E-9	2.46365558E-8	2.73875894E-7	2.57477549E-4
4.37000000E+2	4.72140175E-9	2.34263844E-8	2.41833828E-7	2.44830002E-4
4.37500000E+2	4.21217422E-9	2.31250480E-8	2.89343945E-7	2.41680725E-4
4.38000000E+2	6.93976236E-9	2.48982816E-8	2.54733851E-7	2.60212854E-4
4.38500000E+2	7.71963999E-9	2.77972030E-8	3.25706025E-7	2.90509587E-4
4.39000000E+2	6.35529631E-9	1.99292686E-8	2.47423163E-7	2.08281517E-4
4.39500000E+2	6.59373170E-9	1.68481579E-8	2.49052263E-7	1.76080716E-4
4.40000000E+2	5.04573894E-8	1.69691002E-8	2.34210208E-7	1.77344688E-4
4.40500000E+2	5.02589734E-9	1.74966369E-8	2.37758397E-7	1.82857994E-4
4.41000000E+2	5.74982655E-9	2.10660871E-8	2.58450992E-7	2.20162449E-4
4.41500000E+2	4.75164827E-9	2.69330847E-8	2.49952479E-7	2.81478656E-4
4.42000000E+2	5.30933037E-9	2.07670518E-8	2.62177406E-7	2.17037220E-4
4.42500000E+2	6.25185052E-9	1.93759922E-8	2.29302810E-7	2.02499205E-4
4.43000000E+2	6.60666630E-9	1.53219452E-8	2.37339231E-7	1.60130211E-4
4.43500000E+2	4.31756318E-9	1.67823014E-8	2.37904725E-7	1.75392447E-4
4.44000000E+2	4.46628336E-9	1.93790487E-8	2.58108572E-7	2.02531148E-4
4.44500000E+2	4.41534099E-9	1.73584106E-8	2.51558194E-7	1.81413386E-4
4.45000000E+2	2.92176838E-8	1.97212637E-8	2.50723969E-7	2.06107650E-4
4.45500000E+2	5.79937789E-9	1.86848102E-8	2.66543575E-7	1.95275637E-4
4.46000000E+2	4.99789657E-9	1.62098915E-8	2.55482900E-7	1.69410170E-4
4.46500000E+2	5.17392898E-9	2.48271591E-8	2.91905240E-7	2.59469551E-4
4.47000000E+2	7.45570951E-9	1.91357719E-8	2.74296847E-7	1.99988654E-4
4.47500000E+2	4.47841452E-9	2.32475224E-8	2.74429081E-7	2.42960709E-4
4.48000000E+2	4.77538945E-9	2.97170726E-8	3.60707219E-7	3.10574216E-4
4.48500000E+2	4.98501515E-9	2.95021380E-8	3.71770003E-7	3.08327926E-4
4.49000000E+2	3.90071038E-9	3.46122571E-8	3.84792962E-7	3.61733968E-4
4.49500000E+2	4.30992583E-9	1.71475457E-8	6.77673845E-7	1.79209628E-4
4.50000000E+2	6.74555495E-8	1.79496717E-8	2.60387311E-6	1.87592678E-4
4.50500000E+2	4.60253388E-9	1.59525950E-8	8.54205987E-7	1.66721155E-4
4.51000000E+2	5.05491990E-9	1.73191907E-8	4.43513832E-7	1.81003497E-4
4.51500000E+2	4.52682183E-9	1.93704388E-8	3.21950522E-7	2.02441166E-4
4.52000000E+2	4.51083940E-9	2.32186272E-8	3.47894223E-7	2.42658725E-4
4.52500000E+2	4.36260544E-9	1.72246938E-8	2.75486119E-7	1.80015907E-4
4.53000000E+2	6.25205766E-9	1.82694484E-8	2.81225083E-7	1.90934675E-4
4.53500000E+2	4.62557206E-9	2.01994267E-8	2.55807753E-7	2.11104949E-4
4.54000000E+2	5.62804499E-9	2.38497081E-8	2.37815879E-7	2.49254173E-4
4.54500000E+2	4.25499553E-9	2.07366007E-8	2.68798812E-7	2.16718974E-4
4.55000000E+2	3.46625262E-8	1.85557704E-8	2.67497599E-7	1.93927037E-4
4.55500000E+2	4.81733994E-9	1.57463973E-8	2.56957794E-7	1.64566176E-4
4.56000000E+2	6.75096605E-9	1.82213186E-8	2.35921211E-7	1.90431669E-4
4.56500000E+2	4.76120076E-9	2.71739262E-8	3.17168737E-7	2.83995699E-4
4.57000000E+2	4.43587851E-9	1.63877151E-8	2.58352036E-7	1.71268611E-4
4.57500000E+2	4.60883045E-9	1.83768095E-8	2.24251591E-7	1.92056710E-4
4.58000000E+2	4.52828103E-9	1.95003647E-8	2.49296076E-7	2.03799026E-4
4.58500000E+2	5.71924430E-9	1.81621220E-8	2.42828853E-7	1.89813003E-4
4.59000000E+2	6.59958748E-9	1.90288121E-8	2.68174353E-7	1.98870813E-4
4.59500000E+2	4.36617664E-9	1.89420335E-8	2.19295763E-7	1.97963886E-4
4.60000000E+2	6.51904561E-8	2.08831971E-8	2.27756831E-7	2.18251059E-4
4.60500000E+2	5.00175167E-9	1.87037181E-8	2.33236628E-7	1.95473244E-4
4.61000000E+2	5.12431395E-9	2.99546576E-8	2.86674869E-7	3.13057225E-4
4.61500000E+2	5.29669607E-9	1.92178772E-8	2.62064794E-7	2.00846739E-4
4.62000000E+2	4.42708537E-9	1.69562476E-8	2.56990859E-7	1.77210366E-4
4.62500000E+2	5.14089310E-9	1.78244318E-8	2.50525970E-7	1.86283790E-4
4.63000000E+2	4.39734140E-9	1.67302744E-8	2.83650436E-7	1.74848711E-4
4.63500000E+2	4.39568401E-9	2.42603752E-8	2.63357757E-7	2.53546071E-4
4.64000000E+2	6.85986003E-9	1.68676204E-8	2.22420834E-7	1.76284120E-4
4.64500000E+2	4.34847225E-9	1.99235623E-8	2.20602635E-7	2.08221880E-4
4.65000000E+2	4.33272130E-8	1.84347397E-8	2.32884436E-7	1.92662140E-4
4.65500000E+2	4.15474303E-9	2.09760119E-8	2.46082694E-7	2.19221069E-4
4.66000000E+2	4.79209690E-9	2.11778092E-8	2.67394038E-7	2.21330061E-4
4.66500000E+2	4.96175674E-9	2.48307880E-8	2.51457695E-7	2.59507476E-4
4.67000000E+2	5.22450867E-9	2.64533832E-8	2.38779061E-7	2.76465278E-4
4.67500000E+2	6.28080833E-9	2.72955026E-8	2.24799984E-7	2.85266299E-4
4.68000000E+2	6.14396678E-9	2.11094052E-8	2.42300323E-7	2.20615168E-4
4.68500000E+2	4.63805839E-9	2.41116766E-8	2.40602812E-7	2.51992016E-4
4.69000000E+2	5.63666116E-9	1.97253109E-8	2.26182847E-7	2.06149947E-4
4.69500000E+2	5.09688109E-9	2.12027181E-8	2.58616403E-7	2.21590384E-4
4.70000000E+2	5.01676626E-8	1.51261248E-8	2.28899728E-7	1.58083685E-4
4.70500000E+2	5.30887210E-9	3.36229207E-8	4.08140068E-7	3.51394377E-4
4.71000000E+2	4.01797077E-9	2.29589647E-8	2.23256955E-7	2.39944982E-4
4.71500000E+2	4.70441355E-9	2.33511029E-8	2.30478191E-7	2.44043232E-4
4.72000000E+2	4.54722508E-9	1.75850745E-8	2.53260057E-7	1.83782258E-4
4.72500000E+2	7.03127700E-9	1.86371967E-8	2.34815245E-7	1.94778027E-4
4.73000000E+2	6.24567016E-9	1.94405195E-8	2.17573806E-7	2.03173582E-4
4.73500000E+2	4.38769751E-9	2.15684799E-8	2.09351521E-7	2.25412975E-4
4.74000000E+2	4.39903198E-9	1.92810311E-8	2.38730664E-7	2.01506763E-4
4.74500000E+2	4.11113931E-9	1.74632687E-8	2.20905895E-7	1.82509262E-4
4.75000000E+2	3.35226178E-8	1.65453754E-8	2.27447235E-7	1.72916325E-4
4.75500000E+2	4.72876631E-9	2.17019369E-8	2.37373433E-7	2.26807738E-4
4.76000000E+2	5.05679631E-9	2.02007946E-8	2.32430845E-7	2.11119245E-4
4.76500000E+2	5.44745964E-9	1.75873293E-8	2.16083611E-7	1.83805824E-4
4.77000000E+2	5.00934885E-9	2.93646007E-8	2.86560054E-7	3.06890519E-4
4.77500000E+2	6.43196680E-9	1.70366938E-8	2.31234787E-7	1.78051111E-4
4.78000000E+2	5.99185659E-9	1.78778628E-8	2.33723746E-7	1.86842200E-4
4.78500000E+2	5.53377053E-9	1.82460102E-8	2.19674162E-7	1.90689722E-4
4.79000000E+2	6.62821125E-9	1.69770552E-8	2.50913514E-7	1.77427827E-4
4.79500000E+2	5.61789753E-9	1.95447952E-8	3.19876250E-7	2.04263372E-4
4.80000000E+2	3.35565305E-8	2.13045261E-8	2.29433870E-7	2.22654384E-4
4.80500000E+2	5.00211338E-9	1.87862021E-8	2.32158061E-7	1.96335287E-4
4.81000000E+2	3.92942405E-9	1.84918942E-8	2.20745829E-7	1.93259465E-4
4.81500000E+2	4.99338847E-9	1.74124362E-8	2.85261588E-7	1.81978010E-4
4.82000000E+2	4.51301209E-9	1.98651547E-8	3.36171226E-7	2.07611460E-4
4.82500000E+2	4.93456462E-9	2.06955161E-8	2.50905462E-7	2.16289598E-4
4.83000000E+2	4.53129099E-9	2.32652320E-8	2.53511671E-7	2.43145793E-4
4.83500000E+2	5.54517265E-9	1.58311349E-8	2.31813204E-7	1.65451772E-4
4.84000000E+2	5.35173636E-9	1.85149223E-8	3.13328894E-7	1.93500132E-4
4.84500000E+2	3.93524940E-9	2.14380772E-8	2.58106112E-7	2.24050131E-4
4.85000000E+2	5.38159272E-8	2.08131348E-8	3.08781309E-7	2.17518835E-4
4.85500000E+2	5.28683564E-9	2.00346608E-8	2.42294764E-7	2.09382975E-4
4.86000000E+2	5.26666386E-9	2.28539250E-8	2.39069279E-7	2.38847208E-4
4.86500000E+2	5.68452310E-9	1.77731260E-8	2.22272992E-7	1.85747592E-4
4.87000000E+2	5.36443681E-9	1.88295364E-8	2.38045289E-7	1.96788175E-4
4.87500000E+2	7.83747868E-9	1.80417863E-8	2.21362264E-7	1.88555370E-4
4.88000000E+2	4.41388848E-9	1.84048874E-8	2.35039222E-7	1.92350154E-4
4.88500000E+2	5.27103686E-9	2.04726494E-8	2.59899626E-7	2.13960409E-4
4.89000000E+2	4.89571865E-9	1.70920742E-8	2.27058528E-7	1.78629894E-4
4.89500000E+2	4.74186408E-9	1.74916809E-8	2.76589274E-7	1.82806199E-4
4.90000000E+2	4.72918092E-8	1.76570567E-8	2.70986947E-7	1.84534547E-4
4.90500000E+2	4.69042777E-9	2.35210192E-8	2.43799816E-7	2.45819034E-4
4.91000000E+2	5.53575298E-9	1.82808061E-8	2.28607611E-7	1.91053375E-4
4.91500000E+2	4.29361110E-9	2.56660913E-8	2.41984210E-7	2.68237262E-4
4.92000000E+2	4.41962973E-9	3.10773757E-8	2.49718362E-7	3.24790793E-4
4.92500000E+2	5.04764512E-9	2.13985161E-8	2.93051949E-7	2.23636677E-4
4.93000000E+2	4.15264833E-9	2.21939039E-8	3.01148205E-7	2.31949304E-4
4.93500000E+2	4.26367850E-9	2.21974975E-8	3.29493250E-7	2.31986861E-4
4.94000000E+2	6.94009780E-9	2.06989933E-8	4.53593736E-7	2.16325938E-4
4.94500000E+2	4.78960818E-9	3.20694523E-8	3.40039998E-7	3.35159022E-4
4.95000000E+2	6.12913813E-8	1.98661379E-8	3.10316048E-7	2.07621736E-4
4.95500000E+2	4.95962878E-9	1.62278323E-8	3.26702930E-7	1.69597670E-4
4.96000000E+2	5.29892046E-9	2.16063618E-8	4.62059291E-7	2.25808879E-4
4.96500000E+2	7.17163085E-9	1.94009940E-8	4.35548543E-7	2.02760500E-4
4.97000000E+2	6.62868167E-9	2.06641153E-8	4.53489309E-7	2.15961426E-4
4.97500000E+2	6.90707303E-9	1.67872010E-8	5.30700331E-7	1.75443653E-4
4.98000000E+2	1.13480583E-8	2.44527831E-8	6.21483338E-7	2.55556933E-4
4.98500000E+2	7.49641709E-9	2.66834640E-8	5.70051146E-7	2.78869861E-4
4.99000000E+2	5.69579467E-9	2.75184934E-8	6.45951951E-7	2.87596784E-4
4.99500000E+2	6.33090068E-9	1.83462982E-8	7.54479795E-7	1.91737835E-4
