0.00000000E+0	2.08713381E-8	1.25131335E-7	3.76217687E-3	1.40370333E-4
5.00000000E-1	5.88877997E-9	2.75355853E-7	1.71286811E-4	3.08889798E-4
1.00000000E+0	4.83089171E-9	2.06543453E-7	8.07026476E-5	2.31697146E-4
1.50000000E+0	6.07440445E-9	2.05075068E-7	5.34668068E-5	2.30049936E-4
2.00000000E+0	4.48213600E-9	1.95583288E-7	3.88873245E-5	2.19402209E-4
2.50000000E+0	4.61023290E-9	1.62459938E-7	2.97384539E-5	1.82244964E-4
3.00000000E+0	5.70565918E-9	9.93931005E-8	2.42969627E-5	1.11497593E-4
3.50000000E+0	5.33483886E-9	9.16036389E-8	2.20762517E-5	1.02759499E-4
4.00000000E+0	4.78939571E-9	1.22564349E-7	1.85419513E-5	1.37490730E-4
4.50000000E+0	4.52989831E-9	8.90171836E-8	1.60300753E-5	9.98580549E-5
5.00000000E+0	3.43989015E-3	3.06644469E-6	1.52804160E-5	3.43988868E-3
5.50000000E+0	4.92518079E-9	9.69130231E-8	1.33769859E-5	1.08715482E-4
6.00000000E+0	6.14906820E-9	7.19733446E-8	1.21792283E-5	8.07385484E-5
6.50000000E+0	6.68302242E-9	1.02338911E-7	1.12268496E-5	1.14802156E-4
7.00000000E+0	4.70633436E-9	7.11460809E-8	1.07025228E-5	7.98105373E-5
7.50000000E+0	4.32841199E-9	7.56128365E-8	9.72473532E-6	8.48212724E-5
8.00000000E+0	4.75374595E-9	8.96219398E-8	9.28251698E-6	1.00536461E-4
8.50000000E+0	5.02283341E-9	5.39323439E-8	8.71659271E-6	6.05004420E-5
9.00000000E+0	4.22578630E-9	6.88230746E-8	8.24692823E-6	7.72046259E-5
9.50000000E+0	4.50625622E-9	1.13125148E-7	7.72647197E-6	1.26901984E-4
1.00000000E+1	5.24715439E-8	6.25521232E-8	7.34478217E-6	7.01699728E-5
1.05000000E+1	4.29578920E-9	5.80256305E-8	7.04404148E-6	6.50922256E-5
1.10000000E+1	4.51482236E-9	6.14029925E-8	6.70216932E-6	6.88808963E-5
1.15000000E+1	4.67245275E-9	6.13701117E-8	6.39707771E-6	6.88440112E-5
1.20000000E+1	5.16561905E-9	5.15076756E-8	6.26208976E-6	5.77804879E-5
1.25000000E+1	4.75910785E-9	5.69553474E-8	5.96148372E-6	6.38915990E-5
1.30000000E+1	4.25361780E-9	5.33047749E-8	5.75516430E-6	5.97964451E-5
1.35000000E+1	6.73023555E-9	5.16576989E-8	5.57706920E-6	5.79487816E-5
1.40000000E+1	4.91953142E-9	5.50623867E-8	5.30244650E-6	6.17681060E-5
1.45000000E+1	5.94031108E-9	6.66933617E-8	5.06984075E-6	7.48155480E-5
1.50000000E+1	7.18580162E-8	5.06950836E-8	4.95472173E-6	5.68689351E-5
1.55000000E+1	4.86328204E-9	6.18988080E-8	4.81293972E-6	6.94370942E-5
1.60000000E+1	4.96859461E-9	5.68510238E-8	4.61230744E-6	6.37745705E-5
1.65000000E+1	6.73523673E-9	5.09770447E-8	4.55718966E-6	5.71852346E-5
1.70000000E+1	4.74783301E-9	5.38684701E-8	4.39054655E-6	6.04287894E-5
1.75000000E+1	5.19068736E-9	4.31661873E-8	4.28209762E-6	4.84231395E-5
1.80000000E+1	5.04810337E-9	7.05410962E-8	4.23796119E-6	7.91318751E-5
1.85000000E+1	4.83119764E-9	6.74467355E-8	4.10358335E-6	7.56606707E-5
1.90000000E+1	4.50615353E-9	4.08232239E-8	3.95581956E-6	4.57948406E-5
1.95000000E+1	5.51414422E-9	5.95447565E-8	3.83735990E-6	6.67963569E-5
2.00000000E+1	8.76352793E-8	4.25280211E-8	3.70654170E-6	4.77072549E-5
2.05000000E+1	4.78753494E-9	3.80284213E-8	3.60239281E-6	4.26596756E-5
2.10000000E+1	6.30288573E-9	4.55278264E-8	3.52569264E-6	5.10723885E-5
2.15000000E+1	6.81562245E-9	4.91007222E-8	3.52019572E-6	5.50804060E-5
2.20000000E+1	5.23074912E-9	4.19700013E-8	3.44252762E-6	4.70812772E-5
2.25000000E+1	5.76111726E-9	4.20731608E-8	3.30289855E-6	4.71969998E-5
2.30000000E+1	4.95297007E-9	6.52136453E-8	3.37942367E-6	7.31556257E-5
2.35000000E+1	5.43221182E-9	5.23558916E-8	3.32241278E-6	5.87320030E-5
2.40000000E+1	6.35959395E-9	6.80655856E-8	3.17846386E-6	7.63548868E-5
2.45000000E+1	4.99040643E-9	5.95697460E-8	3.13514754E-6	6.68243896E-5
2.50000000E+1	2.47929680E-8	4.08826321E-8	3.04140872E-6	4.58614838E-5
2.55000000E+1	6.36739275E-9	4.13970721E-8	3.11023382E-6	4.64385743E-5
2.60000000E+1	4.58253183E-9	3.71766082E-8	2.92758651E-6	4.17041253E-5
2.65000000E+1	4.52308359E-9	3.87964985E-8	2.89774311E-6	4.35212924E-5
2.70000000E+1	4.86898971E-9	4.14454028E-8	2.87483903E-6	4.64927910E-5
2.75000000E+1	5.54219065E-9	3.56424909E-8	2.85342344E-6	3.99831771E-5
2.80000000E+1	4.62957908E-9	5.21069888E-8	2.84537266E-6	5.84527878E-5
2.85000000E+1	4.75427446E-9	5.16285292E-8	2.83534848E-6	5.79160595E-5
2.90000000E+1	4.54021829E-9	4.39251273E-8	2.68044879E-6	4.92745062E-5
2.95000000E+1	4.43561038E-9	3.91079071E-8	2.66848230E-6	4.38706256E-5
3.00000000E+1	4.40127967E-8	3.58067464E-8	2.61596329E-6	4.01674363E-5
3.05000000E+1	5.04846736E-9	5.73111365E-8	2.67919149E-6	6.42907176E-5
3.10000000E+1	4.95945388E-9	3.75341625E-8	2.52258485E-6	4.21052240E-5
3.15000000E+1	4.27413046E-9	3.95721185E-8	2.53667255E-6	4.43913706E-5
3.20000000E+1	4.73568317E-9	3.11639428E-8	2.57204515E-6	3.49592133E-5
3.25000000E+1	5.19891236E-9	5.19878578E-8	2.47199377E-6	5.83191485E-5
3.30000000E+1	4.43157338E-9	5.36492592E-8	2.46386642E-6	6.01828821E-5
3.35000000E+1	5.68159961E-9	4.19530581E-8	2.48278865E-6	4.70622705E-5
3.40000000E+1	8.99575032E-9	3.52164510E-8	2.46160120E-6	3.95052523E-5
3.45000000E+1	4.43768658E-9	3.36580632E-8	2.48133170E-6	3.77570778E-5
3.50000000E+1	5.79634650E-8	4.00013747E-8	2.38751769E-6	4.48729033E-5
3.55000000E+1	4.65080995E-9	3.05381908E-8	2.38185705E-6	3.42572547E-5
3.60000000E+1	4.72430649E-9	4.08897240E-8	2.36786003E-6	4.58694394E-5
3.65000000E+1	4.97372814E-9	4.54208200E-8	2.37030558E-6	5.09523504E-5
3.70000000E+1	5.09066781E-9	3.60645753E-8	2.37737295E-6	4.04566646E-5
3.75000000E+1	6.10757329E-9	3.35985032E-8	2.27907071E-6	3.76902643E-5
3.80000000E+1	4.19899806E-9	3.55295114E-8	2.37211614E-6	3.98564384E-5
3.85000000E+1	5.77716393E-9	4.82447797E-8	2.36779665E-6	5.41202234E-5
3.90000000E+1	3.87963270E-9	4.24905153E-8	2.32020643E-6	4.76651815E-5
3.95000000E+1	5.06835697E-9	3.75422224E-8	2.35741307E-6	4.21142655E-5
4.00000000E+1	4.45356510E-8	3.25603625E-8	2.43873997E-6	3.65256947E-5
4.05000000E+1	5.23717172E-9	3.23654399E-8	2.54094063E-6	3.63070336E-5
4.10000000E+1	6.67301009E-9	3.69548368E-8	2.40582913E-6	4.14553457E-5
4.15000000E+1	5.45093997E-9	3.13402669E-8	2.45840912E-6	3.51570109E-5
4.20000000E+1	4.03685852E-9	3.88398494E-8	2.61514248E-6	4.35699228E-5
4.25000000E+1	6.15518126E-9	3.16934760E-8	2.60903975E-6	3.55532352E-5
4.30000000E+1	5.40094406E-9	2.83502628E-8	2.81964678E-6	3.18028720E-5
4.35000000E+1	6.15740524E-9	4.15166617E-8	2.66730823E-6	4.65727281E-5
4.40000000E+1	7.64407726E-9	3.43248016E-8	3.03269540E-6	3.85050142E-5
4.45000000E+1	4.42930985E-9	3.14355502E-8	3.18961853E-6	3.52638982E-5
4.50000000E+1	9.93811880E-8	3.94328978E-8	3.40615786E-6	4.42351950E-5
4.55000000E+1	4.64401133E-9	3.99104964E-8	3.68369486E-6	4.47709575E-5
4.60000000E+1	6.65457390E-9	3.76449083E-8	3.98497095E-6	4.22294569E-5
4.65000000E+1	4.12250759E-9	2.69470102E-8	4.37645200E-6	3.02287257E-5
4.70000000E+1	5.15835095E-9	2.98482746E-8	5.16324493E-6	3.34833177E-5
4.75000000E+1	5.80064785E-9	3.32675815E-8	5.89216994E-6	3.73190416E-5
4.80000000E+1	5.59982505E-9	3.31357645E-8	7.22193637E-6	3.71711714E-5
4.85000000E+1	5.11267283E-9	2.96623152E-8	9.53646110E-6	3.32747114E-5
4.90000000E+1	4.37240357E-9	3.62319670E-8	1.42279833E-5	4.06444419E-5
4.95000000E+1	7.14994624E-9	3.19523584E-8	2.74773926E-5	3.58436453E-5
5.00000000E+1	9.43675662E-8	5.37793069E-8	5.83333989E-4	6.03287676E-5
5.05000000E+1	5.52396745E-9	3.52178587E-8	3.02675273E-5	3.95068315E-5
5.10000000E+1	4.44006866E-9	2.96299834E-8	1.44693269E-5	3.32384422E-5
5.15000000E+1	5.71584166E-9	3.27492054E-8	9.68608915E-6	3.67375356E-5
5.20000000E+1	5.28669203E-9	3.42330907E-8	7.22794893E-6	3.84021345E-5
5.25000000E+1	4.40803408E-9	2.91356212E-8	5.83240673E-6	3.26838745E-5
5.30000000E+1	4.40319541E-9	3.20864285E-8	4.91998079E-6	3.59940430E-5
5.35000000E+1	4.82024699E-9	2.59236948E-8	4.26197098E-6	2.90807868E-5
5.40000000E+1	6.49629365E-9	5.55660445E-8	3.59328816E-6	6.23331013E-5
5.45000000E+1	4.14057656E-9	3.06886490E-8	3.37550477E-6	3.44260363E-5
5.50000000E+1	4.12137412E-8	2.53717875E-8	3.09036351E-6	2.84616661E-5
5.55000000E+1	4.24390487E-9	3.15923174E-8	2.86104829E-6	3.54397571E-5
5.60000000E+1	5.08648398E-9	4.77980488E-8	2.66181521E-6	5.36190877E-5
5.65000000E+1	6.53913596E-9	2.72383753E-8	2.44486123E-6	3.05555744E-5
5.70000000E+1	5.50339861E-9	2.94937806E-8	2.32621249E-6	3.30856520E-5
5.75000000E+1	4.26172708E-9	4.21746904E-8	2.36671334E-6	4.73108941E-5
5.80000000E+1	5.07131446E-9	4.92750271E-8	2.26268989E-6	5.52759385E-5
5.85000000E+1	4.48174348E-9	2.89931711E-8	2.01703822E-6	3.25240763E-5
5.90000000E+1	4.79671175E-9	2.67333311E-8	1.95654975E-6	2.99890239E-5
5.95000000E+1	5.26168990E-9	3.04083311E-8	1.84995157E-6	3.41115802E-5
6.00000000E+1	5.55251497E-8	2.81737145E-8	1.84613848E-6	3.16048230E-5
6.05000000E+1	5.89427668E-9	3.00973943E-8	1.71804669E-6	3.37627763E-5
6.10000000E+1	5.55353718E-9	3.28950790E-8	1.77420532E-6	3.69011742E-5
6.15000000E+1	4.29580446E-9	3.31682935E-8	1.76005313E-6	3.72076620E-5
6.20000000E+1	4.46796215E-9	3.43742720E-8	1.54116353E-6	3.85605093E-5
6.25000000E+1	5.03017666E-9	3.62429185E-8	1.63602542E-6	4.06567271E-5
6.30000000E+1	4.27549651E-9	3.36286841E-8	1.58896799E-6	3.77241208E-5
6.35000000E+1	4.60602275E-9	2.52363098E-8	1.53941644E-6	2.83096893E-5
6.40000000E+1	5.82090042E-9	2.88938135E-8	1.46107921E-6	3.24126185E-5
6.45000000E+1	4.38184985E-9	3.22585422E-8	1.51574591E-6	3.61871175E-5
6.50000000E+1	4.14939041E-8	2.63662329E-8	1.45317619E-6	2.95772189E-5
6.55000000E+1	5.52840212E-9	3.73397946E-8	1.44888430E-6	4.18871852E-5
6.60000000E+1	5.24789432E-9	3.33771217E-8	1.40763063E-6	3.74419220E-5
6.65000000E+1	4.67668643E-9	2.76156964E-8	1.37421272E-6	3.09788472E-5
6.70000000E+1	7.70754034E-9	2.32167178E-8	1.35646548E-6	2.60441432E-5
6.75000000E+1	4.87941268E-9	2.94092454E-8	1.40396033E-6	3.29908218E-5
6.80000000E+1	4.18267989E-9	3.17932284E-8	1.40331997E-6	3.56651358E-5
6.85000000E+1	4.66526577E-9	2.42577225E-8	1.26690737E-6	2.72119257E-5
6.90000000E+1	4.68306615E-9	2.70924751E-8	1.28762109E-6	3.03919059E-5
6.95000000E+1	5.00305431E-9	2.70576389E-8	1.28283154E-6	3.03528272E-5
7.00000000E+1	7.27421836E-8	3.24810551E-8	1.26349182E-6	3.64367289E-5
7.05000000E+1	4.49477725E-9	4.07754053E-8	1.17584181E-6	4.57411985E-5
7.10000000E+1	5.54824001E-9	3.07986478E-8	1.21505866E-6	3.45494312E-5
7.15000000E+1	5.92271774E-9	2.98257090E-8	1.22076179E-6	3.34580040E-5
7.20000000E+1	6.98001826E-9	2.98799965E-8	1.15040141E-6	3.35189028E-5
7.25000000E+1	4.49287516E-9	3.45374877E-8	1.20495343E-6	3.87436021E-5
7.30000000E+1	5.32333262E-9	4.35408497E-8	1.15122378E-6	4.88434298E-5
7.35000000E+1	5.18213083E-9	2.28189943E-8	1.14485331E-6	2.55979834E-5
7.40000000E+1	4.90175733E-9	2.43012952E-8	1.18916574E-6	2.72608049E-5
7.45000000E+1	5.95923627E-9	2.57373727E-8	1.14951041E-6	2.88717736E-5
7.50000000E+1	3.43918938E-8	3.92521115E-8	1.10589700E-6	4.40323917E-5
7.55000000E+1	5.33099177E-9	2.55616779E-8	1.16333760E-6	2.86746820E-5
7.60000000E+1	4.69600004E-9	3.57091075E-8	1.12747043E-6	4.00579065E-5
7.65000000E+1	4.96626198E-9	3.18570890E-8	1.09297215E-6	3.57367737E-5
7.70000000E+1	6.35757558E-9	2.40235184E-8	1.09473722E-6	2.69491993E-5
7.75000000E+1	5.21581160E-9	3.17177981E-8	1.08602195E-6	3.55805194E-5
7.80000000E+1	5.57147479E-9	3.32213763E-8	1.10348340E-6	3.72672093E-5
7.85000000E+1	5.55755330E-9	2.88374177E-8	1.02278728E-6	3.23493546E-5
7.90000000E+1	5.79725129E-9	3.00627187E-8	1.02688440E-6	3.37238777E-5
7.95000000E+1	5.39811547E-9	2.69259233E-8	1.05206299E-6	3.02050707E-5
8.00000000E+1	9.02988800E-8	3.03115228E-8	1.04077258E-6	3.40029822E-5
8.05000000E+1	4.39619128E-9	3.26209116E-8	1.00935579E-6	3.65936177E-5
8.10000000E+1	5.53727605E-9	3.24826399E-8	1.05460314E-6	3.64385067E-5
8.15000000E+1	5.65469374E-9	4.20885587E-8	1.10098042E-6	4.72142730E-5
8.20000000E+1	5.96378024E-9	3.57418046E-8	1.00101322E-6	4.00945856E-5
8.25000000E+1	5.16648733E-9	2.30848910E-8	9.84860438E-7	2.58962620E-5
8.30000000E+1	6.71556555E-9	3.22295985E-8	9.96403755E-7	3.61546489E-5
8.35000000E+1	6.71268676E-9	4.52926163E-8	9.89001298E-7	5.08085336E-5
8.40000000E+1	4.68082435E-9	3.70267764E-8	9.98759391E-7	4.15360464E-5
8.45000000E+1	4.40885094E-9	2.52457579E-8	9.73826592E-7	2.83202880E-5
8.50000000E+1	4.59930103E-8	2.56930147E-8	9.75419317E-7	2.88220136E-5
8.55000000E+1	4.75631147E-9	2.70624488E-8	9.90942171E-7	3.03582229E-5
8.60000000E+1	6.10366397E-9	3.68162423E-8	9.92265026E-7	4.12998726E-5
8.65000000E+1	6.19865746E-9	2.63510734E-8	9.57544103E-7	2.95602133E-5
8.70000000E+1	4.69283891E-9	2.43809950E-8	9.19646363E-7	2.73502108E-5
8.75000000E+1	4.95970489E-9	2.91177987E-8	9.07937568E-7	3.26638816E-5
8.80000000E+1	6.57180070E-9	2.78496705E-8	9.13716995E-7	3.12413156E-5
8.85000000E+1	4.64859568E-9	2.34204170E-8	9.79312002E-7	2.62726498E-5
8.90000000E+1	4.70115753E-9	2.38598538E-8	9.40714283E-7	2.67656029E-5
8.95000000E+1	4.64117084E-9	2.49645556E-8	8.94181930E-7	2.80048397E-5
9.00000000E+1	7.66936140E-8	3.24151602E-8	9.51873666E-7	3.63628090E-5
9.05000000E+1	4.54799344E-9	2.54824548E-8	8.67191681E-7	2.85858108E-5
9.10000000E+1	4.78912461E-9	3.18225562E-8	8.95480950E-7	3.56980354E-5
9.15000000E+1	4.61452167E-9	2.23005770E-8	8.67758492E-7	2.50164311E-5
9.20000000E+1	5.30857244E-9	2.48148294E-8	9.50315178E-7	2.78368793E-5
9.25000000E+1	5.16138751E-9	2.35837859E-8	8.44951842E-7	2.64559144E-5
9.30000000E+1	5.69656453E-9	3.09216959E-8	9.67569735E-7	3.46874646E-5
9.35000000E+1	6.24720293E-9	2.44782924E-8	8.74164486E-7	2.74593574E-5
9.40000000E+1	4.85151966E-9	2.42909631E-8	8.56204149E-7	2.72492145E-5
9.45000000E+1	5.13864725E-9	3.55285342E-8	8.75141332E-7	3.98553423E-5
9.50000000E+1	3.26420095E-8	3.29471854E-8	8.69464225E-7	3.69596263E-5
9.55000000E+1	7.91028373E-9	2.40959452E-8	8.38143018E-7	2.70304465E-5
9.60000000E+1	4.40014479E-9	2.40293977E-8	8.55194458E-7	2.69557946E-5
9.65000000E+1	4.50329047E-9	2.11363946E-8	9.03899844E-7	2.37104699E-5
9.70000000E+1	3.96459361E-9	2.50936384E-8	8.28843506E-7	2.81496428E-5
9.75000000E+1	4.55997422E-9	2.51082911E-8	8.22767518E-7	2.81660799E-5
9.80000000E+1	6.05979697E-9	2.51353476E-8	8.09792301E-7	2.81964315E-5
9.85000000E+1	5.78730740E-9	2.40473792E-8	8.33527406E-7	2.69759659E-5
9.90000000E+1	4.36113016E-9	2.38594646E-8	8.48148825E-7	2.67651663E-5
9.95000000E+1	5.21778480E-9	2.12440707E-8	8.29448000E-7	2.38312593E-5
1.00000000E+2	6.46482968E-8	2.30956050E-8	2.31015354E-6	2.59082809E-5
1.00500000E+2	4.58410724E-9	2.47775694E-8	8.47627677E-7	2.77950816E-5
1.01000000E+2	6.26614376E-9	2.43482080E-8	8.12090810E-7	2.73134309E-5
1.01500000E+2	5.61985490E-9	2.39070518E-8	7.86333049E-7	2.68185488E-5
1.02000000E+2	4.20051959E-9	2.30709459E-8	8.06236767E-7	2.58806186E-5
1.02500000E+2	4.76286892E-9	2.50817727E-8	7.83524766E-7	2.81363320E-5
1.03000000E+2	5.35264514E-9	2.36603470E-8	7.51622285E-7	2.65417994E-5
1.03500000E+2	4.47338894E-9	2.43229881E-8	7.44510563E-7	2.72851396E-5
1.04000000E+2	4.42095094E-9	2.40267767E-8	7.86376735E-7	2.69528544E-5
1.04500000E+2	4.27647369E-9	3.12068380E-8	7.66267822E-7	3.50073325E-5
1.05000000E+2	7.42163923E-8	2.54038960E-8	7.80276079E-7	2.84976849E-5
1.05500000E+2	5.13220997E-9	3.32945978E-8	7.54832689E-7	3.73493480E-5
1.06000000E+2	4.65393100E-9	3.76987451E-8	7.62240565E-7	4.22898502E-5
1.06500000E+2	5.31291658E-9	3.41100342E-8	7.94002930E-7	3.82640916E-5
1.07000000E+2	4.76118106E-9	2.35471716E-8	7.61898396E-7	2.64148410E-5
1.07500000E+2	5.14525641E-9	3.06658863E-8	7.34800990E-7	3.44005014E-5
1.08000000E+2	5.29883599E-9	2.59086751E-8	7.69612051E-7	2.90639379E-5
1.08500000E+2	5.89516544E-9	3.24566266E-8	7.48282261E-7	3.64093253E-5
1.09000000E+2	4.45271831E-9	2.46455669E-8	7.25443536E-7	2.76470033E-5
1.09500000E+2	5.77437241E-9	3.04819585E-8	7.83427661E-7	3.41941742E-5
1.10000000E+2	6.25973935E-8	2.39225411E-8	7.40029248E-7	2.68359245E-5
1.10500000E+2	6.71056092E-9	2.52812959E-8	7.65758007E-7	2.83601540E-5
1.11000000E+2	6.53988800E-9	2.89170949E-8	7.42379754E-7	3.24387353E-5
1.11500000E+2	4.96672060E-9	2.52938280E-8	7.40377400E-7	2.83742123E-5
1.12000000E+2	4.89484650E-9	2.67593420E-8	7.26458348E-7	3.00182025E-5
1.12500000E+2	6.72154850E-9	2.79919148E-8	7.46309982E-7	3.14008830E-5
1.13000000E+2	5.10754913E-9	2.67450357E-8	7.33390479E-7	3.00021539E-5
1.13500000E+2	5.35006035E-9	3.24041735E-8	7.06964701E-7	3.63504843E-5
1.14000000E+2	4.78241690E-9	2.90376259E-8	6.88279058E-7	3.25739450E-5
1.14500000E+2	5.09429441E-9	2.42316580E-8	7.02756640E-7	2.71826869E-5
1.15000000E+2	6.62532719E-8	2.66123575E-8	7.10129587E-7	2.98533176E-5
1.15500000E+2	5.50046362E-9	2.36844057E-8	7.17867937E-7	2.65687881E-5
1.16000000E+2	4.65945686E-9	2.33624879E-8	6.92227386E-7	2.62076658E-5
1.16500000E+2	5.34198991E-9	4.81162705E-8	6.85509350E-7	5.39760637E-5
1.17000000E+2	4.39568627E-9	2.50013022E-8	7.00227294E-7	2.80460615E-5
1.17500000E+2	4.51633439E-9	2.69478208E-8	6.92632543E-7	3.02296350E-5
1.18000000E+2	6.08375123E-9	2.49740664E-8	6.81096879E-7	2.80155088E-5
1.18500000E+2	6.01826556E-9	2.19740849E-8	6.83696133E-7	2.46501775E-5
1.19000000E+2	5.51101798E-9	3.90931299E-8	7.31361648E-7	4.38540488E-5
1.19500000E+2	4.14016066E-9	2.40162900E-8	6.91140832E-7	2.69410905E-5
1.20000000E+2	1.00274164E-7	2.65756506E-8	6.60590273E-7	2.98121404E-5
1.20500000E+2	4.73801760E-9	3.72364984E-8	6.62000837E-7	4.17713092E-5
1.21000000E+2	5.13170000E-9	2.44781133E-8	6.58308091E-7	2.74591565E-5
1.21500000E+2	4.92430070E-9	3.20674987E-8	6.88065686E-7	3.59728079E-5
1.22000000E+2	4.21366242E-9	2.88053527E-8	6.98535517E-7	3.23133846E-5
1.22500000E+2	4.07188633E-9	3.23144327E-8	6.68144091E-7	3.62498145E-5
1.23000000E+2	4.92277875E-9	2.09557765E-8	6.45489357E-7	2.35078554E-5
1.23500000E+2	5.43545176E-9	2.26627796E-8	6.33166305E-7	2.54227442E-5
1.24000000E+2	5.12243111E-9	2.73184071E-8	6.47173972E-7	3.06453528E-5
1.24500000E+2	4.40640135E-9	2.39210105E-8	6.13953578E-7	2.68342076E-5
1.25000000E+2	5.67405739E-8	2.69636193E-8	6.31373476E-7	3.02473575E-5
1.25500000E+2	6.52406582E-9	2.53504131E-8	6.76442043E-7	2.84376885E-5
1.26000000E+2	5.70380262E-9	2.18567637E-8	6.37063160E-7	2.45185684E-5
1.26500000E+2	4.07889554E-9	2.28389961E-8	6.16070170E-7	2.56204211E-5
1.27000000E+2	4.87881228E-9	2.65774762E-8	6.83456683E-7	2.98141883E-5
1.27500000E+2	5.54794855E-9	2.18157878E-8	6.77926394E-7	2.44726024E-5
1.28000000E+2	5.41892813E-9	2.88287074E-8	7.68364574E-7	3.23395836E-5
1.28500000E+2	5.78230434E-9	2.66632920E-8	6.51769080E-7	2.99104552E-5
1.29000000E+2	4.62392821E-9	2.39620808E-8	6.25383190E-7	2.68802795E-5
1.29500000E+2	6.40440634E-9	3.43216407E-8	6.22905010E-7	3.85014684E-5
1.30000000E+2	5.10880866E-8	2.69741959E-8	7.20592581E-7	3.02592222E-5
1.30500000E+2	4.18844525E-9	2.50624046E-8	6.44588713E-7	2.81146052E-5
1.31000000E+2	4.74674494E-9	2.13700200E-8	6.15813550E-7	2.39725471E-5
1.31500000E+2	4.87864734E-9	2.73109695E-8	6.29885842E-7	3.06370094E-5
1.32000000E+2	5.44050984E-9	2.60670158E-8	6.06447740E-7	2.92415620E-5
1.32500000E+2	4.75220445E-9	2.29750118E-8	5.98864078E-7	2.57730013E-5
1.33000000E+2	5.50790138E-9	2.83917930E-8	6.18313609E-7	3.18494600E-5
1.33500000E+2	6.53247873E-9	2.69155913E-8	6.05660265E-7	3.01934805E-5
1.34000000E+2	4.28250696E-9	2.54166460E-8	6.15911571E-7	2.85119876E-5
1.34500000E+2	4.92343564E-9	2.37592897E-8	5.87327695E-7	2.66527917E-5
1.35000000E+2	3.81384717E-8	2.07764889E-8	5.88804777E-7	2.33067334E-5
1.35500000E+2	6.13462061E-9	2.34402618E-8	5.87302855E-7	2.62949114E-5
1.36000000E+2	6.03587571E-9	2.41562809E-8	6.24248895E-7	2.70981302E-5
1.36500000E+2	4.41022997E-9	3.63173197E-8	6.14832330E-7	4.07401892E-5
1.37000000E+2	4.92118228E-9	2.10898208E-8	6.03859836E-7	2.36582241E-5
1.37500000E+2	6.32936176E-9	3.04251732E-8	6.16283869E-7	3.41304734E-5
1.38000000E+2	4.39347038E-9	2.16764299E-8	5.86903863E-7	2.43162729E-5
1.38500000E+2	6.71614247E-9	2.77563894E-8	6.17767014E-7	3.11366744E-5
1.39000000E+2	4.21391365E-9	2.14973375E-8	6.16611286E-7	2.41153699E-5
1.39500000E+2	4.04022956E-9	2.36531938E-8	5.80126915E-7	2.65337751E-5
1.40000000E+2	6.54086632E-8	2.67578475E-8	6.23199141E-7	3.00165260E-5
1.40500000E+2	6.32067191E-9	3.03599112E-8	5.92744700E-7	3.40572635E-5
1.41000000E+2	4.37451139E-9	2.92203890E-8	5.77153833E-7	3.27789657E-5
1.41500000E+2	4.69951908E-9	2.29935004E-8	6.03367341E-7	2.57937416E-5
1.42000000E+2	4.83797004E-9	3.57855967E-8	6.14381638E-7	4.01437108E-5
1.42500000E+2	4.56665606E-9	2.33679999E-8	5.72574423E-7	2.62138490E-5
1.43000000E+2	5.34191557E-9	2.03983188E-8	6.08706206E-7	2.28825082E-5
1.43500000E+2	4.39788540E-9	2.40919956E-8	5.75892182E-7	2.70260159E-5
1.44000000E+2	5.04622983E-9	2.83006282E-8	5.61192597E-7	3.17471928E-5
1.44500000E+2	4.37019874E-9	2.03135486E-8	5.68365250E-7	2.27874144E-5
1.45000000E+2	4.27192580E-8	2.56635106E-8	5.63031446E-7	2.87889163E-5
1.45500000E+2	3.97352068E-9	3.14558596E-8	5.84268252E-7	3.52866810E-5
1.46000000E+2	4.47197416E-9	2.79969664E-8	5.68393442E-7	3.14065497E-5
1.46500000E+2	5.57812145E-9	2.22400155E-8	6.19131686E-7	2.49484942E-5
1.47000000E+2	4.44448138E-9	2.88117118E-8	6.32266816E-7	3.23205181E-5
1.47500000E+2	5.53674628E-9	2.11172668E-8	5.95141884E-7	2.36890127E-5
1.48000000E+2	7.20270421E-9	2.36719138E-8	6.65756642E-7	2.65547748E-5
1.48500000E+2	6.51948185E-9	2.26914244E-8	9.40143880E-7	2.54548775E-5
1.49000000E+2	5.07161133E-9	2.67899082E-8	1.08614354E-6	3.00524911E-5
1.49500000E+2	5.02483171E-9	2.58253810E-8	1.80103528E-6	2.89705000E-5
1.50000000E+2	7.21318442E-8	2.88261496E-8	1.19708285E-5	3.23367142E-5
1.50500000E+2	4.43102856E-9	2.49139376E-8	2.28100234E-6	2.79480573E-5
1.51000000E+2	4.33811453E-9	2.64083712E-8	1.12354152E-6	2.96244891E-5
1.51500000E+2	5.81383633E-9	2.53085281E-8	9.51423258E-7	2.83907026E-5
1.52000000E+2	4.83073796E-9	2.52215827E-8	8.10863912E-7	2.82931687E-5
1.52500000E+2	5.20800599E-9	2.04909946E-8	7.65317840E-7	2.29864705E-5
1.53000000E+2	4.08343480E-9	2.10440039E-8	5.92896932E-7	2.36068275E-5
1.53500000E+2	5.95737611E-9	2.21846662E-8	6.32247752E-7	2.48864042E-5
1.54000000E+2	4.35526668E-9	1.97839935E-8	5.99745369E-7	2.21933679E-5
1.54500000E+2	4.21730910E-9	2.32555614E-8	5.95957993E-7	2.60877173E-5
1.55000000E+2	3.98244040E-8	2.56965362E-8	5.48267433E-7	2.88259640E-5
1.55500000E+2	4.72461962E-9	2.56877012E-8	5.72389646E-7	2.88160530E-5
1.56000000E+2	4.37235842E-9	2.55644811E-8	6.34769325E-7	2.86778266E-5
1.56500000E+2	6.16838546E-9	2.53616191E-8	6.08325317E-7	2.84502592E-5
1.57000000E+2	4.52277895E-9	2.87407705E-8	5.98968152E-7	3.22409373E-5
1.57500000E+2	5.65899178E-9	2.87237540E-8	5.43035769E-7	3.22218485E-5
1.58000000E+2	5.40062057E-9	2.14186129E-8	6.01914145E-7	2.40270579E-5
1.58500000E+2	4.62310667E-9	3.46710972E-8	5.64107834E-7	3.88934831E-5
1.59000000E+2	5.90338622E-9	2.98883645E-8	5.51680618E-7	3.35282900E-5
1.59500000E+2	4.82090045E-9	2.97238971E-8	5.59017360E-7	3.33437930E-5
1.60000000E+2	4.96152318E-8	2.21981518E-8	5.53113751E-7	2.49015321E-5
1.60500000E+2	4.74919249E-9	2.75371658E-8	5.40466751E-7	3.08907528E-5
1.61000000E+2	5.25048395E-9	2.49815813E-8	5.40518521E-7	2.80239389E-5
1.61500000E+2	6.32109658E-9	2.23698643E-8	5.66963015E-7	2.50941566E-5
1.62000000E+2	4.46456132E-9	4.47478640E-8	5.46124400E-7	5.01974392E-5
1.62500000E+2	5.55190699E-9	2.85053100E-8	5.15001816E-7	3.19768015E-5
1.63000000E+2	4.55557166E-9	2.01232777E-8	5.19462755E-7	2.25739715E-5
1.63500000E+2	6.38396065E-9	1.99525232E-8	5.15348031E-7	2.23824218E-5
1.64000000E+2	5.03121669E-9	3.12746474E-8	6.08479460E-7	3.50833999E-5
1.64500000E+2	5.04144043E-9	2.18640432E-8	5.11227237E-7	2.45267345E-5
1.65000000E+2	3.50695859E-8	2.09374855E-8	5.45064211E-7	2.34873369E-5
1.65500000E+2	5.72525798E-9	2.50675337E-8	5.44624151E-7	2.81203589E-5
1.66000000E+2	4.88419741E-9	2.26483650E-8	5.09345529E-7	2.54065742E-5
1.66500000E+2	4.90827230E-9	2.92331675E-8	5.25753552E-7	3.27933005E-5
1.67000000E+2	4.88340030E-9	3.25959561E-8	5.37382438E-7	3.65656230E-5
1.67500000E+2	4.64143943E-9	2.33477671E-8	5.03261914E-7	2.61911523E-5
1.68000000E+2	4.82677196E-9	2.07295979E-8	5.13045016E-7	2.32541319E-5
1.68500000E+2	4.46069584E-9	2.16063218E-8	4.95125012E-7	2.42376267E-5
1.69000000E+2	4.72671807E-9	2.32583533E-8	4.97565578E-7	2.60908493E-5
1.69500000E+2	4.19254404E-9	2.02599803E-8	5.59451129E-7	2.27273224E-5
1.70000000E+2	7.50216457E-8	2.14768572E-8	5.11884464E-7	2.40923955E-5
1.70500000E+2	5.74990917E-9	2.21936354E-8	5.63863465E-7	2.48964657E-5
1.71000000E+2	4.20611491E-9	2.10173126E-8	5.07723177E-7	2.35768856E-5
1.71500000E+2	5.25742447E-9	3.16327621E-8	5.41308147E-7	3.54851273E-5
1.72000000E+2	4.79698800E-9	1.95142407E-8	4.96570496E-7	2.18907635E-5
1.72500000E+2	6.54343273E-9	2.44691373E-8	4.75693258E-7	2.74490875E-5
1.73000000E+2	4.41144452E-9	2.12297330E-8	4.92182724E-7	2.38151755E-5
1.73500000E+2	5.43981050E-9	1.97371079E-8	5.13935523E-7	2.21407724E-5
1.74000000E+2	5.38717869E-9	2.70767056E-8	4.81110609E-7	3.03742159E-5
1.74500000E+2	4.76675480E-9	2.93711012E-8	4.88261756E-7	3.29480323E-5
1.75000000E+2	3.04541302E-8	2.49565218E-8	4.94879510E-7	2.79958276E-5
1.75500000E+2	5.99523349E-9	2.05880043E-8	4.73235615E-7	2.30952944E-5
1.76000000E+2	5.27579291E-9	2.03397576E-8	4.82119347E-7	2.28168153E-5
1.76500000E+2	4.51625564E-9	2.34969094E-8	5.14832418E-7	2.63584577E-5
1.77000000E+2	5.07969900E-9	2.19701121E-8	4.80509124E-7	2.46457208E-5
1.77500000E+2	8.41494694E-9	2.35343676E-8	5.06036804E-7	2.64004777E-5
1.78000000E+2	8.55025329E-9	2.49545307E-8	4.69566349E-7	2.79935940E-5
1.78500000E+2	5.73009862E-9	2.05477093E-8	4.90972842E-7	2.30500921E-5
1.79000000E+2	5.08007156E-9	2.33452768E-8	4.91461674E-7	2.61883586E-5
1.79500000E+2	5.58144921E-9	2.24501283E-8	4.85806996E-7	2.51841954E-5
1.80000000E+2	9.64267798E-8	2.76666995E-8	4.80607899E-7	3.10360616E-5
1.80500000E+2	4.84189724E-9	2.74946409E-8	4.77728903E-7	3.08430490E-5
1.81000000E+2	5.15609662E-9	2.33512287E-8	4.74713003E-7	2.61950354E-5
1.81500000E+2	4.50578285E-9	2.18706797E-8	4.66806953E-7	2.45341792E-5
1.82000000E+2	4.57404507E-9	3.77868486E-8	4.79077479E-7	4.23886832E-5
1.82500000E+2	5.33382513E-9	2.49870633E-8	5.07416339E-7	2.80300886E-5
1.83000000E+2	5.78769730E-9	2.07340555E-8	4.77740522E-7	2.32591323E-5
1.83500000E+2	4.07935467E-9	2.48464135E-8	4.58644842E-7	2.78723098E-5
1.84000000E+2	4.07079172E-9	2.11134662E-8	4.71791907E-7	2.36847491E-5
1.84500000E+2	5.39814700E-9	2.03494965E-8	4.76077425E-7	2.28277402E-5
1.85000000E+2	2.88623883E-8	2.00808277E-8	4.64773480E-7	2.25263518E-5
1.85500000E+2	4.27614608E-9	2.11859550E-8	4.66901307E-7	2.37660659E-5
1.86000000E+2	6.64052897E-9	2.48253765E-8	4.62764485E-7	2.78487109E-5
1.86500000E+2	4.41831886E-9	2.79535602E-8	4.93725836E-7	3.13578574E-5
1.87000000E+2	5.51092774E-9	2.07822590E-8	5.04629492E-7	2.33132063E-5
1.87500000E+2	4.57116517E-9	2.12586229E-8	5.87121072E-7	2.38475837E-5
1.88000000E+2	4.99833509E-9	2.45879386E-8	4.77065113E-7	2.75823568E-5
1.88500000E+2	4.58184225E-9	2.06392628E-8	4.64765007E-7	2.31527953E-5
1.89000000E+2	6.17855368E-9	2.09685618E-8	5.25388510E-7	2.35221978E-5
1.89500000E+2	9.06008792E-9	2.13522767E-8	4.94429829E-7	2.39526430E-5
1.90000000E+2	9.20310834E-8	1.95479119E-8	4.84578596E-7	2.19285353E-5
1.90500000E+2	4.38036518E-9	2.01286260E-8	4.99012701E-7	2.25799711E-5
1.91000000E+2	4.50106549E-9	3.62224524E-8	4.83263437E-7	4.06337686E-5
1.91500000E+2	5.53659872E-9	2.46898471E-8	4.72707798E-7	2.76966762E-5
1.92000000E+2	4.21409845E-9	2.39705713E-8	4.88502976E-7	2.68898041E-5
1.92500000E+2	5.52101510E-9	2.62277680E-8	4.78859081E-7	2.94218913E-5
1.93000000E+2	3.73366895E-9	2.21056166E-8	4.69871761E-7	2.47977277E-5
1.93500000E+2	5.73230204E-9	1.82461503E-8	4.63270842E-7	2.04682400E-5
1.94000000E+2	5.97651825E-9	2.15052081E-8	4.70872051E-7	2.41241990E-5
1.94500000E+2	5.99943684E-9	2.00267181E-8	5.12436583E-7	2.24656525E-5
1.95000000E+2	6.69086343E-8	2.27475442E-8	4.82529519E-7	2.55178318E-5
1.95500000E+2	5.04469632E-9	3.20702741E-8	5.01753525E-7	3.59759213E-5
1.96000000E+2	5.45392957E-9	3.06354020E-8	6.22680839E-7	3.43663047E-5
1.96500000E+2	4.54920910E-9	2.73210186E-8	5.05458064E-7	3.06482823E-5
1.97000000E+2	5.03324022E-9	1.99239810E-8	5.01679931E-7	2.23504037E-5
1.97500000E+2	4.32829519E-9	2.46375367E-8	4.85074260E-7	2.76379952E-5
1.98000000E+2	4.81647801E-9	2.19414016E-8	4.74904947E-7	2.46135139E-5
1.98500000E+2	4.28302993E-9	2.34813568E-8	5.00425668E-7	2.63410111E-5
1.99000000E+2	5.59354574E-9	1.90949901E-8	6.37491639E-7	2.14204549E-5
1.99500000E+2	6.01978909E-9	2.71656560E-8	5.45003988E-7	3.04739990E-5
2.00000000E+2	6.29202358E-8	3.19395727E-8	7.75617889E-7	3.58293026E-5
2.00500000E+2	4.60710090E-9	1.94340694E-8	4.95064364E-7	2.18008287E-5
2.01000000E+2	6.51192499E-9	2.18722238E-8	4.32418751E-7	2.45359113E-5
2.01500000E+2	4.55134648E-9	3.01687635E-8	5.03536447E-7	3.38428370E-5
2.02000000E+2	4.16962465E-9	2.17531282E-8	4.07050452E-7	2.44023118E-5
2.02500000E+2	4.73769811E-9	1.88394616E-8	4.37246218E-7	2.11338072E-5
2.03000000E+2	4.98217821E-9	2.62292254E-8	5.13925240E-7	2.94235262E-5
2.03500000E+2	4.93174696E-9	2.35193487E-8	4.65441828E-7	2.63836297E-5
2.04000000E+2	5.15275415E-9	2.06350672E-8	4.85346915E-7	2.31480889E-5
2.04500000E+2	4.43681819E-9	1.89621536E-8	4.65814078E-7	2.12714411E-5
2.05000000E+2	4.07357305E-8	2.04846593E-8	4.31874143E-7	2.29793637E-5
2.05500000E+2	6.08738190E-9	2.45316580E-8	4.35372982E-7	2.75192222E-5
2.06000000E+2	4.98587833E-9	2.38493584E-8	4.43923711E-7	2.67538294E-5
2.06500000E+2	4.45704637E-9	2.25519320E-8	4.26772379E-7	2.52983972E-5
2.07000000E+2	4.62716144E-9	1.99360318E-8	4.55157243E-7	2.23639221E-5
2.07500000E+2	5.81813000E-9	1.93506419E-8	4.55215028E-7	2.17072410E-5
2.08000000E+2	4.97305681E-9	1.80004144E-8	4.28853047E-7	2.01925774E-5
2.08500000E+2	4.69220022E-9	1.96018461E-8	4.52358852E-7	2.19890379E-5
2.09000000E+2	6.24794152E-9	1.92403952E-8	4.74227469E-7	2.15835681E-5
2.09500000E+2	6.63467956E-9	2.89975957E-8	4.80268171E-7	3.25290398E-5
2.10000000E+2	3.91507862E-8	1.88559094E-8	4.38409980E-7	2.11522580E-5
2.10500000E+2	5.92136579E-9	3.02115335E-8	4.63898556E-7	3.38908158E-5
2.11000000E+2	4.38998391E-9	2.53466411E-8	4.61769824E-7	2.84334572E-5
2.11500000E+2	5.67689896E-9	2.70179941E-8	4.27881259E-7	3.03083543E-5
2.12000000E+2	4.93125734E-9	1.87434161E-8	4.79079369E-7	2.10260649E-5
2.12500000E+2	5.22414303E-9	2.23025395E-8	4.22855883E-7	2.50186326E-5
2.13000000E+2	4.66993361E-9	1.87508825E-8	4.36780189E-7	2.10344405E-5
2.13500000E+2	5.46401678E-9	2.86880375E-8	4.24868049E-7	3.21817823E-5
2.14000000E+2	6.04284693E-9	3.42703325E-8	4.49197916E-7	3.84439116E-5
2.14500000E+2	4.39415138E-9	2.38664545E-8	4.40796041E-7	2.67730075E-5
2.15000000E+2	4.58183650E-8	2.17441094E-8	4.13065538E-7	2.43921947E-5
2.15500000E+2	4.20617009E-9	2.51738206E-8	4.78373940E-7	2.82395899E-5
2.16000000E+2	4.68142257E-9	2.85156524E-8	3.93214273E-7	3.19884035E-5
2.16500000E+2	5.15398116E-9	2.34232040E-8	4.55564049E-7	2.62757761E-5
2.17000000E+2	5.71513581E-9	2.67818435E-8	4.15056166E-7	3.00434443E-5
2.17500000E+2	4.09067964E-9	2.07665737E-8	4.28907845E-7	2.32956107E-5
2.18000000E+2	4.23871545E-9	2.44982927E-8	4.07725170E-7	2.74817935E-5
2.18500000E+2	4.32417696E-9	2.60549038E-8	4.22516822E-7	2.92279750E-5
2.19000000E+2	5.61683131E-9	2.14515268E-8	4.04735494E-7	2.40639801E-5
2.19500000E+2	4.22879023E-9	1.89196561E-8	4.25613732E-7	2.12237681E-5
2.20000000E+2	7.50503372E-8	3.16634011E-8	4.51320091E-7	3.55194976E-5
2.20500000E+2	5.33896642E-9	3.03249541E-8	3.96641626E-7	3.40180492E-5
2.21000000E+2	4.38254739E-9	1.79321579E-8	4.54684164E-7	2.01160083E-5
2.21500000E+2	6.97417789E-9	2.65483694E-8	4.05682409E-7	2.97815368E-5
2.22000000E+2	4.30768751E-9	2.25415918E-8	4.05679312E-7	2.52867977E-5
2.22500000E+2	3.92329732E-9	2.52213778E-8	4.12678919E-7	2.82929388E-5
2.23000000E+2	5.52250017E-9	1.89313207E-8	4.21404661E-7	2.12368532E-5
2.23500000E+2	5.54362199E-9	3.14811611E-8	4.74030839E-7	3.53150637E-5
2.24000000E+2	6.16681986E-9	2.35888754E-8	4.53373142E-7	2.64616237E-5
2.24500000E+2	4.18502518E-9	2.47924741E-8	4.21775656E-7	2.78118014E-5
2.25000000E+2	4.31593458E-8	2.06616555E-8	4.35937409E-7	2.31779152E-5
2.25500000E+2	4.91694374E-9	1.82652982E-8	3.99600267E-7	2.04897199E-5
2.26000000E+2	4.90999180E-9	2.03366664E-8	4.22480917E-7	2.28133476E-5
2.26500000E+2	4.19736412E-9	2.24664996E-8	3.95927797E-7	2.52025605E-5
2.27000000E+2	5.38712549E-9	1.85624986E-8	3.87140710E-7	2.08231144E-5
2.27500000E+2	5.11074454E-9	2.71726036E-8	4.23383217E-7	3.04817928E-5
2.28000000E+2	4.71404036E-9	2.18204770E-8	4.19775560E-7	2.44778626E-5
2.28500000E+2	4.46117577E-9	2.02943534E-8	3.92045974E-7	2.27658815E-5
2.29000000E+2	4.31998010E-9	2.37059652E-8	4.54484082E-7	2.65929731E-5
2.29500000E+2	4.72973150E-9	1.86944726E-8	6.61766225E-7	2.09711608E-5
2.30000000E+2	6.62857940E-8	2.05942318E-8	5.63451400E-7	2.31022803E-5
2.30500000E+2	4.48506810E-9	2.12024285E-8	4.39293203E-7	2.37845457E-5
2.31000000E+2	4.90140956E-9	2.00329502E-8	4.17653672E-7	2.24726436E-5
2.31500000E+2	6.38637040E-9	2.74695572E-8	4.03140640E-7	3.08149106E-5
2.32000000E+2	4.94883476E-9	2.46600224E-8	3.86826354E-7	2.76632193E-5
2.32500000E+2	4.48526685E-9	2.51108416E-8	3.90814273E-7	2.81689411E-5
2.33000000E+2	9.25551844E-9	1.78310030E-8	4.02175251E-7	2.00025344E-5
2.33500000E+2	6.08303882E-9	2.52698042E-8	4.94776288E-7	2.83472627E-5
2.34000000E+2	4.95859364E-9	2.53393187E-8	4.39991675E-7	2.84252430E-5
2.34500000E+2	6.28277797E-9	1.88711855E-8	4.41848557E-7	2.11693945E-5
2.35000000E+2	7.72284156E-8	2.67021097E-8	4.13719641E-7	2.99540002E-5
2.35500000E+2	4.30685275E-9	2.11278533E-8	3.99914626E-7	2.37008884E-5
2.36000000E+2	5.05741171E-9	2.44638489E-8	4.12611777E-7	2.74431549E-5
2.36500000E+2	6.93463042E-9	2.22040620E-8	4.12650775E-7	2.49081622E-5
2.37000000E+2	4.60565003E-9	2.15613664E-8	4.21558902E-7	2.41871965E-5
2.37500000E+2	4.62223776E-9	2.23269913E-8	3.92347142E-7	2.50460622E-5
2.38000000E+2	7.68863089E-9	1.77397304E-8	3.75216825E-7	1.99001462E-5
2.38500000E+2	4.11440647E-9	2.24247143E-8	4.05348730E-7	2.51556863E-5
2.39000000E+2	6.23496130E-9	2.88107301E-8	4.23970162E-7	3.23194169E-5
2.39500000E+2	5.17357340E-9	2.06272516E-8	4.18965743E-7	2.31393214E-5
2.40000000E+2	4.94386509E-8	2.62181947E-8	3.84096132E-7	2.94111521E-5
2.40500000E+2	4.69089884E-9	1.95867115E-8	3.94991857E-7	2.19720602E-5
2.41000000E+2	4.19117298E-9	1.58935774E-8	4.01890695E-7	1.78291613E-5
2.41500000E+2	5.06272630E-9	3.32250531E-8	4.88756101E-7	3.72713339E-5
2.42000000E+2	4.60215503E-9	1.91870785E-8	4.05083211E-7	2.15237582E-5
2.42500000E+2	4.76808959E-9	1.73652770E-8	4.44986150E-7	1.94800904E-5
2.43000000E+2	5.18898786E-9	1.95377349E-8	4.07214708E-7	2.19171190E-5
2.43500000E+2	4.89896324E-9	2.80263238E-8	3.85294798E-7	3.14394824E-5
2.44000000E+2	4.86522001E-9	2.13751756E-8	4.20683229E-7	2.39783306E-5
2.44500000E+2	5.60785900E-9	2.52621761E-8	4.42057856E-7	2.83387057E-5
2.45000000E+2	7.62021862E-8	2.77923531E-8	4.34632816E-7	3.11770178E-5
2.45500000E+2	4.75466622E-9	2.69244211E-8	4.24823946E-7	3.02033856E-5
2.46000000E+2	6.60389977E-9	2.24977027E-8	4.86399908E-7	2.52375636E-5
2.46500000E+2	5.36301101E-9	2.53593299E-8	6.03938971E-7	2.84476913E-5
2.47000000E+2	5.01752402E-9	1.92330800E-8	4.99071042E-7	2.15753619E-5
2.47500000E+2	5.47081723E-9	1.89051465E-8	5.48645182E-7	2.12074914E-5
2.48000000E+2	5.54711206E-9	2.08272801E-8	5.43810656E-7	2.33637102E-5
2.48500000E+2	5.31344727E-9	2.44885547E-8	6.99247392E-7	2.74708696E-5
2.49000000E+2	4.59430059E-9	2.18913427E-8	9.44128727E-7	2.45573586E-5
2.49500000E+2	4.47498998E-9	2.07682614E-8	1.83927368E-6	2.32975039E-5
2.50000000E+2	4.51158651E-8	2.84692570E-8	7.45464011E-6	3.19363578E-5
2.50500000E+2	5.73267431E-9	2.92459481E-8	2.56467171E-6	3.28076375E-5
2.51000000E+2	4.16007034E-9	2.10224414E-8	9.26339411E-7	2.35826390E-5
2.51500000E+2	6.48609353E-9	2.27150817E-8	6.49829629E-7	2.54814158E-5
2.52000000E+2	5.49897544E-9	2.63176902E-8	6.37634300E-7	2.95227645E-5
2.52500000E+2	5.02755757E-9	1.74520077E-8	4.68260848E-7	1.95773835E-5
2.53000000E+2	7.35135178E-9	2.51166849E-8	4.30415958E-7	2.81754960E-5
2.53500000E+2	4.60798477E-9	1.87157622E-8	5.09963610E-7	2.09950432E-5
2.54000000E+2	6.01513583E-9	1.83266232E-8	3.92208477E-7	2.05585132E-5
2.54500000E+2	4.66278342E-9	1.95183292E-8	3.85146767E-7	2.18953500E-5
2.55000000E+2	4.49672899E-8	2.71489579E-8	4.10429989E-7	3.04552674E-5
2.55500000E+2	5.71506310E-9	2.22775256E-8	4.24593937E-7	2.49905724E-5
2.56000000E+2	4.58789984E-9	2.98575026E-8	3.98056561E-7	3.34936696E-5
2.56500000E+2	4.26960550E-9	3.44164807E-8	4.00412712E-7	3.86078583E-5
2.57000000E+2	4.11353752E-9	1.97871471E-8	3.69257990E-7	2.21969056E-5
2.57500000E+2	6.26649341E-9	2.20177531E-8	4.59599205E-7	2.46991638E-5
2.58000000E+2	5.93141320E-9	2.04364405E-8	3.70563411E-7	2.29252725E-5
2.58500000E+2	4.64012775E-9	2.08052781E-8	3.46980502E-7	2.33390286E-5
2.59000000E+2	4.67577111E-9	1.69852383E-8	3.46309252E-7	1.90537690E-5
2.59500000E+2	4.60020063E-9	2.02577400E-8	3.60965343E-7	2.27248092E-5
2.60000000E+2	2.52325484E-8	1.85228826E-8	3.68485305E-7	2.07786739E-5
2.60500000E+2	4.06750501E-9	1.74861677E-8	3.76063526E-7	1.96157036E-5
2.61000000E+2	4.52448120E-9	3.23435299E-8	4.37619386E-7	3.62824553E-5
2.61500000E+2	5.29334105E-9	2.31133282E-8	3.88512994E-7	2.59281625E-5
2.62000000E+2	4.27935209E-9	2.13973978E-8	3.90367233E-7	2.40032591E-5
2.62500000E+2	4.56770754E-9	2.09195747E-8	4.56468355E-7	2.34672448E-5
2.63000000E+2	5.88692691E-9	2.36526652E-8	4.59238916E-7	2.65331820E-5
2.63500000E+2	4.27153049E-9	2.07631844E-8	3.74489291E-7	2.32918086E-5
2.64000000E+2	5.08742001E-9	1.75044895E-8	3.83502659E-7	1.96362568E-5
2.64500000E+2	4.51874027E-9	1.90389924E-8	4.50058694E-7	2.13576376E-5
2.65000000E+2	5.23238159E-8	1.80778017E-8	7.51672558E-7	2.02793892E-5
2.65500000E+2	5.10870457E-9	1.80941937E-8	5.30989927E-7	2.02977775E-5
2.66000000E+2	5.75833333E-9	2.54320564E-8	3.72493784E-7	2.85292747E-5
2.66500000E+2	4.23721013E-9	2.76437725E-8	3.75304715E-7	3.10103425E-5
2.67000000E+2	7.87120676E-9	2.42053881E-8	3.79913969E-7	2.71532178E-5
2.67500000E+2	4.25874899E-9	2.49125923E-8	3.70779368E-7	2.79465481E-5
2.68000000E+2	4.65986128E-9	2.37879220E-8	3.67844118E-7	2.66849110E-5
2.68500000E+2	4.68630898E-9	2.30346174E-8	3.59537440E-7	2.58398659E-5
2.69000000E+2	6.37437868E-9	2.72325463E-8	3.95856294E-7	3.05490355E-5
2.69500000E+2	6.29961551E-9	2.85982654E-8	3.88317054E-7	3.20810774E-5
2.70000000E+2	4.36966404E-8	1.78150657E-8	3.80339545E-7	1.99846562E-5
2.70500000E+2	4.65071184E-9	1.91061369E-8	3.76832058E-7	2.14329593E-5
2.71000000E+2	4.34926711E-9	2.85435327E-8	3.68743951E-7	3.20196791E-5
2.71500000E+2	4.29188748E-9	2.03866496E-8	3.58409515E-7	2.28694180E-5
2.72000000E+2	4.60242336E-9	2.15381446E-8	3.61052047E-7	2.41611466E-5
2.72500000E+2	5.27213351E-9	2.08552097E-8	3.69607022E-7	2.33950412E-5
2.73000000E+2	6.82719972E-9	2.17815367E-8	3.46396618E-7	2.44341800E-5
2.73500000E+2	6.39425071E-9	1.74824528E-8	3.63392397E-7	1.96115363E-5
2.74000000E+2	5.15482605E-9	1.90191312E-8	3.91715969E-7	2.13353576E-5
2.74500000E+2	5.21525130E-9	2.24690680E-8	3.51708295E-7	2.52054416E-5
2.75000000E+2	5.99001462E-8	1.93221246E-8	3.45883679E-7	2.16752508E-5
2.75500000E+2	3.93202714E-9	1.80665332E-8	3.54952295E-7	2.02667484E-5
2.76000000E+2	6.70054802E-9	2.20895778E-8	3.68556134E-7	2.47797356E-5
2.76500000E+2	6.49345196E-9	1.73978298E-8	3.63876775E-7	1.95166077E-5
2.77000000E+2	5.02745991E-9	1.93594774E-8	3.54622820E-7	2.17171525E-5
2.77500000E+2	4.48938522E-9	2.72803568E-8	3.64243332E-7	3.06026686E-5
2.78000000E+2	5.00755666E-9	1.86744307E-8	3.43358865E-7	2.09486781E-5
2.78500000E+2	4.64108240E-9	2.05227532E-8	3.68141030E-7	2.30220968E-5
2.79000000E+2	4.19341434E-9	1.92131347E-8	3.58386468E-7	2.15529877E-5
2.79500000E+2	4.30742399E-9	1.74615226E-8	3.46148116E-7	1.95880571E-5
2.80000000E+2	4.26282528E-8	1.62010656E-8	3.45244506E-7	1.81740966E-5
2.80500000E+2	4.07156882E-9	2.33498376E-8	3.40570369E-7	2.61934750E-5
2.81000000E+2	4.34116788E-9	1.95269692E-8	3.37243786E-7	2.19050422E-5
2.81500000E+2	4.69588676E-9	1.72176727E-8	3.33611100E-7	1.93145102E-5
2.82000000E+2	4.43420761E-9	2.21608739E-8	3.36692088E-7	2.48597144E-5
2.82500000E+2	6.09030537E-9	1.83127224E-8	3.37909930E-7	2.05429196E-5
2.83000000E+2	4.23197757E-9	2.50054030E-8	3.49526477E-7	2.80506618E-5
2.83500000E+2	4.20514097E-9	1.92241506E-8	3.48945280E-7	2.15653451E-5
2.84000000E+2	4.96952364E-9	2.27620449E-8	3.12510581E-7	2.55340984E-5
2.84500000E+2	4.43384140E-9	2.47763282E-8	3.85221229E-7	2.77936893E-5
2.85000000E+2	4.59135602E-8	2.53383128E-8	3.75018214E-7	2.84241147E-5
2.85500000E+2	5.69129352E-9	1.86681323E-8	4.06376010E-7	2.09416126E-5
2.86000000E+2	5.94887882E-9	1.79319053E-8	3.78461639E-7	2.01157249E-5
2.86500000E+2	4.41258817E-9	3.26299241E-8	4.14181256E-7	3.66037277E-5
2.87000000E+2	4.68318692E-9	1.92254491E-8	3.53069032E-7	2.15668017E-5
2.87500000E+2	5.23042103E-9	2.95495856E-8	3.59687215E-7	3.31482531E-5
2.88000000E+2	5.17135180E-9	2.73011924E-8	3.23661532E-7	3.06260416E-5
2.88500000E+2	4.68675991E-9	2.16843978E-8	3.43837298E-7	2.43252111E-5
2.89000000E+2	4.14265122E-9	2.11303613E-8	3.71317390E-7	2.37037018E-5
2.89500000E+2	4.56263800E-9	2.76652195E-8	4.63943260E-7	3.10344014E-5
2.90000000E+2	3.12853051E-8	1.76211226E-8	3.69660595E-7	1.97670939E-5
2.90500000E+2	4.73386635E-9	1.69964788E-8	3.46961148E-7	1.90663785E-5
2.91000000E+2	5.59944255E-9	1.87932123E-8	3.67088865E-7	2.10819254E-5
2.91500000E+2	4.99805466E-9	2.06157269E-8	3.67027825E-7	2.31263931E-5
2.92000000E+2	6.51020720E-9	2.18625128E-8	4.14810945E-7	2.45250176E-5
2.92500000E+2	4.49081599E-9	2.07485413E-8	3.53281415E-7	2.32753823E-5
2.93000000E+2	4.27858697E-9	2.41351865E-8	3.61417274E-7	2.70744667E-5
2.93500000E+2	6.69825936E-9	2.20230398E-8	4.21309406E-7	2.47050943E-5
2.94000000E+2	6.81751217E-9	2.19376831E-8	3.68313980E-7	2.46093425E-5
2.94500000E+2	4.98077588E-9	1.94358737E-8	3.48450367E-7	2.18028527E-5
2.95000000E+2	4.20578431E-8	2.13246846E-8	3.41031609E-7	2.39216906E-5
2.95500000E+2	4.82212544E-9	2.02137279E-8	3.82160903E-7	2.26754371E-5
2.96000000E+2	6.59451476E-9	2.36882610E-8	4.05197750E-7	2.65731129E-5
2.96500000E+2	4.86455265E-9	1.80131203E-8	5.03030319E-7	2.02068307E-5
2.97000000E+2	5.48502127E-9	2.58583610E-8	3.89886761E-7	2.90074964E-5
2.97500000E+2	4.57862239E-9	2.24894825E-8	3.43140623E-7	2.52283423E-5
2.98000000E+2	7.54317064E-9	2.61576204E-8	3.31762630E-7	2.93432008E-5
2.98500000E+2	4.37028235E-9	1.66448306E-8	3.42653294E-7	1.86719052E-5
2.99000000E+2	5.32669871E-9	1.90605190E-8	4.72192391E-7	2.13817859E-5
2.99500000E+2	4.31830370E-9	4.00681247E-8	4.17035235E-7	4.49477823E-5
3.00000000E+2	3.87638647E-8	2.06948547E-8	6.31822378E-7	2.32151574E-5
3.00500000E+2	5.07515292E-9	2.71046753E-8	3.90738248E-7	3.04055919E-5
3.01000000E+2	4.70366570E-9	1.84511108E-8	3.81315844E-7	2.06981614E-5
3.01500000E+2	4.33396856E-9	1.92897996E-8	3.53209579E-7	2.16389891E-5
3.02000000E+2	5.76241224E-9	1.76104770E-8	3.39481770E-7	1.97551519E-5
3.02500000E+2	5.01858707E-9	1.75287089E-8	3.44540232E-7	1.96634257E-5
3.03000000E+2	6.80522050E-9	1.91842612E-8	3.22794296E-7	2.15205978E-5
3.03500000E+2	5.16656732E-9	2.63347006E-8	3.93423273E-7	2.95418465E-5
3.04000000E+2	4.51312482E-9	2.13183112E-8	3.89838303E-7	2.39145410E-5
3.04500000E+2	4.63117334E-9	2.06239267E-8	3.39222557E-7	2.31355916E-5
3.05000000E+2	1.11987830E-7	1.96112536E-8	3.17716824E-7	2.19995910E-5
3.05500000E+2	6.04548949E-9	2.15565143E-8	3.24946386E-7	2.41817535E-5
3.06000000E+2	4.17190662E-9	2.18976935E-8	3.40920758E-7	2.45644828E-5
3.06500000E+2	5.57490332E-9	1.95733399E-8	3.42140567E-7	2.19570601E-5
3.07000000E+2	4.67566401E-9	2.51728880E-8	3.16663829E-7	2.82385437E-5
3.07500000E+2	4.52487702E-9	2.38503558E-8	3.52546257E-7	2.67549482E-5
3.08000000E+2	4.12900641E-9	2.52777924E-8	3.43369280E-7	2.83562238E-5
3.08500000E+2	4.31008882E-9	1.93243609E-8	3.45373906E-7	2.16777595E-5
3.09000000E+2	4.19771198E-9	2.02154572E-8	3.24439658E-7	2.26773770E-5
3.09500000E+2	4.99608957E-9	1.79984250E-8	3.39374636E-7	2.01903457E-5
3.10000000E+2	3.21377903E-8	1.85761228E-8	3.23239048E-7	2.08383978E-5
3.10500000E+2	5.48292345E-9	1.77444738E-8	3.34969540E-7	1.99054673E-5
3.11000000E+2	4.33019329E-9	1.91910015E-8	3.50083061E-7	2.15281590E-5
3.11500000E+2	5.13836667E-9	2.00775689E-8	3.25597815E-7	2.25226961E-5
3.12000000E+2	5.35759434E-9	2.43824445E-8	3.36566086E-7	2.73518368E-5
3.12500000E+2	5.35341804E-9	2.17439663E-8	3.50830089E-7	2.43920341E-5
3.13000000E+2	4.75724067E-9	2.37646136E-8	3.31656372E-7	2.66587640E-5
3.13500000E+2	5.46108685E-9	1.79244845E-8	3.44822891E-7	2.01074004E-5
3.14000000E+2	4.48476798E-9	1.73507386E-8	3.21693430E-7	1.94637815E-5
3.14500000E+2	4.36313286E-9	2.58479952E-8	3.50216072E-7	2.89958682E-5
3.15000000E+2	8.50944091E-8	2.31631188E-8	3.25824643E-7	2.59840167E-5
3.15500000E+2	4.90729169E-9	2.23394980E-8	3.28710226E-7	2.50600921E-5
3.16000000E+2	3.93249387E-9	2.68655843E-8	3.75091378E-7	3.01373834E-5
3.16500000E+2	4.58838718E-9	2.06116817E-8	3.50050992E-7	2.31218553E-5
3.17000000E+2	4.73644571E-9	1.90940011E-8	3.31799185E-7	2.14193455E-5
3.17500000E+2	5.53935932E-9	1.86708228E-8	3.18294076E-7	2.09446309E-5
3.18000000E+2	5.45180870E-9	2.87255705E-8	3.56431201E-7	3.22238862E-5
3.18500000E+2	4.80741168E-9	2.28621189E-8	3.15072686E-7	2.56463598E-5
3.19000000E+2	6.99850069E-9	1.78832768E-8	3.52305986E-7	2.00611743E-5
3.19500000E+2	7.39705173E-9	2.58515571E-8	3.19198698E-7	2.89998639E-5
3.20000000E+2	5.58334865E-8	1.91264755E-8	3.41498949E-7	2.14557747E-5
3.20500000E+2	4.34305667E-9	1.69180654E-8	3.61459076E-7	1.89784156E-5
3.21000000E+2	7.17585114E-9	2.77154099E-8	3.71177211E-7	3.10907042E-5
3.21500000E+2	4.79341853E-9	2.46560617E-8	3.38652542E-7	2.76587762E-5
3.22000000E+2	5.33467373E-9	1.70689415E-8	3.47000367E-7	1.91476660E-5
3.22500000E+2	4.54052745E-9	2.21945474E-8	3.64336157E-7	2.48974888E-5
3.23000000E+2	4.93456988E-9	2.26195550E-8	3.23973044E-7	2.53742556E-5
3.23500000E+2	4.74294453E-9	1.93655197E-8	3.53823652E-7	2.17239307E-5
3.24000000E+2	7.59730293E-9	2.27923445E-8	3.53660319E-7	2.55680880E-5
3.24500000E+2	5.95615801E-9	2.66068917E-8	3.80733779E-7	2.98471862E-5
3.25000000E+2	9.40327547E-8	1.89605705E-8	3.24466693E-7	2.12696652E-5
3.25500000E+2	6.52560910E-9	1.79023309E-8	3.14975946E-7	2.00825488E-5
3.26000000E+2	5.01622727E-9	1.89208527E-8	3.39166616E-7	2.12251104E-5
3.26500000E+2	5.00765487E-9	2.75925951E-8	4.42600101E-7	3.09529325E-5
3.27000000E+2	4.94501015E-9	2.30400649E-8	3.83448861E-7	2.58459768E-5
3.27500000E+2	5.23270726E-9	3.09022486E-8	3.46299863E-7	3.46656490E-5
3.28000000E+2	6.92121480E-9	2.15815846E-8	3.17897874E-7	2.42098769E-5
3.28500000E+2	5.05387576E-9	1.69896877E-8	3.19555240E-7	1.90587603E-5
3.29000000E+2	4.56484594E-9	2.76209006E-8	3.31783749E-7	3.09846852E-5
3.29500000E+2	4.13575016E-9	2.52361203E-8	4.02923327E-7	2.83094767E-5
3.30000000E+2	6.64480832E-8	2.07249176E-8	3.40708008E-7	2.32488815E-5
3.30500000E+2	8.21591050E-9	1.83682037E-8	3.62877429E-7	2.06051576E-5
3.31000000E+2	4.94335809E-9	2.10748523E-8	3.31559704E-7	2.36414327E-5
3.31500000E+2	4.49043999E-9	1.69489342E-8	3.13319493E-7	1.90130437E-5
3.32000000E+2	4.32946751E-9	2.96389955E-8	3.77419872E-7	3.32485517E-5
3.32500000E+2	4.44598682E-9	2.12213125E-8	3.31879958E-7	2.38057294E-5
3.33000000E+2	4.83333511E-9	3.17579923E-8	4.53198733E-7	3.56256085E-5
3.33500000E+2	6.16739169E-9	1.91810103E-8	7.05052768E-7	2.15169510E-5
3.34000000E+2	5.49571710E-9	2.08503786E-8	3.80652708E-7	2.33896217E-5
3.34500000E+2	4.69497267E-9	1.97956309E-8	3.36231501E-7	2.22064226E-5
3.35000000E+2	7.33875608E-8	2.37555055E-8	3.30315528E-7	2.66485467E-5
3.35500000E+2	5.60625464E-9	2.00809099E-8	3.52960291E-7	2.25264440E-5
3.36000000E+2	6.45033345E-9	2.09062861E-8	3.41043569E-7	2.34523379E-5
3.36500000E+2	4.39372014E-9	1.84259533E-8	2.99055188E-7	2.06699402E-5
3.37000000E+2	3.91865963E-9	1.73242451E-8	3.40903518E-7	1.94340614E-5
3.37500000E+2	5.68523671E-9	2.05454141E-8	3.28260022E-7	2.30475174E-5
3.38000000E+2	5.63187730E-9	1.98568827E-8	3.45216376E-7	2.22751338E-5
3.38500000E+2	6.19000158E-9	2.58995946E-8	3.84559372E-7	2.90537515E-5
3.39000000E+2	4.48899330E-9	1.66893896E-8	3.50017470E-7	1.87218907E-5
3.39500000E+2	6.60804801E-9	2.85666267E-8	3.15892087E-7	3.20455856E-5
3.40000000E+2	3.76508520E-8	2.01106603E-8	3.67731803E-7	2.25598176E-5
3.40500000E+2	4.96581739E-9	2.19138374E-8	3.23713288E-7	2.45825928E-5
3.41000000E+2	5.20905530E-9	1.77458650E-8	3.23033494E-7	1.99070280E-5
3.41500000E+2	4.90526308E-9	2.70653068E-8	3.41721096E-7	3.03614289E-5
3.42000000E+2	4.46744390E-9	1.65974193E-8	3.13851624E-7	1.86187199E-5
3.42500000E+2	7.11237403E-9	1.99432455E-8	3.52512626E-7	2.23720143E-5
3.43000000E+2	6.34372288E-9	2.23245158E-8	3.36472579E-7	2.50432853E-5
3.43500000E+2	4.82586372E-9	1.62721839E-8	3.54166838E-7	1.82538760E-5
3.44000000E+2	5.60891207E-9	1.99894334E-8	3.97449216E-7	2.24238271E-5
3.44500000E+2	6.44402765E-9	2.07772122E-8	3.73513421E-7	2.33075449E-5
3.45000000E+2	5.43464533E-8	1.85552549E-8	3.97591216E-7	2.08149886E-5
3.45500000E+2	4.95482384E-9	2.05595956E-8	4.09917979E-7	2.30634260E-5
3.46000000E+2	6.88188794E-9	1.91705922E-8	4.33648634E-7	2.15052641E-5
3.46500000E+2	4.15131097E-9	1.72347660E-8	4.07842864E-7	1.93336852E-5
3.47000000E+2	3.98200593E-9	1.87403341E-8	4.28270687E-7	2.10226074E-5
3.47500000E+2	4.54706330E-9	2.60793036E-8	4.60110913E-7	2.92553463E-5
3.48000000E+2	5.82542481E-9	2.28676244E-8	5.59380811E-7	2.56525358E-5
3.48500000E+2	4.76562366E-9	2.39819163E-8	6.64196761E-7	2.69025306E-5
3.49000000E+2	3.83721921E-9	1.98570952E-8	1.25545054E-6	2.22753723E-5
3.49500000E+2	6.13959719E-9	2.45958138E-8	1.80164688E-6	2.75911912E-5
3.50000000E+2	5.88533362E-8	1.92199257E-8	5.60178940E-6	2.15606057E-5
3.50500000E+2	5.29237192E-9	2.37631779E-8	2.85082256E-6	2.66571534E-5
3.51000000E+2	4.65639391E-9	1.89588859E-8	1.16230713E-6	2.12677754E-5
3.51500000E+2	4.28400052E-9	2.27960698E-8	7.47712758E-7	2.55722670E-5
3.52000000E+2	4.89728295E-9	2.04522341E-8	7.11219711E-7	2.29429896E-5
3.52500000E+2	4.14029624E-9	2.55345238E-8	5.60981408E-7	2.86442209E-5
3.53000000E+2	4.61613913E-9	2.67288631E-8	5.66549139E-7	2.99840117E-5
3.53500000E+2	5.78666897E-9	1.92643527E-8	5.51108990E-7	2.16104432E-5
3.54000000E+2	5.45441323E-9	1.98173470E-8	4.10218885E-7	2.22307833E-5
3.54500000E+2	4.61834234E-9	2.02397650E-8	3.70085379E-7	2.27046451E-5
3.55000000E+2	3.23731700E-8	1.80521513E-8	3.69722448E-7	2.02506150E-5
3.55500000E+2	6.15238254E-9	2.53645549E-8	3.69852247E-7	2.84535526E-5
3.56000000E+2	7.97056048E-9	2.86922863E-8	4.15613066E-7	3.21865486E-5
3.56500000E+2	4.35592056E-9	1.88477056E-8	3.13577475E-7	2.11430551E-5
3.57000000E+2	6.04244966E-9	2.12299727E-8	3.51556852E-7	2.38154443E-5
3.57500000E+2	4.60998796E-9	1.62326084E-8	3.93442769E-7	1.82094808E-5
3.58000000E+2	5.21305212E-9	1.88828490E-8	3.41418203E-7	2.11824785E-5
3.58500000E+2	4.59992205E-9	2.30567489E-8	3.16681217E-7	2.58646927E-5
3.59000000E+2	3.95996532E-9	1.87504010E-8	3.19898314E-7	2.10339004E-5
3.59500000E+2	4.09601293E-9	2.12335446E-8	3.34159751E-7	2.38194512E-5
3.60000000E+2	8.88804227E-8	2.46406986E-8	3.21312417E-7	2.76415422E-5
3.60500000E+2	4.40405468E-9	1.66042170E-8	3.03128683E-7	1.86263454E-5
3.61000000E+2	5.73482345E-9	1.83146859E-8	3.12915722E-7	2.05451221E-5
3.61500000E+2	4.82858074E-9	2.02272319E-8	3.14647943E-7	2.26905857E-5
3.62000000E+2	4.25286022E-9	2.05462619E-8	3.09194925E-7	2.30484684E-5
3.62500000E+2	4.18803733E-9	2.27456945E-8	3.12675403E-7	2.55157568E-5
3.63000000E+2	3.96288573E-9	1.76336299E-8	3.13396423E-7	1.97811244E-5
3.63500000E+2	7.38523803E-9	2.42788661E-8	3.39971383E-7	2.72356442E-5
3.64000000E+2	4.62610174E-9	2.05526106E-8	3.79028658E-7	2.30555904E-5
3.64500000E+2	5.50382474E-9	1.88611049E-8	3.37557075E-7	2.11580863E-5
3.65000000E+2	8.48708590E-8	1.83388692E-8	3.09384058E-7	2.05722505E-5
3.65500000E+2	4.35910871E-9	2.11954961E-8	3.20201771E-7	2.37767691E-5
3.66000000E+2	5.62224826E-9	2.77283883E-8	3.21269777E-7	3.11052632E-5
3.66500000E+2	4.54610151E-9	2.89629131E-8	3.09772785E-7	3.24901334E-5
3.67000000E+2	4.51542821E-9	1.94522139E-8	2.97941622E-7	2.18211828E-5
3.67500000E+2	4.96257722E-9	1.89071576E-8	3.11398807E-7	2.12097474E-5
3.68000000E+2	4.91123290E-9	2.15256918E-8	2.96301780E-7	2.41471773E-5
3.68500000E+2	4.14662151E-9	3.32483517E-8	3.79720573E-7	3.72974699E-5
3.69000000E+2	5.94314807E-9	2.38362052E-8	3.82324233E-7	2.67390743E-5
3.69500000E+2	4.55550428E-9	2.45580470E-8	3.21276403E-7	2.75488249E-5
3.70000000E+2	9.03496497E-8	1.77180381E-8	3.59196044E-7	1.98758122E-5
3.70500000E+2	4.89004676E-9	1.96665768E-8	2.86587458E-7	2.20616518E-5
3.71000000E+2	5.25291478E-9	2.36844516E-8	3.18027874E-7	2.65688396E-5
3.71500000E+2	5.48366486E-9	1.97084754E-8	3.13020040E-7	2.21086529E-5
3.72000000E+2	4.33292832E-9	1.90573947E-8	3.11674744E-7	2.13782811E-5
3.72500000E+2	4.19621385E-9	1.95133533E-8	3.31876011E-7	2.18897681E-5
3.73000000E+2	5.28182026E-9	2.04353499E-8	3.15080877E-7	2.29240491E-5
3.73500000E+2	6.17953343E-9	2.27944061E-8	3.29909007E-7	2.55704007E-5
3.74000000E+2	6.82963708E-9	1.96052282E-8	3.27898578E-7	2.19928319E-5
3.74500000E+2	3.75982999E-9	2.16686044E-8	3.12388054E-7	2.43074943E-5
3.75000000E+2	4.53084244E-8	1.74806239E-8	3.04994248E-7	1.96094847E-5
3.75500000E+2	4.39955234E-9	2.76539919E-8	3.00820356E-7	3.10218065E-5
3.76000000E+2	5.75152852E-9	1.72712752E-8	2.99367705E-7	1.93746407E-5
3.76500000E+2	6.41325776E-9	1.77623025E-8	3.18202072E-7	1.99254673E-5
3.77000000E+2	4.61952132E-9	2.32910339E-8	3.09749057E-7	2.61275099E-5
3.77500000E+2	5.58523162E-9	1.77573046E-8	2.99471671E-7	1.99198607E-5
3.78000000E+2	4.66935402E-9	2.00533725E-8	3.13460864E-7	2.24955530E-5
3.78500000E+2	6.72950288E-9	2.59893927E-8	3.13178574E-7	2.91544857E-5
3.79000000E+2	5.43179670E-9	1.84034160E-8	3.15074029E-7	2.06446581E-5
3.79500000E+2	5.59520519E-9	2.04259418E-8	3.27355642E-7	2.29134953E-5
3.80000000E+2	5.86462024E-8	2.50798094E-8	3.16591196E-7	2.81341296E-5
3.80500000E+2	4.52295805E-9	1.95798345E-8	3.52660403E-7	2.19643456E-5
3.81000000E+2	4.19767538E-9	3.26699220E-8	3.28231383E-7	3.66485967E-5
3.81500000E+2	6.70735692E-9	1.83528383E-8	3.15330528E-7	2.05879209E-5
3.82000000E+2	5.34161161E-9	1.83758877E-8	2.94402553E-7	2.06137774E-5
3.82500000E+2	4.92977156E-9	2.07616544E-8	3.14911263E-7	2.32900923E-5
3.83000000E+2	4.25062809E-9	2.61097895E-8	3.31541034E-7	2.92895449E-5
3.83500000E+2	5.00058360E-9	2.53195214E-8	3.87246149E-7	2.84030348E-5
3.84000000E+2	5.70011169E-9	2.24645318E-8	3.18372962E-7	2.52003529E-5
3.84500000E+2	4.42553359E-9	1.96072400E-8	3.21352866E-7	2.19950887E-5
3.85000000E+2	7.64265419E-8	2.09700942E-8	3.75316499E-7	2.35239167E-5
3.85500000E+2	4.93906461E-9	2.35429923E-8	2.99582832E-7	2.64101528E-5
3.86000000E+2	8.67394196E-9	2.29105379E-8	3.59988437E-7	2.57006755E-5
3.86500000E+2	5.59431680E-9	1.78229167E-8	3.33839267E-7	1.99934634E-5
3.87000000E+2	4.77163346E-9	1.94614668E-8	3.50135586E-7	2.18315626E-5
3.87500000E+2	5.18293658E-9	3.46521730E-8	3.45491264E-7	3.88722542E-5
3.88000000E+2	5.32512371E-9	3.04944064E-8	3.25144511E-7	3.42081381E-5
3.88500000E+2	4.78472222E-9	1.97529658E-8	3.09577981E-7	2.21585616E-5
3.89000000E+2	6.35710516E-9	1.59932343E-8	3.37336993E-7	1.79409549E-5
3.89500000E+2	4.90339129E-9	2.24600562E-8	3.36736128E-7	2.51953323E-5
3.90000000E+2	1.18543361E-7	2.33369927E-8	3.23218523E-7	2.61790657E-5
3.90500000E+2	6.55259781E-9	2.28662046E-8	3.37642290E-7	2.56509431E-5
3.91000000E+2	4.23248034E-9	1.77363484E-8	3.12904126E-7	1.98963524E-5
3.91500000E+2	4.46520235E-9	2.05853270E-8	3.53903310E-7	2.30922911E-5
3.92000000E+2	4.12949516E-9	1.70651769E-8	3.18938808E-7	1.91434429E-5
3.92500000E+2	5.18182655E-9	1.99318711E-8	2.99789885E-7	2.23592547E-5
3.93000000E+2	4.82079246E-9	1.84850154E-8	2.95907635E-7	2.07361951E-5
3.93500000E+2	5.37379394E-9	1.89809868E-8	3.22959768E-7	2.12925678E-5
3.94000000E+2	5.41456946E-9	1.97794564E-8	3.77132195E-7	2.21882783E-5
3.94500000E+2	6.12353347E-9	1.73917416E-8	2.96895622E-7	1.95097779E-5
3.95000000E+2	2.91920873E-8	1.84776237E-8	3.11528558E-7	2.07279032E-5
3.95500000E+2	5.89744261E-9	2.21038642E-8	3.48468850E-7	2.47957618E-5
3.96000000E+2	8.91919698E-9	1.85104469E-8	3.05837449E-7	2.07647237E-5
3.96500000E+2	4.25757081E-9	1.89809413E-8	4.15648310E-7	2.12925168E-5
3.97000000E+2	5.94616203E-9	2.36931020E-8	3.17398073E-7	2.65785434E-5
3.97500000E+2	5.09531690E-9	2.49168641E-8	3.65330158E-7	2.79513402E-5
3.98000000E+2	4.28153334E-9	2.07585993E-8	2.99257592E-7	2.32866651E-5
3.98500000E+2	4.77236899E-9	2.02100046E-8	3.25173800E-7	2.26712603E-5
3.99000000E+2	3.88267412E-9	2.13775762E-8	3.45707882E-7	2.39810235E-5
3.99500000E+2	5.77997796E-9	2.09626063E-8	3.51624573E-7	2.35155170E-5
4.00000000E+2	7.63820222E-8	1.82420343E-8	4.52539717E-7	2.04636227E-5
4.00500000E+2	4.64703694E-9	2.10271064E-8	3.93451879E-7	2.35878722E-5
4.01000000E+2	6.37944634E-9	2.14703368E-8	4.14917392E-7	2.40850809E-5
4.01500000E+2	4.72710480E-9	1.68750223E-8	3.08694456E-7	1.89301305E-5
4.02000000E+2	4.84523889E-9	2.51622968E-8	3.31732654E-7	2.82266627E-5
4.02500000E+2	5.17978085E-9	1.88209238E-8	3.11899555E-7	2.11130117E-5
4.03000000E+2	7.71705397E-9	1.82575531E-8	3.25433717E-7	2.04810315E-5
4.03500000E+2	7.57399637E-9	2.10765555E-8	3.23342398E-7	2.36433434E-5
4.04000000E+2	4.17386844E-9	2.23209908E-8	3.18804546E-7	2.50393310E-5
4.04500000E+2	7.44645771E-9	1.79737128E-8	3.37920833E-7	2.01626240E-5
4.05000000E+2	4.48224403E-8	1.87008526E-8	3.26806177E-7	2.09783177E-5
4.05500000E+2	4.79127334E-9	2.11099030E-8	3.20083358E-7	2.36807520E-5
4.06000000E+2	5.16073023E-9	2.34448690E-8	2.81950201E-7	2.63000796E-5
4.06500000E+2	4.22362930E-9	1.67638631E-8	3.28284286E-7	1.88054339E-5
4.07000000E+2	5.24552064E-9	1.79666017E-8	3.19809576E-7	2.01546469E-5
4.07500000E+2	5.23390125E-9	1.73763906E-8	3.54724976E-7	1.94925575E-5
4.08000000E+2	4.95966137E-9	2.53574404E-8	3.45431220E-7	2.84455717E-5
4.08500000E+2	4.52126253E-9	1.72431027E-8	3.28394599E-7	1.93430372E-5
4.09000000E+2	4.33042147E-9	1.79082601E-8	3.15688433E-7	2.00892001E-5
4.09500000E+2	5.63690953E-9	2.14610196E-8	3.18772725E-7	2.40746290E-5
4.10000000E+2	6.47353841E-8	2.24594168E-8	3.40402596E-7	2.51946151E-5
4.10500000E+2	5.78583523E-9	2.84348740E-8	3.53058114E-7	3.18977876E-5
4.11000000E+2	5.36177516E-9	1.83036656E-8	3.00011706E-7	2.05327597E-5
4.11500000E+2	8.26023690E-9	1.92561941E-8	3.06721172E-7	2.16012910E-5
4.12000000E+2	4.57183667E-9	1.94744782E-8	3.13945717E-7	2.18461586E-5
4.12500000E+2	6.53327301E-9	2.49770328E-8	3.60037522E-7	2.80188364E-5
4.13000000E+2	5.56369026E-9	1.60380669E-8	3.18748159E-7	1.79912473E-5
4.13500000E+2	4.58661473E-9	1.81384077E-8	3.62033616E-7	2.03473761E-5
4.14000000E+2	4.18062460E-9	1.67728802E-8	3.03253956E-7	1.88155492E-5
4.14500000E+2	4.41969926E-9	1.90027887E-8	2.98411473E-7	2.13170249E-5
4.15000000E+2	4.38510562E-8	2.05145637E-8	3.22663096E-7	2.30129099E-5
4.15500000E+2	4.75046415E-9	1.68269448E-8	3.03169838E-7	1.88761980E-5
4.16000000E+2	4.79869085E-9	2.17360612E-8	3.50037500E-7	2.43831663E-5
4.16500000E+2	4.22975243E-9	2.03517106E-8	2.85969350E-7	2.28302239E-5
4.17000000E+2	6.44758887E-9	2.07141179E-8	3.09197856E-7	2.32367666E-5
4.17500000E+2	5.39407218E-9	1.88149203E-8	3.22186784E-7	2.11062771E-5
4.18000000E+2	4.69425731E-9	1.76710185E-8	2.86229590E-7	1.98230663E-5
4.18500000E+2	5.71292530E-9	1.89377517E-8	3.14777738E-7	2.12440674E-5
4.19000000E+2	4.28744807E-9	1.84239102E-8	3.29975800E-7	2.06676482E-5
4.19500000E+2	3.84586721E-9	2.09264816E-8	3.06298848E-7	2.34749928E-5
4.20000000E+2	4.87704062E-8	2.00219398E-8	2.98444678E-7	2.24602923E-5
4.20500000E+2	4.35694873E-9	2.39309863E-8	3.15167236E-7	2.68453982E-5
4.21000000E+2	6.31837414E-9	1.79982698E-8	2.94051333E-7	2.01901716E-5
4.21500000E+2	6.06360670E-9	2.20763086E-8	2.86807047E-7	2.47648505E-5
4.22000000E+2	4.77161630E-9	2.22462725E-8	3.27183636E-7	2.49555132E-5
4.22500000E+2	6.28263441E-9	2.16530418E-8	2.93662215E-7	2.42900364E-5
4.23000000E+2	4.28009842E-9	2.27717830E-8	3.17278323E-7	2.55450224E-5
4.23500000E+2	5.10347718E-9	2.27002386E-8	3.44910873E-7	2.54647652E-5
4.24000000E+2	6.22285970E-9	2.25536545E-8	3.58615400E-7	2.53003294E-5
4.24500000E+2	5.48287625E-9	1.58366137E-8	3.09942414E-7	1.77652604E-5
4.25000000E+2	3.95785824E-8	2.82839498E-8	3.23955275E-7	3.17284832E-5
4.25500000E+2	5.73685729E-9	1.75883594E-8	3.32474307E-7	1.97303407E-5
4.26000000E+2	5.71315155E-9	2.22072037E-8	3.11692084E-7	2.49116865E-5
4.26500000E+2	4.47125751E-9	1.98705291E-8	2.86048573E-7	2.22904422E-5
4.27000000E+2	4.12730617E-9	2.75148321E-8	3.19502771E-7	3.08656992E-5
4.27500000E+2	7.04445117E-9	1.79189910E-8	2.86612761E-7	2.01012379E-5
4.28000000E+2	5.22515461E-9	1.73913291E-8	2.97870163E-7	1.95093152E-5
4.28500000E+2	4.24848316E-9	2.72661967E-8	3.29842014E-7	3.05867840E-5
4.29000000E+2	4.37110850E-9	1.82731481E-8	3.03595487E-7	2.04985257E-5
4.29500000E+2	5.75144504E-9	1.72257737E-8	3.14969281E-7	1.93235978E-5
4.30000000E+2	4.22677503E-8	1.82637485E-8	3.80600585E-7	2.04879814E-5
4.30500000E+2	6.85150967E-9	2.29416022E-8	3.33988717E-7	2.57355230E-5
4.31000000E+2	6.27918214E-9	1.94427409E-8	2.88786064E-7	2.18105562E-5
4.31500000E+2	5.44935209E-9	2.02304200E-8	2.95060946E-7	2.26941620E-5
4.32000000E+2	4.98214664E-9	2.02979569E-8	2.99424918E-7	2.27699238E-5
4.32500000E+2	5.85920143E-9	2.08881291E-8	3.00525828E-7	2.34319697E-5
4.33000000E+2	4.32207558E-9	2.39206959E-8	3.38336610E-7	2.68338546E-5
4.33500000E+2	5.91377186E-9	2.19836990E-8	3.10322414E-7	2.46609624E-5
4.34000000E+2	7.66672537E-9	2.12803747E-8	2.85879674E-7	2.38719845E-5
4.34500000E+2	3.99524036E-9	1.93606426E-8	3.10726857E-7	2.17184597E-5
4.35000000E+2	2.92693808E-8	2.33419724E-8	3.73373446E-7	2.61846518E-5
4.35500000E+2	4.22470851E-9	1.72966230E-8	3.37002187E-7	1.94030755E-5
4.36000000E+2	4.83481403E-9	1.67807259E-8	3.60415794E-7	1.88243503E-5
4.36500000E+2	5.55157548E-9	2.02074771E-8	3.21999043E-7	2.26684250E-5
4.37000000E+2	4.39892759E-9	1.81716327E-8	3.67354844E-7	2.03846473E-5
4.37500000E+2	4.47958129E-9	1.78775341E-8	3.26091153E-7	2.00547322E-5
4.38000000E+2	4.05497181E-9	1.76430480E-8	3.36656753E-7	1.97916894E-5
4.38500000E+2	5.45613510E-9	2.41890415E-8	2.97819499E-7	2.71348805E-5
4.39000000E+2	4.56100814E-9	2.15995605E-8	3.08779971E-7	2.42300420E-5
4.39500000E+2	4.16618274E-9	2.02220246E-8	3.05552430E-7	2.26847442E-5
4.40000000E+2	6.20402534E-8	1.67049697E-8	2.97443364E-7	1.87393682E-5
4.40500000E+2	4.36267463E-9	1.75416201E-8	3.10083738E-7	1.96779092E-5
4.41000000E+2	4.43335540E-9	1.86549984E-8	3.20891443E-7	2.09268792E-5
4.41500000E+2	5.14431615E-9	2.17627015E-8	3.85935274E-7	2.44130510E-5
4.42000000E+2	4.89560168E-9	1.91900890E-8	3.31202666E-7	2.15271354E-5
4.42500000E+2	5.44870337E-9	2.00779645E-8	3.17155205E-7	2.25231399E-5
4.43000000E+2	6.18130178E-9	2.09376588E-8	3.35063082E-7	2.34875313E-5
4.43500000E+2	4.36869357E-9	1.68393772E-8	2.98944039E-7	1.88901444E-5
4.44000000E+2	5.66627407E-9	1.94986452E-8	3.21199456E-7	2.18732688E-5
4.44500000E+2	5.45412430E-9	2.00890344E-8	3.24879662E-7	2.25355580E-5
4.45000000E+2	7.49134662E-8	1.91628240E-8	3.67906039E-7	2.14965499E-5
4.45500000E+2	5.27848084E-9	2.05875654E-8	4.22215344E-7	2.30948021E-5
4.46000000E+2	5.81866535E-9	2.38313548E-8	3.77153630E-7	2.67336333E-5
4.46500000E+2	6.04434004E-9	1.62777089E-8	3.31740046E-7	1.82600738E-5
4.47000000E+2	5.68957581E-9	2.38566515E-8	3.45470085E-7	2.67620107E-5
4.47500000E+2	4.67857363E-9	2.42195569E-8	4.74013702E-7	2.71691122E-5
4.48000000E+2	4.04609498E-9	1.82993637E-8	4.21718800E-7	2.05279339E-5
4.48500000E+2	4.81820983E-9	2.35632426E-8	4.61713254E-7	2.64328692E-5
4.49000000E+2	4.91364101E-9	2.65878191E-8	8.54301956E-7	2.98257908E-5
4.49500000E+2	5.58479887E-9	2.22552551E-8	9.16744594E-7	2.49655898E-5
4.50000000E+2	7.75406554E-8	2.04506837E-8	2.25109621E-6	2.29412504E-5
4.50500000E+2	4.67306865E-9	2.74309192E-8	1.86720236E-6	3.07715671E-5
4.51000000E+2	4.20061213E-9	1.74026407E-8	6.45008951E-7	1.95220045E-5
4.51500000E+2	4.78320532E-9	2.38437375E-8	4.72254122E-7	2.67475239E-5
4.52000000E+2	4.34628676E-9	2.28460473E-8	4.02180194E-7	2.56283310E-5
4.52500000E+2	4.56890484E-9	1.68767450E-8	3.97116875E-7	1.89320630E-5
4.53000000E+2	6.89494801E-9	2.17902384E-8	3.26519066E-7	2.44439415E-5
4.53500000E+2	6.73016805E-9	2.67043866E-8	4.05525197E-7	2.99565544E-5
4.54000000E+2	5.66890422E-9	2.17592992E-8	3.44673421E-7	2.44092344E-5
4.54500000E+2	4.35737946E-9	2.17446198E-8	3.41890120E-7	2.43927672E-5
4.55000000E+2	7.20326961E-8	1.88924936E-8	2.84962849E-7	2.11932976E-5
4.55500000E+2	6.48483894E-9	2.72036103E-8	3.36819619E-7	3.05165756E-5
4.56000000E+2	6.40325465E-9	2.01166830E-8	3.04504386E-7	2.25665737E-5
4.56500000E+2	6.10361478E-9	1.56280594E-8	2.94331764E-7	1.75313075E-5
4.57000000E+2	5.49175537E-9	1.94224615E-8	3.33413926E-7	2.17878071E-5
4.57500000E+2	5.81817634E-9	1.58390525E-8	3.32871535E-7	1.77679961E-5
4.58000000E+2	4.93255219E-9	2.05002102E-8	3.09939034E-7	2.29968084E-5
4.58500000E+2	5.10839096E-9	1.96704506E-8	2.94435968E-7	2.20659973E-5
4.59000000E+2	5.13006993E-9	1.84127477E-8	3.04340687E-7	2.06551263E-5
4.59500000E+2	4.79324409E-9	2.07126286E-8	2.72904321E-7	2.32350959E-5
4.60000000E+2	1.25409128E-7	1.83417526E-8	2.95677653E-7	2.05754851E-5
4.60500000E+2	5.39926786E-9	2.23199795E-8	3.03102391E-7	2.50381965E-5
4.61000000E+2	4.37132097E-9	1.95060495E-8	2.84006620E-7	2.18815748E-5
4.61500000E+2	6.19836416E-9	2.41770066E-8	3.02195228E-7	2.71213799E-5
4.62000000E+2	4.52690040E-9	1.57535227E-8	3.04445772E-7	1.76720502E-5
4.62500000E+2	4.95504394E-9	2.86362258E-8	3.17768829E-7	3.21236608E-5
4.63000000E+2	5.26014650E-9	2.55757030E-8	2.82457444E-7	2.86904152E-5
4.63500000E+2	6.44828050E-9	2.10826537E-8	2.76195231E-7	2.36501843E-5
4.64000000E+2	5.38412593E-9	1.83281370E-8	2.93804845E-7	2.05602114E-5
4.64500000E+2	5.77909142E-9	2.03675310E-8	3.07396803E-7	2.28479710E-5
4.65000000E+2	6.85964603E-8	2.00617878E-8	3.00741194E-7	2.25049931E-5
4.65500000E+2	4.91215648E-9	2.81262522E-8	3.58758023E-7	3.15515806E-5
4.66000000E+2	5.30765879E-9	2.04036335E-8	2.71408416E-7	2.28884702E-5
4.66500000E+2	4.43639111E-9	1.84253706E-8	2.97530518E-7	2.06692865E-5
4.67000000E+2	5.01015840E-9	2.03364563E-8	2.93379975E-7	2.28131119E-5
4.67500000E+2	5.04327826E-9	2.23339358E-8	3.02167514E-7	2.50538524E-5
4.68000000E+2	6.01707887E-9	1.68991692E-8	3.40647760E-7	1.89572181E-5
4.68500000E+2	4.41135197E-9	1.75126947E-8	2.76240407E-7	1.96454613E-5
4.69000000E+2	4.61619303E-9	2.24266806E-8	2.97665835E-7	2.51578922E-5
4.69500000E+2	6.81081707E-9	1.72265243E-8	3.41355093E-7	1.93244398E-5
4.70000000E+2	7.33288070E-8	2.42575329E-8	3.20359965E-7	2.72117130E-5
4.70500000E+2	6.21351466E-9	2.68350295E-8	3.31343856E-7	3.01031075E-5
4.71000000E+2	6.12288076E-9	1.91816494E-8	3.17697955E-7	2.15176679E-5
4.71500000E+2	5.00536759E-9	2.14940267E-8	3.43373261E-7	2.41116559E-5
4.72000000E+2	4.37679626E-9	1.84421021E-8	3.43525470E-7	2.06880556E-5
4.72500000E+2	4.96424615E-9	1.94460034E-8	3.46485792E-7	2.18142160E-5
4.73000000E+2	5.88253830E-9	2.05910348E-8	3.67185235E-7	2.30986940E-5
4.73500000E+2	4.78353764E-9	1.90886791E-8	3.74703184E-7	2.14133754E-5
4.74000000E+2	4.80346206E-9	2.00326518E-8	3.83591233E-7	2.24723089E-5
4.74500000E+2	4.46557184E-9	1.85967881E-8	4.10213084E-7	2.08615798E-5
4.75000000E+2	6.33638619E-8	2.30215347E-8	3.84918989E-7	2.58251899E-5
4.75500000E+2	5.11496688E-9	2.07986040E-8	3.72768264E-7	2.33315418E-5
4.76000000E+2	5.26697047E-9	2.29380515E-8	4.15942728E-7	2.57315398E-5
4.76500000E+2	5.23174509E-9	1.92676334E-8	4.39331477E-7	2.16141234E-5
4.77000000E+2	4.90580944E-9	1.79485275E-8	5.04644268E-7	2.01343715E-5
4.77500000E+2	5.60214060E-9	2.00125126E-8	5.88512825E-7	2.24497170E-5
4.78000000E+2	4.86315467E-9	2.23882082E-8	4.12734325E-7	2.51147344E-5
4.78500000E+2	6.15806259E-9	1.78536852E-8	5.42011745E-7	2.00279789E-5
4.79000000E+2	5.74127341E-9	2.31783915E-8	4.28427083E-7	2.60011494E-5
4.79500000E+2	4.51735715E-9	1.71357774E-8	3.88335231E-7	1.92226414E-5
4.80000000E+2	6.28079882E-8	2.16195945E-8	5.35860670E-7	2.42525159E-5
4.80500000E+2	4.58401997E-9	2.81988621E-8	4.46878994E-7	3.16330331E-5
4.81000000E+2	5.89169388E-9	2.92665659E-8	6.05007938E-7	3.28307662E-5
4.81500000E+2	6.10608262E-9	2.07987061E-8	4.64707163E-7	2.33316563E-5
4.82000000E+2	4.28294039E-9	2.34492456E-8	3.70462063E-7	2.63049892E-5
4.82500000E+2	6.14000947E-9	2.06965530E-8	3.41712738E-7	2.32170626E-5
4.83000000E+2	5.78558639E-9	1.70672163E-8	3.44747953E-7	1.91457306E-5
4.83500000E+2	5.47496627E-9	2.24332734E-8	3.16596213E-7	2.51652878E-5
4.84000000E+2	5.51370358E-9	2.49467888E-8	3.03736824E-7	2.79849093E-5
4.84500000E+2	5.72621690E-9	2.48425631E-8	3.22306850E-7	2.78679905E-5
4.85000000E+2	4.65339454E-8	2.87762740E-8	2.96423033E-7	3.22807646E-5
4.85500000E+2	7.59242601E-9	2.07991652E-8	3.00145851E-7	2.33321713E-5
4.86000000E+2	5.32987235E-9	2.03535448E-8	3.37165588E-7	2.28322815E-5
4.86500000E+2	7.50933932E-9	1.58169948E-8	2.74585692E-7	1.77432521E-5
4.87000000E+2	5.09207304E-9	2.10175424E-8	3.19303629E-7	2.35771434E-5
4.87500000E+2	5.65770749E-9	2.42641543E-8	2.94994528E-7	2.72191408E-5
4.88000000E+2	4.73091736E-9	2.50770286E-8	3.19308577E-7	2.81310101E-5
4.88500000E+2	4.82829866E-9	1.70146977E-8	2.91325173E-7	1.90868161E-5
4.89000000E+2	6.25698290E-9	2.28144048E-8	2.81938268E-7	2.55928349E-5
4.89500000E+2	4.88954949E-9	2.12935664E-8	2.93948252E-7	2.38867828E-5
4.90000000E+2	6.64663821E-8	1.93625238E-8	2.88343353E-7	2.17205700E-5
4.90500000E+2	4.13378814E-9	1.83045529E-8	3.00846323E-7	2.05337551E-5
4.91000000E+2	4.35606527E-9	1.94205288E-8	2.83989615E-7	2.17856391E-5
4.91500000E+2	4.89071092E-9	1.72753193E-8	3.62860288E-7	1.93791773E-5
4.92000000E+2	7.19653586E-9	2.13475377E-8	2.91336484E-7	2.39473269E-5
4.92500000E+2	6.63891653E-9	1.83378448E-8	3.45107644E-7	2.05711014E-5
4.93000000E+2	4.13787276E-9	1.88354994E-8	2.69714726E-7	2.11293624E-5
4.93500000E+2	5.98419381E-9	1.93220862E-8	3.89549585E-7	2.16752077E-5
4.94000000E+2	5.85367512E-9	2.56760576E-8	2.99759750E-7	2.88029914E-5
4.94500000E+2	4.35159114E-9	1.98528168E-8	3.02678422E-7	2.22705728E-5
4.95000000E+2	8.27018382E-8	2.30921320E-8	2.98610243E-7	2.59043849E-5
4.95500000E+2	4.28634169E-9	2.91863173E-8	2.85398867E-7	3.27407446E-5
4.96000000E+2	4.45777002E-9	2.27767297E-8	3.31061651E-7	2.55505716E-5
4.96500000E+2	5.08455405E-9	1.71494522E-8	2.94734298E-7	1.92379816E-5
4.97000000E+2	5.33595280E-9	2.21229161E-8	3.06755764E-7	2.48171339E-5
4.97500000E+2	6.75827427E-9	2.63452194E-8	3.52305885E-7	2.95536464E-5
4.98000000E+2	5.54311604E-9	1.77702372E-8	3.33670910E-7	1.99343683E-5
4.98500000E+2	5.81973045E-9	1.81368487E-8	3.17178521E-7	2.03456272E-5
4.99000000E+2	4.87302153E-9	2.35916978E-8	6.63795893E-7	2.64647899E-5
4.99500000E+2	4.51945067E-9	2.10037764E-8	5.08994857E-7	2.35617010E-5
