0.00000000E+0	1.58788856E-8	1.25925153E-7	3.20742681E-3	3.33638722E-4
5.00000000E-1	6.16535933E-9	2.48217214E-7	1.41781663E-4	6.57651564E-4
1.00000000E+0	4.38885318E-9	1.90620279E-7	3.77670627E-5	5.05048472E-4
1.50000000E+0	5.05310107E-9	1.91821850E-7	3.43981964E-5	5.08232035E-4
2.00000000E+0	5.73852321E-9	1.42768059E-7	2.28142250E-5	3.78264004E-4
2.50000000E+0	6.75335348E-9	1.46311606E-7	1.55136745E-5	3.87652634E-4
3.00000000E+0	4.90847118E-9	1.16141729E-7	1.47121947E-5	3.07717537E-4
3.50000000E+0	5.93998784E-9	8.88186169E-8	1.09992562E-5	2.35324945E-4
4.00000000E+0	4.45397757E-9	9.10829164E-8	1.16892686E-5	2.41324207E-4
4.50000000E+0	4.98897002E-9	8.43929723E-8	9.62460285E-6	2.23599199E-4
5.00000000E+0	3.43991331E-3	1.29832466E-6	1.21808007E-5	3.43991149E-3
5.50000000E+0	4.28513136E-9	8.07403670E-8	5.58602589E-6	2.13921621E-4
6.00000000E+0	5.22604669E-9	1.00556469E-7	5.68784631E-6	2.66424388E-4
6.50000000E+0	4.43037361E-9	1.03322999E-7	4.74910344E-6	2.73754310E-4
7.00000000E+0	4.94181472E-9	6.62561339E-8	4.46273272E-6	1.75545642E-4
7.50000000E+0	4.49345172E-9	9.38063224E-8	4.15955642E-6	2.48539872E-4
8.00000000E+0	6.69338552E-9	6.69234892E-8	4.04573109E-6	1.77313800E-4
8.50000000E+0	4.88231185E-9	6.86461757E-8	4.28760598E-6	1.81878058E-4
9.00000000E+0	6.05307519E-9	9.96843695E-8	3.16995483E-6	2.64113759E-4
9.50000000E+0	6.82248803E-9	8.84547963E-8	3.81674950E-6	2.34361003E-4
1.00000000E+1	1.86067036E-8	5.44436463E-8	3.42325094E-6	1.44248453E-4
1.05000000E+1	5.47745421E-9	6.66011244E-8	2.92805968E-6	1.76459694E-4
1.10000000E+1	4.56187283E-9	5.31316947E-8	3.11333651E-6	1.40772437E-4
1.15000000E+1	4.17712475E-9	6.64817495E-8	2.62354996E-6	1.76143410E-4
1.20000000E+1	4.89566323E-9	5.30798000E-8	2.56569461E-6	1.40634942E-4
1.25000000E+1	5.74000507E-9	5.26860949E-8	2.59215768E-6	1.39591820E-4
1.30000000E+1	4.07381727E-9	5.89132687E-8	2.41921618E-6	1.56090719E-4
1.35000000E+1	4.56269660E-9	5.65419319E-8	2.52061689E-6	1.49807861E-4
1.40000000E+1	4.66958037E-9	5.28756113E-8	2.26852276E-6	1.40093944E-4
1.45000000E+1	4.40831516E-9	5.87098951E-8	2.30343111E-6	1.55551880E-4
1.50000000E+1	1.99706450E-8	5.32444376E-8	2.21751945E-6	1.41071149E-4
1.55000000E+1	4.64313157E-9	5.42827706E-8	1.86483391E-6	1.43822213E-4
1.60000000E+1	6.11795716E-9	4.88626541E-8	2.08335259E-6	1.29461613E-4
1.65000000E+1	6.47037040E-9	4.65654989E-8	2.02170068E-6	1.23375300E-4
1.70000000E+1	5.10418851E-9	4.61751345E-8	1.96141081E-6	1.22341029E-4
1.75000000E+1	4.68048163E-9	4.13381029E-8	1.89255462E-6	1.09525313E-4
1.80000000E+1	6.33306425E-9	4.06201577E-8	1.78220610E-6	1.07623117E-4
1.85000000E+1	4.65231435E-9	4.25791070E-8	1.74209141E-6	1.12813354E-4
1.90000000E+1	7.72014992E-9	5.48800602E-8	1.67870512E-6	1.45404732E-4
1.95000000E+1	7.07986436E-9	4.83675027E-8	1.40275772E-6	1.28149709E-4
2.00000000E+1	2.51513390E-8	6.41815030E-8	1.83834842E-6	1.70048907E-4
2.05000000E+1	4.44168214E-9	4.05314015E-8	1.64495499E-6	1.07387957E-4
2.10000000E+1	4.27317724E-9	4.00918566E-8	1.38988974E-6	1.06223383E-4
2.15000000E+1	4.68760567E-9	6.27145879E-8	1.78933491E-6	1.66162315E-4
2.20000000E+1	6.01391936E-9	3.81118065E-8	1.56958103E-6	1.00977240E-4
2.25000000E+1	4.37282118E-9	3.74346821E-8	1.52716638E-6	9.91831988E-5
2.30000000E+1	4.36431839E-9	4.59085372E-8	1.44478426E-6	1.21634680E-4
2.35000000E+1	8.17687531E-9	5.02581368E-8	1.42679152E-6	1.33158945E-4
2.40000000E+1	6.02717414E-9	3.71131498E-8	1.45572345E-6	9.83312987E-5
2.45000000E+1	5.14509773E-9	5.12246562E-8	1.54777491E-6	1.35719738E-4
2.50000000E+1	1.64984159E-8	5.09716029E-8	1.33590618E-6	1.35049273E-4
2.55000000E+1	6.40411115E-9	4.80031168E-8	1.32685067E-6	1.27184269E-4
2.60000000E+1	4.11453646E-9	3.58227415E-8	1.35149424E-6	9.49123617E-5
2.65000000E+1	6.08755836E-9	4.67156117E-8	1.44187850E-6	1.23773024E-4
2.70000000E+1	4.23118044E-9	4.42209122E-8	1.18466547E-6	1.17163317E-4
2.75000000E+1	5.23926987E-9	3.93375168E-8	1.26920164E-6	1.04224760E-4
2.80000000E+1	4.41993025E-9	4.10586073E-8	1.23998599E-6	1.08784789E-4
2.85000000E+1	4.33969505E-9	4.77292424E-8	1.14477020E-6	1.26458639E-4
2.90000000E+1	4.38466678E-9	4.68784218E-8	1.36035909E-6	1.24204389E-4
2.95000000E+1	4.83271812E-9	3.45770203E-8	1.24784228E-6	9.16118230E-5
3.00000000E+1	2.43799918E-8	3.93170554E-8	1.32384740E-6	1.04170547E-4
3.05000000E+1	6.11198939E-9	4.23854273E-8	1.53526028E-6	1.12300199E-4
3.10000000E+1	6.51210103E-9	6.22988641E-8	1.22882469E-6	1.65060854E-4
3.15000000E+1	4.38187156E-9	3.76418125E-8	1.17604169E-6	9.97319908E-5
3.20000000E+1	4.92496449E-9	3.53713353E-8	1.39756082E-6	9.37163608E-5
3.25000000E+1	4.33028222E-9	5.57265124E-8	1.26288083E-6	1.47647407E-4
3.30000000E+1	4.19099885E-9	5.96846244E-8	1.27776830E-6	1.58134426E-4
3.35000000E+1	6.44461859E-9	4.27248208E-8	1.47126553E-6	1.13199422E-4
3.40000000E+1	4.77020458E-9	4.35738986E-8	1.21660577E-6	1.15449054E-4
3.45000000E+1	4.63926106E-9	4.03641836E-8	1.49891461E-6	1.06944913E-4
3.50000000E+1	2.63498573E-8	3.47210700E-8	1.32968597E-6	9.19934827E-5
3.55000000E+1	5.49387513E-9	5.51852212E-8	1.61731275E-6	1.46213256E-4
3.60000000E+1	5.53229732E-9	4.38550142E-8	1.38383409E-6	1.16193870E-4
3.65000000E+1	4.73348993E-9	4.52929739E-8	1.15533873E-6	1.20003745E-4
3.70000000E+1	8.89693201E-9	5.58854981E-8	1.56174532E-6	1.48068640E-4
3.75000000E+1	5.12669897E-9	4.30959951E-8	1.35239120E-6	1.14182849E-4
3.80000000E+1	6.60484289E-9	3.82210177E-8	1.37683811E-6	1.01266595E-4
3.85000000E+1	4.75883511E-9	3.33364845E-8	1.43019237E-6	8.83250233E-5
3.90000000E+1	5.65682391E-9	3.10103822E-8	1.43734055E-6	8.21620146E-5
3.95000000E+1	6.30027478E-9	2.93265105E-8	1.44425966E-6	7.77005962E-5
4.00000000E+1	3.22842067E-8	3.57841377E-8	1.68919486E-6	9.48100809E-5
4.05000000E+1	5.51012745E-9	4.02853581E-8	1.55539238E-6	1.06736065E-4
4.10000000E+1	5.38632465E-9	3.28672403E-8	1.67822584E-6	8.70817605E-5
4.15000000E+1	5.27201659E-9	3.27823304E-8	1.63143183E-6	8.68567918E-5
4.20000000E+1	5.49043040E-9	3.31110089E-8	1.74718507E-6	8.77276256E-5
4.25000000E+1	6.20678102E-9	4.63096199E-8	1.95281464E-6	1.22697348E-4
4.30000000E+1	4.55276352E-9	3.67766050E-8	1.88333827E-6	9.74396232E-5
4.35000000E+1	4.46240939E-9	4.93366059E-8	2.24577526E-6	1.30717348E-4
4.40000000E+1	5.58187318E-9	3.01793413E-8	1.91319835E-6	7.99601715E-5
4.45000000E+1	5.49000873E-9	3.28686115E-8	2.25142926E-6	8.70853935E-5
4.50000000E+1	3.31517411E-8	2.95985362E-8	2.45886611E-6	7.84213284E-5
4.55000000E+1	4.97294822E-9	3.98330324E-8	2.59475176E-6	1.05537628E-4
4.60000000E+1	4.23024453E-9	3.06200739E-8	2.96012152E-6	8.11278926E-5
4.65000000E+1	5.03014227E-9	2.90949637E-8	3.43778919E-6	7.70871129E-5
4.70000000E+1	7.20510743E-9	3.37036871E-8	3.80368255E-6	8.92979265E-5
4.75000000E+1	5.56436477E-9	2.83180499E-8	4.57460126E-6	7.50286796E-5
4.80000000E+1	4.48250445E-9	4.45140808E-8	5.79196387E-6	1.17940067E-4
4.85000000E+1	5.54403781E-9	2.82128688E-8	7.65676538E-6	7.47500021E-5
4.90000000E+1	5.59406580E-9	3.64292437E-8	1.11030653E-5	9.65192894E-5
4.95000000E+1	4.36072305E-9	2.89896745E-8	2.18355252E-5	7.68081492E-5
5.00000000E+1	4.32788440E-8	5.46708774E-8	5.48298980E-4	1.44850502E-4
5.05000000E+1	7.30881959E-9	3.07145836E-8	2.37449385E-5	8.13782962E-5
5.10000000E+1	5.60669427E-9	4.18733515E-8	1.15263661E-5	1.10943454E-4
5.15000000E+1	4.40223377E-9	3.90723505E-8	7.44375252E-6	1.03522201E-4
5.20000000E+1	5.75774501E-9	3.53765163E-8	5.55612733E-6	9.37300878E-5
5.25000000E+1	5.40683502E-9	4.02584084E-8	4.53237023E-6	1.06664662E-4
5.30000000E+1	4.58482141E-9	2.72116637E-8	3.72282057E-6	7.20973091E-5
5.35000000E+1	4.65319798E-9	2.81742966E-8	3.16678820E-6	7.46478051E-5
5.40000000E+1	4.69619003E-9	4.11718070E-8	2.69755411E-6	1.09084712E-4
5.45000000E+1	4.66383218E-9	3.60563996E-8	2.52667215E-6	9.55314388E-5
5.50000000E+1	1.85972108E-8	3.92482606E-8	2.17998862E-6	1.03988275E-4
5.55000000E+1	4.93865925E-9	4.29984478E-8	1.91799663E-6	1.13924397E-4
5.60000000E+1	4.62925009E-9	2.43427220E-8	1.89424445E-6	6.44960474E-5
5.65000000E+1	4.38134605E-9	2.69626769E-8	1.70611272E-6	7.14376185E-5
5.70000000E+1	4.40956566E-9	4.37212328E-8	1.56791595E-6	1.15839416E-4
5.75000000E+1	4.21560467E-9	3.32506406E-8	1.53196763E-6	8.80975798E-5
5.80000000E+1	4.92293417E-9	4.29511514E-8	1.36398267E-6	1.13799085E-4
5.85000000E+1	4.16428243E-9	2.86317271E-8	1.35076712E-6	7.58597673E-5
5.90000000E+1	4.63375365E-9	2.88982802E-8	1.30045790E-6	7.65659999E-5
5.95000000E+1	5.21834447E-9	3.41357129E-8	1.24705914E-6	9.04425790E-5
6.00000000E+1	1.80135612E-8	3.12043259E-8	1.19376407E-6	8.26758684E-5
6.05000000E+1	4.25000602E-9	3.12698845E-8	1.14959930E-6	8.28495661E-5
6.10000000E+1	6.82472042E-9	2.95801554E-8	1.10666645E-6	7.83726285E-5
6.15000000E+1	5.10649332E-9	2.95929245E-8	9.91617760E-7	7.84064600E-5
6.20000000E+1	4.85507454E-9	3.20510384E-8	9.80142563E-7	8.49192335E-5
6.25000000E+1	5.57827253E-9	3.10466523E-8	9.53149690E-7	8.22581123E-5
6.30000000E+1	4.39471057E-9	3.26884084E-8	9.08479235E-7	8.66079453E-5
6.35000000E+1	4.89844295E-9	3.15722848E-8	8.95314335E-7	8.36507757E-5
6.40000000E+1	6.38845492E-9	3.74128902E-8	9.50887797E-7	9.91254611E-5
6.45000000E+1	6.15824785E-9	2.63204985E-8	8.69494718E-7	6.97361667E-5
6.50000000E+1	2.30318135E-8	3.94148306E-8	8.30917984E-7	1.04429603E-4
6.55000000E+1	6.30227036E-9	2.81149347E-8	7.97519762E-7	7.44905258E-5
6.60000000E+1	4.25717693E-9	3.25862192E-8	8.14492794E-7	8.63371951E-5
6.65000000E+1	4.58712919E-9	2.51716396E-8	7.58261011E-7	6.66922647E-5
6.70000000E+1	4.53604307E-9	4.89084275E-8	7.41336775E-7	1.29582890E-4
6.75000000E+1	4.33682747E-9	3.62674207E-8	7.09151040E-7	9.60905394E-5
6.80000000E+1	4.73617315E-9	2.97120633E-8	7.42110943E-7	7.87221183E-5
6.85000000E+1	4.05953261E-9	2.68970655E-8	6.81673892E-7	7.12637812E-5
6.90000000E+1	6.42978129E-9	3.48179656E-8	6.79137698E-7	9.22502077E-5
6.95000000E+1	5.22481806E-9	3.92600702E-8	7.23739063E-7	1.04019565E-4
7.00000000E+1	2.92077418E-8	3.54342373E-8	6.62464877E-7	9.38830196E-5
7.05000000E+1	5.43014595E-9	2.87800983E-8	6.78025377E-7	7.62528770E-5
7.10000000E+1	4.23830683E-9	3.60339733E-8	6.46114501E-7	9.54720203E-5
7.15000000E+1	6.56489490E-9	3.42566637E-8	7.20591838E-7	9.07630382E-5
7.20000000E+1	8.83062432E-9	2.38342948E-8	6.65939002E-7	6.31489694E-5
7.25000000E+1	4.45506173E-9	2.75918571E-8	5.99473257E-7	7.31046316E-5
7.30000000E+1	7.54597200E-9	2.77933568E-8	6.43450149E-7	7.36385051E-5
7.35000000E+1	6.15804719E-9	2.55665172E-8	5.78546513E-7	6.77384930E-5
7.40000000E+1	4.86019649E-9	2.99487592E-8	5.99208546E-7	7.93492442E-5
7.45000000E+1	5.08878716E-9	3.35320194E-8	6.98542761E-7	8.88430929E-5
7.50000000E+1	2.20579350E-8	2.80250616E-8	6.05647933E-7	7.42524070E-5
7.55000000E+1	4.06794935E-9	2.67206643E-8	6.14118231E-7	7.07964061E-5
7.60000000E+1	4.64304050E-9	2.44299768E-8	5.79890566E-7	6.47272291E-5
7.65000000E+1	5.80721554E-9	3.64346038E-8	6.24000447E-7	9.65334910E-5
7.70000000E+1	7.07326218E-9	3.71485993E-8	6.46753012E-7	9.84252223E-5
7.75000000E+1	5.12972928E-9	2.66186135E-8	5.42891394E-7	7.05260225E-5
7.80000000E+1	4.31221000E-9	2.55681254E-8	5.41511559E-7	6.77427541E-5
7.85000000E+1	4.09534541E-9	2.39699273E-8	5.62395063E-7	6.35083279E-5
7.90000000E+1	4.41326609E-9	2.71616001E-8	5.57723662E-7	7.19646657E-5
7.95000000E+1	6.11860631E-9	2.59878186E-8	5.43367664E-7	6.88547312E-5
8.00000000E+1	2.99918804E-8	2.51584537E-8	5.41678242E-7	6.66573289E-5
8.05000000E+1	5.99122698E-9	2.90079449E-8	4.99928224E-7	7.68565566E-5
8.10000000E+1	4.42561658E-9	2.61149284E-8	5.27198571E-7	6.91915086E-5
8.15000000E+1	4.98933121E-9	2.44145485E-8	5.11118076E-7	6.46863516E-5
8.20000000E+1	6.34527022E-9	2.86328505E-8	4.93567571E-7	7.58627438E-5
8.25000000E+1	5.59415412E-9	2.30866838E-8	4.95220092E-7	6.11681740E-5
8.30000000E+1	5.01481444E-9	3.38852744E-8	5.38030505E-7	8.97790421E-5
8.35000000E+1	4.35664620E-9	3.85056098E-8	5.55441749E-7	1.02020622E-4
8.40000000E+1	4.49351047E-9	2.69999663E-8	4.89865412E-7	7.15364168E-5
8.45000000E+1	4.71536988E-9	3.15819192E-8	4.56369974E-7	8.36763020E-5
8.50000000E+1	1.66110895E-8	2.42831398E-8	4.64508815E-7	6.43381844E-5
8.55000000E+1	4.80778354E-9	3.19754518E-8	4.31190466E-7	8.47189667E-5
8.60000000E+1	4.22209880E-9	2.29021043E-8	4.61418913E-7	6.06791306E-5
8.65000000E+1	4.86258769E-9	3.38719736E-8	4.93299256E-7	8.97438017E-5
8.70000000E+1	4.38654933E-9	3.08580181E-8	5.32792814E-7	8.17583258E-5
8.75000000E+1	5.32155763E-9	3.04164625E-8	4.65249332E-7	8.05884243E-5
8.80000000E+1	5.50302802E-9	2.94193361E-8	4.99444418E-7	7.79465375E-5
8.85000000E+1	6.93588136E-9	2.43976304E-8	4.97626278E-7	6.46415274E-5
8.90000000E+1	6.66773903E-9	3.09208422E-8	4.28980219E-7	8.19247784E-5
8.95000000E+1	5.43959834E-9	2.20997453E-8	4.68753972E-7	5.85532802E-5
9.00000000E+1	3.23432462E-8	2.53570008E-8	4.36547863E-7	6.71833793E-5
9.05000000E+1	7.00025297E-9	3.85714711E-8	4.74676301E-7	1.02195122E-4
9.10000000E+1	5.02833630E-9	2.43803608E-8	4.34305671E-7	6.45957714E-5
9.15000000E+1	5.33942301E-9	3.02102576E-8	4.76518194E-7	8.00420843E-5
9.20000000E+1	5.04977125E-9	3.11373235E-8	3.99737674E-7	8.24983457E-5
9.25000000E+1	6.02680879E-9	2.99754503E-8	5.61448746E-7	7.94199624E-5
9.30000000E+1	4.14522937E-9	2.32562195E-8	4.26791084E-7	6.16173589E-5
9.35000000E+1	4.74798238E-9	3.63027902E-8	4.03206057E-7	9.61842509E-5
9.40000000E+1	5.63634614E-9	3.04441774E-8	4.47920191E-7	8.06618548E-5
9.45000000E+1	5.25528542E-9	2.33973568E-8	4.16421872E-7	6.19913022E-5
9.50000000E+1	2.22674516E-8	3.01389693E-8	3.78390646E-7	7.98532059E-5
9.55000000E+1	4.60618842E-9	2.38704741E-8	4.78958968E-7	6.32448266E-5
9.60000000E+1	4.58073309E-9	3.72657385E-8	5.06611813E-7	9.87355825E-5
9.65000000E+1	4.73507661E-9	2.24299522E-8	4.73867426E-7	5.94281635E-5
9.70000000E+1	4.73890590E-9	3.12607732E-8	4.19015550E-7	8.28254256E-5
9.75000000E+1	4.85587696E-9	2.32774786E-8	4.25014080E-7	6.16736847E-5
9.80000000E+1	4.82656089E-9	2.29140509E-8	4.19981077E-7	6.07107830E-5
9.85000000E+1	4.68925273E-9	2.20621587E-8	3.98353363E-7	5.84536944E-5
9.90000000E+1	6.70474398E-9	2.71331578E-8	4.29896046E-7	7.18893078E-5
9.95000000E+1	3.96635341E-9	2.38039316E-8	4.31334618E-7	6.30685222E-5
1.00000000E+2	2.48416619E-8	3.50898196E-8	1.88109379E-6	9.29704848E-5
1.00500000E+2	5.98005745E-9	2.55317478E-8	5.56344717E-7	6.76463716E-5
1.01000000E+2	5.23635525E-9	2.27353239E-8	4.19217381E-7	6.02372459E-5
1.01500000E+2	4.68065814E-9	2.27536973E-8	4.09350019E-7	6.02859260E-5
1.02000000E+2	6.38763541E-9	3.19661947E-8	4.29406622E-7	8.46944402E-5
1.02500000E+2	5.38226733E-9	2.26495506E-8	3.64931193E-7	6.00099895E-5
1.03000000E+2	6.35942213E-9	2.38992188E-8	3.74331788E-7	6.33209857E-5
1.03500000E+2	4.48787447E-9	2.71236503E-8	3.87923459E-7	7.18641175E-5
1.04000000E+2	7.57549468E-9	2.06577432E-8	3.64016708E-7	5.47326954E-5
1.04500000E+2	7.20509449E-9	2.77045412E-8	4.35148473E-7	7.34031882E-5
1.05000000E+2	2.63399458E-8	3.55987058E-8	3.79577049E-7	9.43187791E-5
1.05500000E+2	4.74126188E-9	2.52019296E-8	4.20507700E-7	6.67725183E-5
1.06000000E+2	4.23378214E-9	2.32426636E-8	3.82515656E-7	6.15814425E-5
1.06500000E+2	5.97103435E-9	2.98976760E-8	4.02445554E-7	7.92138994E-5
1.07000000E+2	4.76428378E-9	3.95472955E-8	3.60208088E-7	1.04780568E-4
1.07500000E+2	5.73484261E-9	3.19641269E-8	4.17983075E-7	8.46889614E-5
1.08000000E+2	7.13549067E-9	2.93857275E-8	3.78016290E-7	7.78574915E-5
1.08500000E+2	4.83072752E-9	2.99204085E-8	3.58081162E-7	7.92741290E-5
1.09000000E+2	7.00935635E-9	2.50725469E-8	3.42169506E-7	6.64297187E-5
1.09500000E+2	6.43750120E-9	2.33177038E-8	3.68534843E-7	6.17802615E-5
1.10000000E+2	2.71042280E-8	3.42509005E-8	3.72119791E-7	9.07477686E-5
1.10500000E+2	4.44851353E-9	2.19229995E-8	3.26886020E-7	5.80849920E-5
1.11000000E+2	6.17472603E-9	2.58969791E-8	3.65526823E-7	6.86140519E-5
1.11500000E+2	4.87253341E-9	2.73860670E-8	3.51398506E-7	7.25593906E-5
1.12000000E+2	5.80833452E-9	2.85428504E-8	3.95125552E-7	7.56242886E-5
1.12500000E+2	3.88887949E-9	2.89917065E-8	3.74526672E-7	7.68135328E-5
1.13000000E+2	5.18820912E-9	2.90624637E-8	3.26853270E-7	7.70010042E-5
1.13500000E+2	4.80641997E-9	2.01910910E-8	3.48200177E-7	5.34963003E-5
1.14000000E+2	4.31792649E-9	2.60101044E-8	3.30970578E-7	6.89137774E-5
1.14500000E+2	4.67605266E-9	2.87928178E-8	3.61204866E-7	7.62865773E-5
1.15000000E+2	2.17416881E-8	2.24317149E-8	3.33928631E-7	5.94328338E-5
1.15500000E+2	5.73565628E-9	2.31470246E-8	3.29195441E-7	6.13280470E-5
1.16000000E+2	4.58339578E-9	2.08684270E-8	3.31624168E-7	5.52909019E-5
1.16500000E+2	4.48228103E-9	2.17020400E-8	3.58296014E-7	5.74995600E-5
1.17000000E+2	4.99730392E-9	1.96168683E-8	3.56389384E-7	5.19748970E-5
1.17500000E+2	5.29458618E-9	3.21514813E-8	3.71467932E-7	8.51853569E-5
1.18000000E+2	4.47331626E-9	3.11200419E-8	3.93869783E-7	8.24525581E-5
1.18500000E+2	3.96829018E-9	2.30618677E-8	4.20611289E-7	6.11024236E-5
1.19000000E+2	5.39502175E-9	3.05439752E-8	3.41673212E-7	8.09262691E-5
1.19500000E+2	5.07261928E-9	2.78688694E-8	4.04906490E-7	7.38385757E-5
1.20000000E+2	3.19844551E-8	2.52433676E-8	3.45859684E-7	6.68823080E-5
1.20500000E+2	4.53853964E-9	2.50495027E-8	5.24497269E-7	6.63686631E-5
1.21000000E+2	4.17292310E-9	3.36723994E-8	5.69440290E-7	8.92150297E-5
1.21500000E+2	4.19188211E-9	2.48073687E-8	4.00797808E-7	6.57271291E-5
1.22000000E+2	5.57145986E-9	2.47643452E-8	3.04766701E-7	6.56131383E-5
1.22500000E+2	5.26431398E-9	2.47417144E-8	3.31602033E-7	6.55531780E-5
1.23000000E+2	5.03071855E-9	2.54243218E-8	3.24124349E-7	6.73617464E-5
1.23500000E+2	5.53109844E-9	2.32499130E-8	3.07303393E-7	6.16006498E-5
1.24000000E+2	4.60099731E-9	3.33337562E-8	4.00007147E-7	8.83177947E-5
1.24500000E+2	5.31406030E-9	2.32795413E-8	3.58271517E-7	6.16791499E-5
1.25000000E+2	1.59987848E-8	2.39760816E-8	3.27650503E-7	6.35246336E-5
1.25500000E+2	4.17675681E-9	2.60223408E-8	3.54041511E-7	6.89461977E-5
1.26000000E+2	6.34912736E-9	2.03196067E-8	3.09294585E-7	5.38368025E-5
1.26500000E+2	5.65642589E-9	2.53291678E-8	2.94430162E-7	6.71096357E-5
1.27000000E+2	5.32472500E-9	2.50730951E-8	3.53938650E-7	6.64311712E-5
1.27500000E+2	4.17518275E-9	2.36091767E-8	3.11131313E-7	6.25525189E-5
1.28000000E+2	4.75518827E-9	2.40510026E-8	4.87854474E-7	6.37231368E-5
1.28500000E+2	6.10075299E-9	2.75818722E-8	3.62666311E-7	7.30781767E-5
1.29000000E+2	4.34277958E-9	1.94020847E-8	3.66887868E-7	5.14058278E-5
1.29500000E+2	4.48892627E-9	3.05051369E-8	3.16701525E-7	8.08233671E-5
1.30000000E+2	1.61857079E-8	3.67234150E-8	4.48799981E-7	9.72986963E-5
1.30500000E+2	5.10179584E-9	2.09346020E-8	3.50708465E-7	5.54662327E-5
1.31000000E+2	4.79337259E-9	2.52273655E-8	3.42551366E-7	6.68399106E-5
1.31500000E+2	4.54716679E-9	2.29958217E-8	3.18841099E-7	6.09274349E-5
1.32000000E+2	4.35836044E-9	2.07026232E-8	3.10573612E-7	5.48516049E-5
1.32500000E+2	5.01920245E-9	2.09329131E-8	2.70437638E-7	5.54617579E-5
1.33000000E+2	4.69355526E-9	2.72290031E-8	3.29932213E-7	7.21432497E-5
1.33500000E+2	4.84467383E-9	2.82904412E-8	3.63157014E-7	7.49555304E-5
1.34000000E+2	4.17447582E-9	2.20223685E-8	3.20337818E-7	5.83482704E-5
1.34500000E+2	5.63193860E-9	2.20299885E-8	2.99019679E-7	5.83684596E-5
1.35000000E+2	2.54352432E-8	2.61255177E-8	2.83792614E-7	6.92195650E-5
1.35500000E+2	5.08588604E-9	2.70464837E-8	3.15015971E-7	7.16596647E-5
1.36000000E+2	4.48074685E-9	2.42687268E-8	2.98834440E-7	6.42999972E-5
1.36500000E+2	4.79526110E-9	2.23884467E-8	3.11439274E-7	5.93181947E-5
1.37000000E+2	5.03298143E-9	2.56377230E-8	2.69909690E-7	6.79271528E-5
1.37500000E+2	6.87387307E-9	2.01826629E-8	2.93606188E-7	5.34739698E-5
1.38000000E+2	4.49803370E-9	2.11062367E-8	3.23301558E-7	5.59209790E-5
1.38500000E+2	5.00943049E-9	2.18905130E-8	3.12107308E-7	5.79989192E-5
1.39000000E+2	4.05134968E-9	2.36117439E-8	2.72632426E-7	6.25593207E-5
1.39500000E+2	5.23415525E-9	2.32982724E-8	3.13452933E-7	6.17287780E-5
1.40000000E+2	1.93518645E-8	3.07143332E-8	3.77116524E-7	8.13776326E-5
1.40500000E+2	5.38595772E-9	2.30750564E-8	2.91672584E-7	6.11373672E-5
1.41000000E+2	4.43553428E-9	2.03723374E-8	2.96288735E-7	5.39765125E-5
1.41500000E+2	4.38819693E-9	2.31286219E-8	3.00204333E-7	6.12792891E-5
1.42000000E+2	5.28797282E-9	2.80172468E-8	3.09823847E-7	7.42317017E-5
1.42500000E+2	4.73252010E-9	1.84780925E-8	2.78791955E-7	4.89577103E-5
1.43000000E+2	4.37751927E-9	2.13458850E-8	2.97357229E-7	5.65559271E-5
1.43500000E+2	4.49861700E-9	3.40044016E-8	4.35245608E-7	9.00946698E-5
1.44000000E+2	4.63691546E-9	2.19763373E-8	2.86448726E-7	5.82263107E-5
1.44500000E+2	6.49951353E-9	2.54824796E-8	3.32294705E-7	6.75158354E-5
1.45000000E+2	2.54301113E-8	2.12640102E-8	3.00517493E-7	5.63389999E-5
1.45500000E+2	6.20509927E-9	2.51980409E-8	2.91455477E-7	6.67622150E-5
1.46000000E+2	5.05875933E-9	3.32641544E-8	3.49091721E-7	8.81333846E-5
1.46500000E+2	4.98415508E-9	2.41224334E-8	3.81131071E-7	6.39123927E-5
1.47000000E+2	4.51611072E-9	2.73062159E-8	3.71859698E-7	7.23478251E-5
1.47500000E+2	5.86231135E-9	3.61249546E-8	4.20928934E-7	9.57130755E-5
1.48000000E+2	5.18231456E-9	2.18765427E-8	4.53736761E-7	5.79619049E-5
1.48500000E+2	5.23269127E-9	2.29160747E-8	9.81088128E-7	6.07161450E-5
1.49000000E+2	5.82195382E-9	2.50383294E-8	7.78860822E-7	6.63390593E-5
1.49500000E+2	4.93338679E-9	3.11266878E-8	1.50536977E-6	8.24701663E-5
1.50000000E+2	2.47549485E-8	3.19501149E-8	1.21020135E-5	8.46518367E-5
1.50500000E+2	3.91587436E-9	2.47742521E-8	1.74297924E-6	6.56393864E-5
1.51000000E+2	4.62943482E-9	2.25140815E-8	1.04397716E-6	5.96510639E-5
1.51500000E+2	4.18939049E-9	2.91086442E-8	6.20880892E-7	7.71233594E-5
1.52000000E+2	4.31748055E-9	2.28936193E-8	4.51453067E-7	6.06566496E-5
1.52500000E+2	4.57115234E-9	3.16098657E-8	4.78211093E-7	8.37503463E-5
1.53000000E+2	4.48345947E-9	2.00015215E-8	4.26589642E-7	5.29940357E-5
1.53500000E+2	5.42175396E-9	2.21182767E-8	4.41845202E-7	5.86023790E-5
1.54000000E+2	6.48504028E-9	2.16004593E-8	3.96777729E-7	5.72304217E-5
1.54500000E+2	6.35788874E-9	2.22673082E-8	3.20977700E-7	5.89972381E-5
1.55000000E+2	3.50769423E-8	2.48315177E-8	3.23262768E-7	6.57911118E-5
1.55500000E+2	5.70848036E-9	1.96285806E-8	2.81236970E-7	5.20059288E-5
1.56000000E+2	4.39807491E-9	3.22602094E-8	4.38188654E-7	8.54734321E-5
1.56500000E+2	4.88959501E-9	2.71168226E-8	3.01631223E-7	7.18460276E-5
1.57000000E+2	5.93941976E-9	3.55577177E-8	3.91782179E-7	9.42101811E-5
1.57500000E+2	4.46730575E-9	2.57980026E-8	3.19249813E-7	6.83518138E-5
1.58000000E+2	5.26632400E-9	3.10201245E-8	3.15582112E-7	8.21878268E-5
1.58500000E+2	6.18364543E-9	2.68728592E-8	2.81327256E-7	7.11996466E-5
1.59000000E+2	6.12070469E-9	2.10252141E-8	2.74333051E-7	5.57063096E-5
1.59500000E+2	4.04869294E-9	2.99341479E-8	4.11170019E-7	7.93105315E-5
1.60000000E+2	2.00793858E-8	2.68033719E-8	3.55429226E-7	7.10155398E-5
1.60500000E+2	7.55526256E-9	2.06196901E-8	3.04223158E-7	5.46318736E-5
1.61000000E+2	4.17581572E-9	2.56844080E-8	3.77324985E-7	6.80508448E-5
1.61500000E+2	6.11466250E-9	2.61084669E-8	3.29144309E-7	6.91743889E-5
1.62000000E+2	5.29247062E-9	2.39170134E-8	2.71967373E-7	6.33681325E-5
1.62500000E+2	5.49519806E-9	2.81356589E-8	2.99423575E-7	7.45454345E-5
1.63000000E+2	4.97301028E-9	2.12763574E-8	2.95277665E-7	5.63717138E-5
1.63500000E+2	6.72190313E-9	2.16614851E-8	2.54517152E-7	5.73921096E-5
1.64000000E+2	5.27147942E-9	2.15187693E-8	3.19250295E-7	5.70139842E-5
1.64500000E+2	4.28867839E-9	2.31250670E-8	2.77458314E-7	6.12698701E-5
1.65000000E+2	2.19612355E-8	2.99280344E-8	2.77279017E-7	7.92943340E-5
1.65500000E+2	6.40498675E-9	2.36729511E-8	2.50922972E-7	6.27214893E-5
1.66000000E+2	4.44063361E-9	2.18980457E-8	2.40687835E-7	5.80188770E-5
1.66500000E+2	6.46135043E-9	2.30264465E-8	2.58176231E-7	6.10085751E-5
1.67000000E+2	7.01093165E-9	2.39102879E-8	3.05499902E-7	6.33503131E-5
1.67500000E+2	4.81007424E-9	2.18285397E-8	2.90813695E-7	5.78347209E-5
1.68000000E+2	7.29305891E-9	2.40709368E-8	2.53058736E-7	6.37759524E-5
1.68500000E+2	4.77333906E-9	2.35647730E-8	2.90674387E-7	6.24348715E-5
1.69000000E+2	4.52314910E-9	2.73796563E-8	3.32263216E-7	7.25424056E-5
1.69500000E+2	5.69399987E-9	2.12507382E-8	2.86940411E-7	5.63038355E-5
1.70000000E+2	3.38380306E-8	2.16108598E-8	3.08254008E-7	5.72579778E-5
1.70500000E+2	4.01836358E-9	1.89244119E-8	2.65759835E-7	5.01402337E-5
1.71000000E+2	4.90994825E-9	1.93348741E-8	2.76130377E-7	5.12277533E-5
1.71500000E+2	5.09448963E-9	2.21189079E-8	2.26138675E-7	5.86040514E-5
1.72000000E+2	4.98466025E-9	2.43182806E-8	2.36118985E-7	6.44312900E-5
1.72500000E+2	4.19671759E-9	1.87217839E-8	2.40655866E-7	4.96033708E-5
1.73000000E+2	6.16557918E-9	1.86335803E-8	2.78807855E-7	4.93696752E-5
1.73500000E+2	4.56779492E-9	2.69685937E-8	2.96755792E-7	7.14532952E-5
1.74000000E+2	4.33377976E-9	2.49451696E-8	3.56218025E-7	6.60922325E-5
1.74500000E+2	6.37587242E-9	2.87169234E-8	2.99508375E-7	7.60854949E-5
1.75000000E+2	2.75051706E-8	1.92469104E-8	2.71553115E-7	5.09946934E-5
1.75500000E+2	4.49659505E-9	3.39965462E-8	2.87162207E-7	9.00738567E-5
1.76000000E+2	4.86913961E-9	2.52231018E-8	3.25095501E-7	6.68286139E-5
1.76500000E+2	4.53825340E-9	2.74900248E-8	3.75946928E-7	7.28348269E-5
1.77000000E+2	5.46730276E-9	2.20363456E-8	2.54516824E-7	5.83853026E-5
1.77500000E+2	5.63927618E-9	2.66227394E-8	2.54405292E-7	7.05369540E-5
1.78000000E+2	1.15719547E-8	2.00793576E-8	2.61296519E-7	5.32002626E-5
1.78500000E+2	7.12522914E-9	4.29289104E-8	2.42073756E-7	1.13740158E-4
1.79000000E+2	4.59212605E-9	2.76420067E-8	3.04408662E-7	7.32375031E-5
1.79500000E+2	4.64859843E-9	3.33104628E-8	2.89884848E-7	8.82560788E-5
1.80000000E+2	1.98789169E-8	3.68893698E-8	2.98430948E-7	9.77383937E-5
1.80500000E+2	6.03165094E-9	2.01108954E-8	3.03632260E-7	5.32838219E-5
1.81000000E+2	5.29543583E-9	2.40098401E-8	3.59046488E-7	6.36140769E-5
1.81500000E+2	5.81182238E-9	2.89800693E-8	3.26490210E-7	7.67827002E-5
1.82000000E+2	5.10814123E-9	2.95648564E-8	2.59273328E-7	7.83320936E-5
1.82500000E+2	4.66415884E-9	3.28921682E-8	2.67148140E-7	8.71478071E-5
1.83000000E+2	7.14079377E-9	2.13839095E-8	3.18506996E-7	5.66566731E-5
1.83500000E+2	5.26407532E-9	2.64112536E-8	2.71647698E-7	6.99766223E-5
1.84000000E+2	4.93197168E-9	2.03910110E-8	2.35574767E-7	5.40259881E-5
1.84500000E+2	4.34708137E-9	2.46274292E-8	2.76461235E-7	6.52503791E-5
1.85000000E+2	1.93689596E-8	2.61539286E-8	3.04947739E-7	6.92948396E-5
1.85500000E+2	4.41579202E-9	1.92351469E-8	2.50046057E-7	5.09635261E-5
1.86000000E+2	4.58126218E-9	2.26436642E-8	2.48723934E-7	5.99943935E-5
1.86500000E+2	5.79294050E-9	2.61661265E-8	3.06044098E-7	6.93271580E-5
1.87000000E+2	6.92597716E-9	2.77762850E-8	3.07149512E-7	7.35932734E-5
1.87500000E+2	4.79226887E-9	2.24814469E-8	2.84599522E-7	5.95645987E-5
1.88000000E+2	5.23351973E-9	2.27227693E-8	2.77838666E-7	6.02039825E-5
1.88500000E+2	4.45037054E-9	2.91165708E-8	2.42956786E-7	7.71443608E-5
1.89000000E+2	4.08663602E-9	2.45804370E-8	2.17219473E-7	6.51258734E-5
1.89500000E+2	6.49156292E-9	2.47047880E-8	3.01145593E-7	6.54553414E-5
1.90000000E+2	4.59665940E-8	2.69946368E-8	3.14255314E-7	7.15222962E-5
1.90500000E+2	4.72645245E-9	2.12335468E-8	2.22310375E-7	5.62582870E-5
1.91000000E+2	5.31097664E-9	2.17171385E-8	2.64489484E-7	5.75395634E-5
1.91500000E+2	5.32533376E-9	2.71033770E-8	2.95837733E-7	7.18104034E-5
1.92000000E+2	4.69310801E-9	1.97931804E-8	2.93141864E-7	5.24420360E-5
1.92500000E+2	5.07719562E-9	1.94498257E-8	2.58498957E-7	5.15323175E-5
1.93000000E+2	4.58464540E-9	2.26461615E-8	2.90869965E-7	6.00010101E-5
1.93500000E+2	4.37050759E-9	2.21104477E-8	3.44368395E-7	5.85816362E-5
1.94000000E+2	4.40907057E-9	1.92904303E-8	2.70996649E-7	5.11099993E-5
1.94500000E+2	4.04285027E-9	2.22381753E-8	2.62938241E-7	5.89200504E-5
1.95000000E+2	3.82763446E-8	2.61941494E-8	2.98728378E-7	6.94014048E-5
1.95500000E+2	5.35822473E-9	2.19509292E-8	3.16456943E-7	5.81589919E-5
1.96000000E+2	5.45058082E-9	1.87881311E-8	2.51467264E-7	4.97791576E-5
1.96500000E+2	4.50848496E-9	2.32678290E-8	3.42531355E-7	6.16481181E-5
1.97000000E+2	4.27202537E-9	2.46243562E-8	3.26185602E-7	6.52422374E-5
1.97500000E+2	6.00199724E-9	2.13356325E-8	2.99745478E-7	5.65287631E-5
1.98000000E+2	4.26711833E-9	1.91624496E-8	2.83766468E-7	5.07709145E-5
1.98500000E+2	4.23850092E-9	3.40181447E-8	3.61930141E-7	9.01310821E-5
1.99000000E+2	4.29789564E-9	2.05934948E-8	3.68397573E-7	5.45624690E-5
1.99500000E+2	6.86432765E-9	2.39639419E-8	4.75054607E-7	6.34924694E-5
2.00000000E+2	2.63512021E-8	2.76362892E-8	6.46194941E-7	7.32223544E-5
2.00500000E+2	6.61764356E-9	2.50924931E-8	4.09249756E-7	6.64825660E-5
2.01000000E+2	5.67461517E-9	3.00445845E-8	3.44320336E-7	7.96031333E-5
2.01500000E+2	6.37257171E-9	2.34418015E-8	2.73755038E-7	6.21090584E-5
2.02000000E+2	5.27337460E-9	2.30958938E-8	3.03901075E-7	6.11925757E-5
2.02500000E+2	5.03975993E-9	2.05576202E-8	2.47670291E-7	5.44674194E-5
2.03000000E+2	5.11398663E-9	2.13294834E-8	3.16269344E-7	5.65124710E-5
2.03500000E+2	4.42718587E-9	2.85002508E-8	2.97373742E-7	7.55114209E-5
2.04000000E+2	6.06808721E-9	2.49208346E-8	2.77975234E-7	6.60277570E-5
2.04500000E+2	4.38031294E-9	2.36296960E-8	2.55798094E-7	6.26068848E-5
2.05000000E+2	1.87054854E-8	2.05358174E-8	2.84406851E-7	5.44096528E-5
2.05500000E+2	5.84608106E-9	2.32733089E-8	2.71260556E-7	6.16626372E-5
2.06000000E+2	4.46645196E-9	3.36856267E-8	3.99370836E-7	8.92500755E-5
2.06500000E+2	4.41444634E-9	2.48802032E-8	2.56737020E-7	6.59201039E-5
2.07000000E+2	4.15279667E-9	2.28780090E-8	3.49245844E-7	6.06152901E-5
2.07500000E+2	4.23952099E-9	2.00122753E-8	2.42963596E-7	5.30225279E-5
2.08000000E+2	4.26963928E-9	2.56993942E-8	2.56033006E-7	6.80905507E-5
2.08500000E+2	4.57729642E-9	1.85706505E-8	2.25963228E-7	4.92029427E-5
2.09000000E+2	6.85014747E-9	1.97538446E-8	2.42023533E-7	5.23378156E-5
2.09500000E+2	4.53318739E-9	2.72101867E-8	3.13362301E-7	7.20933958E-5
2.10000000E+2	2.69857635E-8	2.57735122E-8	2.73513391E-7	6.82869264E-5
2.10500000E+2	5.38201167E-9	2.05163222E-8	2.24343626E-7	5.43580004E-5
2.11000000E+2	6.45440900E-9	1.71061836E-8	2.18876910E-7	4.53228373E-5
2.11500000E+2	5.23633092E-9	3.29451115E-8	2.09851592E-7	8.72880804E-5
2.12000000E+2	4.84749669E-9	1.86836517E-8	2.16388911E-7	4.95023395E-5
2.12500000E+2	4.96632524E-9	2.33869813E-8	2.83357084E-7	6.19638122E-5
2.13000000E+2	5.28697902E-9	2.27131074E-8	2.54055885E-7	6.01783832E-5
2.13500000E+2	7.37235190E-9	2.14860912E-8	2.66673196E-7	5.69274036E-5
2.14000000E+2	4.26439449E-9	2.56284346E-8	2.18213777E-7	6.79025432E-5
2.14500000E+2	5.51290100E-9	3.12708061E-8	4.13430128E-7	8.28520079E-5
2.15000000E+2	3.17661451E-8	2.42791397E-8	2.82947119E-7	6.43275861E-5
2.15500000E+2	5.18551063E-9	2.05890372E-8	2.39356409E-7	5.45506588E-5
2.16000000E+2	4.98774024E-9	2.65891272E-8	2.31075268E-7	7.04478986E-5
2.16500000E+2	5.47558328E-9	1.81635153E-8	2.12557154E-7	4.81242379E-5
2.17000000E+2	4.71923650E-9	1.85430901E-8	2.70121733E-7	4.91299215E-5
2.17500000E+2	5.00717488E-9	2.42921730E-8	2.87058816E-7	6.43621178E-5
2.18000000E+2	4.96647218E-9	2.14980514E-8	2.07102632E-7	5.69590920E-5
2.18500000E+2	5.69864971E-9	2.27119392E-8	3.00738753E-7	6.01752880E-5
2.19000000E+2	4.84350457E-9	1.82807380E-8	3.74439575E-7	4.84348195E-5
2.19500000E+2	4.66818298E-9	2.25057105E-8	4.62950029E-7	5.96288852E-5
2.20000000E+2	4.01257398E-8	2.83806371E-8	2.60375685E-7	7.51945043E-5
2.20500000E+2	4.44768129E-9	2.21444914E-8	2.45693682E-7	5.86718349E-5
2.21000000E+2	5.65988859E-9	2.04490554E-8	2.28611084E-7	5.41797770E-5
2.21500000E+2	4.10748152E-9	1.91558493E-8	2.41597968E-7	5.07534269E-5
2.22000000E+2	6.22615603E-9	2.24932762E-8	2.15185232E-7	5.95959402E-5
2.22500000E+2	4.31984309E-9	2.46514230E-8	2.51066355E-7	6.53139509E-5
2.23000000E+2	4.44693493E-9	2.04950961E-8	2.74065718E-7	5.43017619E-5
2.23500000E+2	5.60707409E-9	2.20582640E-8	2.69157014E-7	5.84433755E-5
2.24000000E+2	5.00001419E-9	1.99033906E-8	2.29487150E-7	5.27340379E-5
2.24500000E+2	5.08084540E-9	3.18106358E-8	2.35606468E-7	8.42822867E-5
2.25000000E+2	3.45761241E-8	2.17137693E-8	2.39710948E-7	5.75306366E-5
2.25500000E+2	4.39793607E-9	2.07058326E-8	3.27956990E-7	5.48601081E-5
2.26000000E+2	5.36875714E-9	2.17810464E-8	2.53895672E-7	5.77088872E-5
2.26500000E+2	5.22552620E-9	2.05161526E-8	2.19568974E-7	5.43575510E-5
2.27000000E+2	6.06932254E-9	1.91285356E-8	2.25729633E-7	5.06810594E-5
2.27500000E+2	5.32164925E-9	2.42001638E-8	2.40939770E-7	6.41183395E-5
2.28000000E+2	4.59743708E-9	2.25352039E-8	2.19127388E-7	5.97070278E-5
2.28500000E+2	4.74693691E-9	2.03764878E-8	2.37555635E-7	5.39875091E-5
2.29000000E+2	4.57085787E-9	2.47943872E-8	3.91739288E-7	6.56927346E-5
2.29500000E+2	4.34469952E-9	2.21115732E-8	4.32600307E-7	5.85846183E-5
2.30000000E+2	4.69266648E-8	1.88440303E-8	2.98207561E-7	4.99272626E-5
2.30500000E+2	4.80634651E-9	2.17376156E-8	2.64563561E-7	5.75938175E-5
2.31000000E+2	5.38273283E-9	2.12770854E-8	2.14638754E-7	5.63736426E-5
2.31500000E+2	5.94769132E-9	1.92850080E-8	2.25518772E-7	5.10956330E-5
2.32000000E+2	5.87071993E-9	2.12332127E-8	2.65777098E-7	5.62574018E-5
2.32500000E+2	4.76212836E-9	1.74217572E-8	2.72638481E-7	4.61589495E-5
2.33000000E+2	5.57808074E-9	2.61418356E-8	2.94677820E-7	6.92627994E-5
2.33500000E+2	5.39184258E-9	3.26159610E-8	2.66100708E-7	8.64159960E-5
2.34000000E+2	5.66398421E-9	2.92209768E-8	2.36076325E-7	7.74209847E-5
2.34500000E+2	5.05943140E-9	2.69661077E-8	2.26685344E-7	7.14467084E-5
2.35000000E+2	4.84353142E-8	2.52298826E-8	2.03218748E-7	6.68465797E-5
2.35500000E+2	4.26811662E-9	2.23396848E-8	2.28999640E-7	5.91889999E-5
2.36000000E+2	5.06032524E-9	2.09759451E-8	2.78734928E-7	5.55757713E-5
2.36500000E+2	5.61520707E-9	1.96533886E-8	2.50682684E-7	5.20716576E-5
2.37000000E+2	4.86205011E-9	2.01069989E-8	2.18669372E-7	5.32734981E-5
2.37500000E+2	4.68139265E-9	2.36430886E-8	2.51929446E-7	6.26423687E-5
2.38000000E+2	4.22238233E-9	1.79222337E-8	2.05214913E-7	4.74849623E-5
2.38500000E+2	6.72052275E-9	2.77714677E-8	2.22681719E-7	7.35805098E-5
2.39000000E+2	6.28782650E-9	2.16501925E-8	2.13964504E-7	5.73621900E-5
2.39500000E+2	4.02409739E-9	2.04583677E-8	2.01871729E-7	5.42044498E-5
2.40000000E+2	2.90501943E-8	1.88576616E-8	2.41862501E-7	4.99633786E-5
2.40500000E+2	3.76587876E-9	2.35358742E-8	2.38377404E-7	6.23583041E-5
2.41000000E+2	6.28039350E-9	2.77683187E-8	2.16999099E-7	7.35721666E-5
2.41500000E+2	4.44336893E-9	1.88409784E-8	2.27440888E-7	4.99191766E-5
2.42000000E+2	5.58620719E-9	2.55079338E-8	2.46747970E-7	6.75832763E-5
2.42500000E+2	5.37221015E-9	3.33811439E-8	2.63005527E-7	8.84433483E-5
2.43000000E+2	5.28082488E-9	2.23189490E-8	2.14616986E-7	5.91340604E-5
2.43500000E+2	4.91224696E-9	2.18690320E-8	2.45366606E-7	5.79420052E-5
2.44000000E+2	4.14954816E-9	1.87080159E-8	2.28659437E-7	4.95668923E-5
2.44500000E+2	5.39520901E-9	1.88483385E-8	2.93892389E-7	4.99386771E-5
2.45000000E+2	1.55895360E-8	1.77687147E-8	2.58946818E-7	4.70782137E-5
2.45500000E+2	4.48136831E-9	2.83776851E-8	2.97060317E-7	7.51866831E-5
2.46000000E+2	4.73612105E-9	2.14494688E-8	3.15936226E-7	5.68303724E-5
2.46500000E+2	6.10708918E-9	2.28316820E-8	3.00721555E-7	6.04925466E-5
2.47000000E+2	7.10886575E-9	2.05370947E-8	2.90782319E-7	5.44130371E-5
2.47500000E+2	5.52424317E-9	2.08298052E-8	3.45399979E-7	5.51885735E-5
2.48000000E+2	4.99320377E-9	2.11234945E-8	5.85257775E-7	5.59667035E-5
2.48500000E+2	4.42668056E-9	1.98735029E-8	6.10452539E-7	5.26548504E-5
2.49000000E+2	5.07170493E-9	2.03751538E-8	6.97090189E-7	5.39839745E-5
2.49500000E+2	5.45082999E-9	1.93037875E-8	1.46084995E-6	5.11453893E-5
2.50000000E+2	2.94019344E-8	2.32204148E-8	7.93251808E-6	6.15224941E-5
2.50500000E+2	4.95750362E-9	2.50904307E-8	2.09336869E-6	6.64771017E-5
2.51000000E+2	4.64345476E-9	3.08054638E-8	8.93797597E-7	8.16190832E-5
2.51500000E+2	5.57873466E-9	2.47040974E-8	6.98824933E-7	6.54535116E-5
2.52000000E+2	6.58202626E-9	1.97448525E-8	6.13544275E-7	5.23139911E-5
2.52500000E+2	4.32629894E-9	2.15685933E-8	4.38125983E-7	5.71459928E-5
2.53000000E+2	5.10280802E-9	1.73369165E-8	4.10037566E-7	4.59341641E-5
2.53500000E+2	4.60512532E-9	2.10466529E-8	3.23690605E-7	5.57631116E-5
2.54000000E+2	4.39083185E-9	2.20687386E-8	3.26278438E-7	5.84711278E-5
2.54500000E+2	4.98178379E-9	2.54156266E-8	3.22064464E-7	6.73387084E-5
2.55000000E+2	3.31826155E-8	2.78613973E-8	3.38380321E-7	7.38187783E-5
2.55500000E+2	4.34499606E-9	2.32949778E-8	2.85314748E-7	6.17200489E-5
2.56000000E+2	5.06605587E-9	2.14684917E-8	2.98791566E-7	5.68807736E-5
2.56500000E+2	5.22230328E-9	1.74472389E-8	2.67561701E-7	4.62264635E-5
2.57000000E+2	4.35048027E-9	1.94187356E-8	2.54754128E-7	5.14499444E-5
2.57500000E+2	4.17684989E-9	1.97195033E-8	2.34523549E-7	5.22468284E-5
2.58000000E+2	7.45041797E-9	1.87541231E-8	2.55348098E-7	4.96890534E-5
2.58500000E+2	6.80360078E-9	2.92207783E-8	2.22735187E-7	7.74204588E-5
2.59000000E+2	5.41967775E-9	2.53219890E-8	2.50788064E-7	6.70906155E-5
2.59500000E+2	5.00778134E-9	1.93071298E-8	2.61774288E-7	5.11542449E-5
2.60000000E+2	2.36962326E-8	1.92082524E-8	2.26675899E-7	5.08922689E-5
2.60500000E+2	4.32953563E-9	2.04755834E-8	3.17914417E-7	5.42500629E-5
2.61000000E+2	7.33659112E-9	2.14259641E-8	2.38090140E-7	5.67680968E-5
2.61500000E+2	4.68681285E-9	1.75413024E-8	3.14929269E-7	4.64756846E-5
2.62000000E+2	6.04543477E-9	2.46598275E-8	2.00630402E-7	6.53362185E-5
2.62500000E+2	4.07395764E-9	2.07707298E-8	2.21660021E-7	5.50320532E-5
2.63000000E+2	3.97985370E-9	2.52627478E-8	2.24193710E-7	6.69336561E-5
2.63500000E+2	7.22590043E-9	2.10022935E-8	2.45968936E-7	5.56455815E-5
2.64000000E+2	4.78685888E-9	1.93962857E-8	3.43334285E-7	5.13904634E-5
2.64500000E+2	3.99379204E-9	3.39026446E-8	7.71728411E-7	8.98250645E-5
2.65000000E+2	2.20750326E-8	1.83506067E-8	4.28317597E-7	4.86199366E-5
2.65500000E+2	4.53958535E-9	1.95039116E-8	2.58460215E-7	5.16756182E-5
2.66000000E+2	5.19975878E-9	2.36923285E-8	2.56471110E-7	6.27728296E-5
2.66500000E+2	4.47661833E-9	2.99293111E-8	2.95783153E-7	7.92977164E-5
2.67000000E+2	4.44610083E-9	2.00094760E-8	2.74813984E-7	5.30151112E-5
2.67500000E+2	5.08156618E-9	2.60815282E-8	2.75910992E-7	6.91030149E-5
2.68000000E+2	5.06369837E-9	1.94493221E-8	2.08306669E-7	5.15309834E-5
2.68500000E+2	6.92118258E-9	1.90833035E-8	2.03737392E-7	5.05612169E-5
2.69000000E+2	6.56052336E-9	2.12518817E-8	1.96004837E-7	5.63068652E-5
2.69500000E+2	6.64128526E-9	1.75028547E-8	2.20720356E-7	4.63738175E-5
2.70000000E+2	1.53255029E-8	2.13179119E-8	1.95103850E-7	5.64818123E-5
2.70500000E+2	4.82468115E-9	2.23347473E-8	2.14524067E-7	5.91759179E-5
2.71000000E+2	7.26316433E-9	1.84184527E-8	2.00181233E-7	4.87996946E-5
2.71500000E+2	4.12871883E-9	2.03861621E-8	2.78631374E-7	5.40131410E-5
2.72000000E+2	5.42462732E-9	1.93871998E-8	2.22715680E-7	5.13663903E-5
2.72500000E+2	6.52690312E-9	2.58808693E-8	3.01083517E-7	6.85713690E-5
2.73000000E+2	6.11347024E-9	2.27671565E-8	2.75705285E-7	6.03215863E-5
2.73500000E+2	5.09857724E-9	1.79292663E-8	2.19952322E-7	4.75035952E-5
2.74000000E+2	4.09708295E-9	3.04458730E-8	2.25109599E-7	8.06663475E-5
2.74500000E+2	6.28669444E-9	2.62630166E-8	2.74211705E-7	6.95838684E-5
2.75000000E+2	3.74605625E-8	2.59704091E-8	2.39083531E-7	6.88086048E-5
2.75500000E+2	6.27794047E-9	1.95911685E-8	2.28095018E-7	5.19068054E-5
2.76000000E+2	4.95176508E-9	2.50385166E-8	2.52552450E-7	6.63395555E-5
2.76500000E+2	6.29854458E-9	2.77814949E-8	2.45611831E-7	7.36070769E-5
2.77000000E+2	5.19363943E-9	1.85614199E-8	2.21662549E-7	4.91784861E-5
2.77500000E+2	4.73053543E-9	2.33473931E-8	2.60327749E-7	6.18589232E-5
2.78000000E+2	4.19471315E-9	2.37016584E-8	2.60333697E-7	6.27975492E-5
2.78500000E+2	5.26619251E-9	1.78829649E-8	2.50889366E-7	4.73809195E-5
2.79000000E+2	6.34282722E-9	2.35311125E-8	2.41658727E-7	6.23456878E-5
2.79500000E+2	5.78225938E-9	2.30382276E-8	1.92224898E-7	6.10397892E-5
2.80000000E+2	3.46133975E-8	1.76542447E-8	2.37877402E-7	4.67749253E-5
2.80500000E+2	3.89388975E-9	1.82526920E-8	2.08899741E-7	4.83605115E-5
2.81000000E+2	5.04509737E-9	2.00125791E-8	1.91530234E-7	5.30233328E-5
2.81500000E+2	5.76353287E-9	2.22953067E-8	2.32398805E-7	5.90714202E-5
2.82000000E+2	6.24184547E-9	1.96384507E-8	2.47280432E-7	5.20320795E-5
2.82500000E+2	4.35568719E-9	1.87634516E-8	2.54087669E-7	4.97137691E-5
2.83000000E+2	4.27749935E-9	2.07614026E-8	1.94207208E-7	5.50073410E-5
2.83500000E+2	5.22253404E-9	2.47786314E-8	2.59432788E-7	6.56509894E-5
2.84000000E+2	5.50710094E-9	1.96300290E-8	2.58155304E-7	5.20097663E-5
2.84500000E+2	4.75490870E-9	2.23868129E-8	2.68875532E-7	5.93138658E-5
2.85000000E+2	2.76066201E-8	2.55132655E-8	2.50664733E-7	6.75974027E-5
2.85500000E+2	5.10311869E-9	3.67596475E-8	2.09044640E-7	9.73946942E-5
2.86000000E+2	5.00865822E-9	2.16963051E-8	2.78367421E-7	5.74843654E-5
2.86500000E+2	6.43919798E-9	2.42626684E-8	2.35119732E-7	6.42839453E-5
2.87000000E+2	5.67764401E-9	2.76178859E-8	1.99353752E-7	7.31735950E-5
2.87500000E+2	5.33895030E-9	1.94539947E-8	2.21687537E-7	5.15433633E-5
2.88000000E+2	5.34246828E-9	2.37222902E-8	2.31911052E-7	6.28522133E-5
2.88500000E+2	4.33794128E-9	1.84421580E-8	1.89498877E-7	4.88625017E-5
2.89000000E+2	4.86695997E-9	2.24089679E-8	2.06464820E-7	5.93725654E-5
2.89500000E+2	4.22125752E-9	2.26121215E-8	2.08200001E-7	5.99108210E-5
2.90000000E+2	2.87083535E-8	2.03278969E-8	2.13945830E-7	5.38587674E-5
2.90500000E+2	6.05281565E-9	2.17944081E-8	2.14960635E-7	5.77442891E-5
2.91000000E+2	4.40491647E-9	2.02189263E-8	2.17529475E-7	5.35700499E-5
2.91500000E+2	4.82489620E-9	1.69535911E-8	2.16464577E-7	4.49185433E-5
2.92000000E+2	5.41404572E-9	3.09306245E-8	2.69386043E-7	8.19506966E-5
2.92500000E+2	5.18925940E-9	2.39593037E-8	2.49425237E-7	6.34801805E-5
2.93000000E+2	5.30775592E-9	2.08807418E-8	2.73353249E-7	5.53235302E-5
2.93500000E+2	4.94424267E-9	2.10522260E-8	2.27057883E-7	5.57778775E-5
2.94000000E+2	5.48862598E-9	1.92174095E-8	2.04210961E-7	5.09165307E-5
2.94500000E+2	5.73910922E-9	2.78589204E-8	2.44414107E-7	7.38122160E-5
2.95000000E+2	2.76645467E-8	1.90861119E-8	2.96578544E-7	5.05686579E-5
2.95500000E+2	7.67061335E-9	2.03609678E-8	2.36867409E-7	5.39463889E-5
2.96000000E+2	4.66225269E-9	1.81018164E-8	2.40620814E-7	4.79607665E-5
2.96500000E+2	4.22152992E-9	2.64662035E-8	2.27081873E-7	7.01222122E-5
2.97000000E+2	5.10457228E-9	2.08301374E-8	2.31453185E-7	5.51894539E-5
2.97500000E+2	4.63230265E-9	2.29589567E-8	2.24866392E-7	6.08297609E-5
2.98000000E+2	4.88014362E-9	2.69522546E-8	2.39705746E-7	7.14100045E-5
2.98500000E+2	4.17697432E-9	2.08432305E-8	2.51243783E-7	5.52241438E-5
2.99000000E+2	4.48380564E-9	2.71001693E-8	3.07671030E-7	7.18019047E-5
2.99500000E+2	5.04999812E-9	2.08299165E-8	5.50445559E-7	5.51888684E-5
3.00000000E+2	2.87350235E-8	3.13917528E-8	5.37170482E-7	8.31724560E-5
3.00500000E+2	4.83298938E-9	1.85559295E-8	3.03723890E-7	4.91639395E-5
3.01000000E+2	5.82556752E-9	2.80755247E-8	2.71059750E-7	7.43861091E-5
3.01500000E+2	4.38677756E-9	1.73807027E-8	2.47874519E-7	4.60501758E-5
3.02000000E+2	4.42508926E-9	1.90472748E-8	2.68944466E-7	5.04657589E-5
3.02500000E+2	5.86382050E-9	3.43710488E-8	2.58579563E-7	9.10661015E-5
3.03000000E+2	4.15755024E-9	2.62003988E-8	2.79547294E-7	6.94179624E-5
3.03500000E+2	4.45066118E-9	2.83766746E-8	2.88679801E-7	7.51840056E-5
3.04000000E+2	4.16570085E-9	2.52161662E-8	2.43669168E-7	6.68102379E-5
3.04500000E+2	4.65989965E-9	1.92983911E-8	2.29839193E-7	5.11310915E-5
3.05000000E+2	2.51454959E-8	1.84490014E-8	2.48340024E-7	4.88806333E-5
3.05500000E+2	4.56396527E-9	2.21310445E-8	2.09473251E-7	5.86362075E-5
3.06000000E+2	5.80836379E-9	2.95309170E-8	2.47917470E-7	7.82421714E-5
3.06500000E+2	5.22203603E-9	2.66911066E-8	2.50899734E-7	7.07180929E-5
3.07000000E+2	5.67306437E-9	1.85342475E-8	2.12332692E-7	4.91064928E-5
3.07500000E+2	4.70546564E-9	1.86529770E-8	2.61798047E-7	4.94210667E-5
3.08000000E+2	4.37727976E-9	1.84385676E-8	2.24077894E-7	4.88529890E-5
3.08500000E+2	5.42187477E-9	2.08020520E-8	2.63947999E-7	5.51150416E-5
3.09000000E+2	3.97656229E-9	2.09183768E-8	2.20776978E-7	5.54232440E-5
3.09500000E+2	5.35271795E-9	2.78786984E-8	2.28792512E-7	7.38646176E-5
3.10000000E+2	2.78894046E-8	1.69730216E-8	2.02667473E-7	4.49700244E-5
3.10500000E+2	4.41421643E-9	1.96537876E-8	1.97104706E-7	5.20727146E-5
3.11000000E+2	5.49372554E-9	1.85890610E-8	1.97405045E-7	4.92517214E-5
3.11500000E+2	4.88183132E-9	1.93943715E-8	1.89598375E-7	5.13853916E-5
3.12000000E+2	6.44417685E-9	2.65585945E-8	3.05151832E-7	7.03670021E-5
3.12500000E+2	5.69351525E-9	2.97367952E-8	2.73594975E-7	7.87876455E-5
3.13000000E+2	5.48850103E-9	2.18890006E-8	2.67266515E-7	5.79949119E-5
3.13500000E+2	6.59331380E-9	2.47780450E-8	2.35140919E-7	6.56494357E-5
3.14000000E+2	5.74965532E-9	3.24062429E-8	3.88730985E-7	8.58603477E-5
3.14500000E+2	5.69956155E-9	1.94884903E-8	2.16787032E-7	5.16347595E-5
3.15000000E+2	3.66288986E-8	2.28986896E-8	2.17995626E-7	6.06700833E-5
3.15500000E+2	6.61453786E-9	2.14469529E-8	1.82517644E-7	5.68237066E-5
3.16000000E+2	4.85370556E-9	2.33764450E-8	2.94794914E-7	6.19358964E-5
3.16500000E+2	4.52152719E-9	2.27652690E-8	2.02762648E-7	6.03165854E-5
3.17000000E+2	4.83328659E-9	2.50478809E-8	2.73938072E-7	6.63643661E-5
3.17500000E+2	4.17330128E-9	1.94275736E-8	2.15606973E-7	5.14733606E-5
3.18000000E+2	6.88301175E-9	1.79386750E-8	2.75857856E-7	4.75285233E-5
3.18500000E+2	4.85726457E-9	2.14465497E-8	1.97613263E-7	5.68226383E-5
3.19000000E+2	5.22480714E-9	1.69934912E-8	2.17559940E-7	4.50242587E-5
3.19500000E+2	6.54632125E-9	2.40374672E-8	3.01053609E-7	6.36872747E-5
3.20000000E+2	2.88941963E-8	2.35705515E-8	3.92459732E-7	6.24501816E-5
3.20500000E+2	4.21693216E-9	2.91332095E-8	2.75247310E-7	7.71884452E-5
3.21000000E+2	4.73079610E-9	2.17971301E-8	3.95556682E-7	5.77515010E-5
3.21500000E+2	5.29679844E-9	1.78779352E-8	2.70859309E-7	4.73675933E-5
3.22000000E+2	4.83804338E-9	1.92890728E-8	2.48163112E-7	5.11064028E-5
3.22500000E+2	4.58338741E-9	1.83210155E-8	2.32398021E-7	4.85415347E-5
3.23000000E+2	4.50758782E-9	1.82997177E-8	2.09074308E-7	4.84851063E-5
3.23500000E+2	4.14464275E-9	1.81153635E-8	2.30784923E-7	4.79966597E-5
3.24000000E+2	4.49449067E-9	1.63148521E-8	1.90873655E-7	4.32262043E-5
3.24500000E+2	6.69701908E-9	2.08790862E-8	1.89162723E-7	5.53191436E-5
3.25000000E+2	2.03022759E-8	2.72357157E-8	2.56130015E-7	7.21610350E-5
3.25500000E+2	7.03646426E-9	2.06334214E-8	2.13305019E-7	5.46682547E-5
3.26000000E+2	5.77349055E-9	1.85197045E-8	1.99990537E-7	4.90679612E-5
3.26500000E+2	4.27962966E-9	2.08343675E-8	3.25234822E-7	5.52006615E-5
3.27000000E+2	6.22319859E-9	2.25270438E-8	2.81179258E-7	5.96854077E-5
3.27500000E+2	6.93332193E-9	2.28088164E-8	2.30931017E-7	6.04319642E-5
3.28000000E+2	4.37432889E-9	1.92548922E-8	1.99443168E-7	5.10158412E-5
3.28500000E+2	6.87728268E-9	2.63903458E-8	2.00436607E-7	6.99212272E-5
3.29000000E+2	5.44357943E-9	1.73894389E-8	2.98072504E-7	4.60733223E-5
3.29500000E+2	4.17534066E-9	1.86715064E-8	2.20971327E-7	4.94701603E-5
3.30000000E+2	3.09867722E-8	1.80446005E-8	2.21959794E-7	4.78091731E-5
3.30500000E+2	4.79839951E-9	2.56803773E-8	2.40826672E-7	6.80401654E-5
3.31000000E+2	4.38833116E-9	1.82604317E-8	1.96932192E-7	4.83810178E-5
3.31500000E+2	4.91708398E-9	1.82605005E-8	2.64251053E-7	4.83812002E-5
3.32000000E+2	4.44103536E-9	1.57946540E-8	2.16408528E-7	4.18479392E-5
3.32500000E+2	6.02423986E-9	2.26206475E-8	2.72928222E-7	5.99334106E-5
3.33000000E+2	4.95387370E-9	2.20796481E-8	3.37604561E-7	5.85000327E-5
3.33500000E+2	6.18557352E-9	1.86439761E-8	6.01138296E-7	4.93972189E-5
3.34000000E+2	4.88559868E-9	2.54921782E-8	2.53733464E-7	6.75415318E-5
3.34500000E+2	5.08251312E-9	2.20243942E-8	2.33363544E-7	5.83536374E-5
3.35000000E+2	2.01643542E-8	3.29347808E-8	3.04521189E-7	8.72607092E-5
3.35500000E+2	5.34008124E-9	1.82594326E-8	2.14714441E-7	4.83783708E-5
3.36000000E+2	6.23666585E-9	1.97949190E-8	2.09577632E-7	5.24466423E-5
3.36500000E+2	4.32586871E-9	2.59288784E-8	2.68848077E-7	6.86985691E-5
3.37000000E+2	4.99061412E-9	2.04840138E-8	2.35609343E-7	5.42723991E-5
3.37500000E+2	5.44233430E-9	2.67148425E-8	2.40950411E-7	7.07809812E-5
3.38000000E+2	5.37162086E-9	2.60029453E-8	2.13644053E-7	6.88948094E-5
3.38500000E+2	5.73845716E-9	2.05247505E-8	2.14739435E-7	5.43803310E-5
3.39000000E+2	4.49978798E-9	2.85663820E-8	3.09967784E-7	7.56866355E-5
3.39500000E+2	4.37339887E-9	2.39924182E-8	2.26386577E-7	6.35679175E-5
3.40000000E+2	2.71883855E-8	2.44500296E-8	2.20580778E-7	6.47803591E-5
3.40500000E+2	5.72596309E-9	2.43768739E-8	2.05778484E-7	6.45865329E-5
3.41000000E+2	4.36122461E-9	2.16736575E-8	2.63972929E-7	5.74243604E-5
3.41500000E+2	4.15530017E-9	1.81133759E-8	2.60247618E-7	4.79913936E-5
3.42000000E+2	6.26337275E-9	1.77928985E-8	2.17195762E-7	4.71422886E-5
3.42500000E+2	4.22059155E-9	1.85201150E-8	2.05138408E-7	4.90690488E-5
3.43000000E+2	4.66271759E-9	2.39574169E-8	2.31790270E-7	6.34751816E-5
3.43500000E+2	5.13418411E-9	3.09303004E-8	3.57641459E-7	8.19498378E-5
3.44000000E+2	4.42682982E-9	2.01102367E-8	2.24507851E-7	5.32820765E-5
3.44500000E+2	5.18969872E-9	2.88615384E-8	2.45544562E-7	7.64686526E-5
3.45000000E+2	3.75518957E-8	2.10856714E-8	2.48049907E-7	5.58664910E-5
3.45500000E+2	4.97228944E-9	1.83549641E-8	2.70304278E-7	4.86314816E-5
3.46000000E+2	4.08659495E-9	2.27069616E-8	3.31803823E-7	6.01621000E-5
3.46500000E+2	4.20870351E-9	2.08983145E-8	3.45631650E-7	5.53700890E-5
3.47000000E+2	6.05931363E-9	1.80762007E-8	2.88891753E-7	4.78928978E-5
3.47500000E+2	5.09402493E-9	2.26259205E-8	3.54416582E-7	5.99473814E-5
3.48000000E+2	4.05076028E-9	2.29788497E-8	5.80819219E-7	6.08824674E-5
3.48500000E+2	6.08032787E-9	2.12349368E-8	6.15678958E-7	5.62619699E-5
3.49000000E+2	4.64574541E-9	1.77292182E-8	7.77314903E-7	4.69735675E-5
3.49500000E+2	4.44376869E-9	1.93757406E-8	1.58918689E-6	5.13360292E-5
3.50000000E+2	4.14577696E-8	1.76296261E-8	6.05159617E-6	4.67096983E-5
3.50500000E+2	4.80646098E-9	1.91111861E-8	2.15924103E-6	5.06350919E-5
3.51000000E+2	5.87325292E-9	2.02788126E-8	1.01014135E-6	5.37287186E-5
3.51500000E+2	5.48479362E-9	1.99629971E-8	5.58581286E-7	5.28919652E-5
3.52000000E+2	5.46347246E-9	1.96149310E-8	6.86237043E-7	5.19697641E-5
3.52500000E+2	4.29228629E-9	1.66939141E-8	3.89639721E-7	4.42305291E-5
3.53000000E+2	5.37733222E-9	1.89112203E-8	4.18135034E-7	5.01052824E-5
3.53500000E+2	4.47853202E-9	2.13483344E-8	3.46291683E-7	5.65624169E-5
3.54000000E+2	4.39272176E-9	2.04354161E-8	3.00410287E-7	5.41436396E-5
3.54500000E+2	5.14254101E-9	2.17698956E-8	2.59311320E-7	5.76793432E-5
3.55000000E+2	2.69587303E-8	2.55518069E-8	2.65309661E-7	6.76995181E-5
3.55500000E+2	4.76798863E-9	1.85777281E-8	2.39455543E-7	4.92216947E-5
3.56000000E+2	4.83889064E-9	2.25040090E-8	2.06721562E-7	5.96243770E-5
3.56500000E+2	5.66648693E-9	1.82275322E-8	2.22938163E-7	4.82938508E-5
3.57000000E+2	4.91532922E-9	2.01177531E-8	2.35434019E-7	5.33019914E-5
3.57500000E+2	5.10490093E-9	2.09218154E-8	3.02548159E-7	5.54323547E-5
3.58000000E+2	4.68387687E-9	2.20031840E-8	2.55535265E-7	5.82974410E-5
3.58500000E+2	4.56871594E-9	2.79459688E-8	2.26173583E-7	7.40428508E-5
3.59000000E+2	4.11563403E-9	1.69794674E-8	2.53395541E-7	4.49871028E-5
3.59500000E+2	4.93354930E-9	1.99938798E-8	1.95072720E-7	5.29737892E-5
3.60000000E+2	3.82775524E-8	1.67847734E-8	2.53921751E-7	4.44712609E-5
3.60500000E+2	5.43665175E-9	1.80024784E-8	2.10077024E-7	4.76975705E-5
3.61000000E+2	5.39360142E-9	2.65204131E-8	2.70832594E-7	7.02658404E-5
3.61500000E+2	5.96445765E-9	1.76514532E-8	1.83114729E-7	4.67675292E-5
3.62000000E+2	4.24747209E-9	1.82183516E-8	2.28301740E-7	4.82695266E-5
3.62500000E+2	4.92698826E-9	1.66439393E-8	1.97822596E-7	4.40981210E-5
3.63000000E+2	3.85725741E-9	2.31517658E-8	1.95263877E-7	6.13406088E-5
3.63500000E+2	5.47709228E-9	1.89655479E-8	2.45883651E-7	5.02492236E-5
3.64000000E+2	8.96685929E-9	2.51196281E-8	2.82620045E-7	6.65544603E-5
3.64500000E+2	4.85602487E-9	1.79465618E-8	1.88919077E-7	4.75494194E-5
3.65000000E+2	2.90539773E-8	1.95123492E-8	2.41628338E-7	5.16979735E-5
3.65500000E+2	4.47067677E-9	1.61722534E-8	1.73353345E-7	4.28483891E-5
3.66000000E+2	3.99331522E-9	1.73370662E-8	1.99046139E-7	4.59345608E-5
3.66500000E+2	4.63013230E-9	2.38655433E-8	2.14434497E-7	6.32317623E-5
3.67000000E+2	5.50250940E-9	2.50066531E-8	2.49734805E-7	6.62551329E-5
3.67500000E+2	4.37825933E-9	1.90612956E-8	1.95203762E-7	5.05029069E-5
3.68000000E+2	8.17197670E-9	1.70681084E-8	2.24753736E-7	4.52219571E-5
3.68500000E+2	4.07467962E-9	1.66443614E-8	2.07883901E-7	4.40992393E-5
3.69000000E+2	4.72314656E-9	1.92391138E-8	1.89988417E-7	5.09740363E-5
3.69500000E+2	4.99273312E-9	1.95079643E-8	2.83057922E-7	5.16863557E-5
3.70000000E+2	2.92618255E-8	2.00797317E-8	2.24212849E-7	5.32012536E-5
3.70500000E+2	4.36898364E-9	2.26401425E-8	2.81644029E-7	5.99850626E-5
3.71000000E+2	4.15441838E-9	1.69093171E-8	2.18733634E-7	4.48012395E-5
3.71500000E+2	5.20445332E-9	1.87200359E-8	1.85212195E-7	4.95987392E-5
3.72000000E+2	5.26022671E-9	1.69281377E-8	2.03889024E-7	4.48511045E-5
3.72500000E+2	5.27261102E-9	2.02286438E-8	2.81626679E-7	5.35957964E-5
3.73000000E+2	5.06847821E-9	2.30465403E-8	3.18968994E-7	6.10618138E-5
3.73500000E+2	4.95303160E-9	2.09799626E-8	1.99367644E-7	5.55864156E-5
3.74000000E+2	4.48855756E-9	1.97743394E-8	2.20983168E-7	5.23921167E-5
3.74500000E+2	7.27485536E-9	2.28175310E-8	2.08429622E-7	6.04550535E-5
3.75000000E+2	2.25180934E-8	2.21569165E-8	2.07186413E-7	5.87047554E-5
3.75500000E+2	5.37035183E-9	1.90556671E-8	1.74249660E-7	5.04879944E-5
3.76000000E+2	4.67965566E-9	1.77695996E-8	2.22223180E-7	4.70805582E-5
3.76500000E+2	5.35649929E-9	2.03819810E-8	2.05473676E-7	5.40020634E-5
3.77000000E+2	5.34539251E-9	2.27619353E-8	2.05836637E-7	6.03077526E-5
3.77500000E+2	4.04434692E-9	2.88556379E-8	2.89244312E-7	7.64530191E-5
3.78000000E+2	8.42425163E-9	1.89461116E-8	2.40837982E-7	5.01977270E-5
3.78500000E+2	3.87018689E-9	3.07159152E-8	3.54116974E-7	8.13818242E-5
3.79000000E+2	4.07645589E-9	2.25402572E-8	2.17493428E-7	5.97204165E-5
3.79500000E+2	4.99796515E-9	2.04402834E-8	2.72181591E-7	5.41565356E-5
3.80000000E+2	2.48179238E-8	2.36189657E-8	1.92391241E-7	6.25784550E-5
3.80500000E+2	4.77301033E-9	1.80421360E-8	2.91042194E-7	4.78026433E-5
3.81000000E+2	5.01729112E-9	1.77495564E-8	3.24425755E-7	4.70274538E-5
3.81500000E+2	4.83938112E-9	2.05868446E-8	2.05985381E-7	5.45448493E-5
3.82000000E+2	5.38653807E-9	2.05184083E-8	2.92677747E-7	5.43635273E-5
3.82500000E+2	6.65883126E-9	1.97737242E-8	2.23045140E-7	5.23904866E-5
3.83000000E+2	4.99517881E-9	1.84913424E-8	1.76438222E-7	4.89928158E-5
3.83500000E+2	4.30419805E-9	1.90584960E-8	2.86974282E-7	5.04954896E-5
3.84000000E+2	4.15827659E-9	1.86326999E-8	2.17067328E-7	4.93673426E-5
3.84500000E+2	4.59773893E-9	2.12031616E-8	1.97013558E-7	5.61777813E-5
3.85000000E+2	2.65472385E-8	2.28071412E-8	2.93323499E-7	6.04275257E-5
3.85500000E+2	4.84038485E-9	1.54324378E-8	2.52279165E-7	4.08882473E-5
3.86000000E+2	4.10251679E-9	2.80278097E-8	2.20645288E-7	7.42596881E-5
3.86500000E+2	5.04021083E-9	1.91912015E-8	2.45825160E-7	5.08470927E-5
3.87000000E+2	4.28269858E-9	2.45655385E-8	2.07537230E-7	6.50863999E-5
3.87500000E+2	5.01033521E-9	1.84228755E-8	1.86800457E-7	4.88114128E-5
3.88000000E+2	5.29927751E-9	3.07106117E-8	3.53311348E-7	8.13677727E-5
3.88500000E+2	4.40660063E-9	1.92648622E-8	2.10951756E-7	5.10422568E-5
3.89000000E+2	6.45486485E-9	2.10194752E-8	1.75972199E-7	5.56911044E-5
3.89500000E+2	5.84488826E-9	1.82513417E-8	1.99565214E-7	4.83569339E-5
3.90000000E+2	4.51344750E-8	1.86380339E-8	2.04469549E-7	4.93814749E-5
3.90500000E+2	5.54448578E-9	1.78033719E-8	1.93564945E-7	4.71700379E-5
3.91000000E+2	4.71733214E-9	2.42282982E-8	2.05125901E-7	6.41928816E-5
3.91500000E+2	4.98210309E-9	2.17981037E-8	2.19223119E-7	5.77540808E-5
3.92000000E+2	4.88934350E-9	2.07314518E-8	2.09754409E-7	5.49279863E-5
3.92500000E+2	4.43838158E-9	2.47243303E-8	2.38061753E-7	6.55071186E-5
3.93000000E+2	6.72159735E-9	1.85022388E-8	1.96327159E-7	4.90216858E-5
3.93500000E+2	4.92321136E-9	2.18475919E-8	1.95918608E-7	5.78851996E-5
3.94000000E+2	5.35821886E-9	1.61322049E-8	2.22964680E-7	4.27422804E-5
3.94500000E+2	4.47927860E-9	2.22008490E-8	2.24830408E-7	5.88211544E-5
3.95000000E+2	2.75899191E-8	2.12572532E-8	2.07156690E-7	5.63210972E-5
3.95500000E+2	4.18995731E-9	2.27323216E-8	2.58624216E-7	6.02292913E-5
3.96000000E+2	3.98426523E-9	2.01892915E-8	2.31837617E-7	5.34915324E-5
3.96500000E+2	4.95050082E-9	1.71640481E-8	2.32333967E-7	4.54761494E-5
3.97000000E+2	5.60733664E-9	1.99960118E-8	2.31254986E-7	5.29794377E-5
3.97500000E+2	6.44264928E-9	2.63047756E-8	2.86144651E-7	6.96945088E-5
3.98000000E+2	6.18330245E-9	1.67028042E-8	2.47561935E-7	4.42540834E-5
3.98500000E+2	4.71030664E-9	1.83274228E-8	2.79233342E-7	4.85585108E-5
3.99000000E+2	5.73239453E-9	1.77807684E-8	2.86547164E-7	4.71101498E-5
3.99500000E+2	4.76599685E-9	2.12361066E-8	3.97712665E-7	5.62650693E-5
4.00000000E+2	2.38641100E-8	2.52346521E-8	5.38604642E-7	6.68592165E-5
4.00500000E+2	4.42296387E-9	2.15306186E-8	4.96546383E-7	5.70453788E-5
4.01000000E+2	5.37283507E-9	2.82627932E-8	3.76175789E-7	7.48822770E-5
4.01500000E+2	5.35204428E-9	1.85591422E-8	2.46418209E-7	4.91724514E-5
4.02000000E+2	6.03665704E-9	2.13525779E-8	2.69170434E-7	5.65736599E-5
4.02500000E+2	4.78413263E-9	2.49382728E-8	3.11962720E-7	6.60739594E-5
4.03000000E+2	4.89436817E-9	2.09650259E-8	2.24389029E-7	5.55468408E-5
4.03500000E+2	4.59953105E-9	2.43360564E-8	2.87152853E-7	6.44783869E-5
4.04000000E+2	4.90495213E-9	2.02166105E-8	2.27970242E-7	5.35639140E-5
4.04500000E+2	4.96340097E-9	2.11252896E-8	2.39570007E-7	5.59714596E-5
4.05000000E+2	3.22672765E-8	1.93151269E-8	3.03908886E-7	5.11754331E-5
4.05500000E+2	6.28081635E-9	1.98132236E-8	2.04460362E-7	5.24951405E-5
4.06000000E+2	4.34678590E-9	1.53639443E-8	2.13857970E-7	4.07067739E-5
4.06500000E+2	5.95676181E-9	1.63220984E-8	1.87401610E-7	4.32454035E-5
4.07000000E+2	7.72464988E-9	1.70009097E-8	2.58580155E-7	4.50439140E-5
4.07500000E+2	5.91987792E-9	2.09596385E-8	2.53558896E-7	5.55325669E-5
4.08000000E+2	4.49119071E-9	1.65646864E-8	1.85174750E-7	4.38881405E-5
4.08500000E+2	5.56893929E-9	1.88625083E-8	2.77508077E-7	4.99762200E-5
4.09000000E+2	5.66961758E-9	2.07743461E-8	2.37140265E-7	5.50416345E-5
4.09500000E+2	4.09638301E-9	1.86673200E-8	2.81803597E-7	4.94590686E-5
4.10000000E+2	3.65628471E-8	2.32072639E-8	2.14704340E-7	6.14876510E-5
4.10500000E+2	6.82976534E-9	1.99776149E-8	2.06053991E-7	5.29306951E-5
4.11000000E+2	5.23376893E-9	1.92435430E-8	1.87074761E-7	5.09857715E-5
4.11500000E+2	4.34221764E-9	2.23581051E-8	2.11253112E-7	5.92378045E-5
4.12000000E+2	4.05138861E-9	1.77184344E-8	2.10082492E-7	4.69449960E-5
4.12500000E+2	5.63816777E-9	2.26372836E-8	2.10594624E-7	5.99774880E-5
4.13000000E+2	4.68237847E-9	2.00360201E-8	1.96986717E-7	5.30854399E-5
4.13500000E+2	4.53418711E-9	2.14221530E-8	2.34144526E-7	5.67579991E-5
4.14000000E+2	6.22455421E-9	2.53125162E-8	2.59690845E-7	6.70655173E-5
4.14500000E+2	4.52154040E-9	1.95977345E-8	1.90947059E-7	5.19242018E-5
4.15000000E+2	3.36438640E-8	1.89122816E-8	2.09815790E-7	5.01080943E-5
4.15500000E+2	3.89421686E-9	1.88189640E-8	2.62453442E-7	4.98608494E-5
4.16000000E+2	4.19958199E-9	2.25428735E-8	1.99222389E-7	5.97273483E-5
4.16500000E+2	4.44625259E-9	2.31625190E-8	1.89713836E-7	6.13690993E-5
4.17000000E+2	5.06746689E-9	2.07496323E-8	2.09168001E-7	5.49761554E-5
4.17500000E+2	5.79106156E-9	1.98602258E-8	2.07471582E-7	5.26196727E-5
4.18000000E+2	4.47410233E-9	2.63804223E-8	2.43293718E-7	6.98949348E-5
4.18500000E+2	5.32072489E-9	1.70675017E-8	2.12336154E-7	4.52203496E-5
4.19000000E+2	4.77491666E-9	1.79823895E-8	3.19992444E-7	4.76443450E-5
4.19500000E+2	6.10575406E-9	1.96482471E-8	2.49760019E-7	5.20580352E-5
4.20000000E+2	3.23325559E-8	1.68848424E-8	2.60029522E-7	4.47363936E-5
4.20500000E+2	5.63702603E-9	2.33664573E-8	2.31902985E-7	6.19094339E-5
4.21000000E+2	4.72726651E-9	1.74602615E-8	1.94624248E-7	4.62609668E-5
4.21500000E+2	6.52808616E-9	1.93991356E-8	2.74614748E-7	5.13980142E-5
4.22000000E+2	4.61867685E-9	1.89395834E-8	2.34751613E-7	5.01804304E-5
4.22500000E+2	5.25903279E-9	1.91625269E-8	2.05285824E-7	5.07711194E-5
4.23000000E+2	4.97465613E-9	2.22071665E-8	2.53777310E-7	5.88378927E-5
4.23500000E+2	4.37043073E-9	1.75224514E-8	2.14063048E-7	4.64257390E-5
4.24000000E+2	5.41140529E-9	1.79478225E-8	2.13211101E-7	4.75527597E-5
4.24500000E+2	4.51805148E-9	1.95797197E-8	1.95482302E-7	5.18764718E-5
4.25000000E+2	2.34728199E-8	2.41878995E-8	1.85685850E-7	6.40858451E-5
4.25500000E+2	5.98056461E-9	2.31702384E-8	2.07631168E-7	6.13895518E-5
4.26000000E+2	4.10034080E-9	2.30577797E-8	2.26376884E-7	6.10915925E-5
4.26500000E+2	5.72122043E-9	1.85448879E-8	2.19204881E-7	4.91346848E-5
4.27000000E+2	5.15251172E-9	1.84547834E-8	1.88186992E-7	4.88959527E-5
4.27500000E+2	6.05482207E-9	2.28669525E-8	2.05383715E-7	6.05859957E-5
4.28000000E+2	4.80728018E-9	1.90577902E-8	2.00853347E-7	5.04936193E-5
4.28500000E+2	6.28095080E-9	1.89562213E-8	2.26331811E-7	5.02245127E-5
4.29000000E+2	4.11785287E-9	1.66521183E-8	1.84500888E-7	4.41197913E-5
4.29500000E+2	4.62291908E-9	2.56991100E-8	2.27140720E-7	6.80897977E-5
4.30000000E+2	3.23588697E-8	2.15771912E-8	1.82593174E-7	5.71687729E-5
4.30500000E+2	4.43579264E-9	3.03301595E-8	2.46223728E-7	8.03597644E-5
4.31000000E+2	5.46952563E-9	1.77740360E-8	1.85561374E-7	4.70923124E-5
4.31500000E+2	5.18949801E-9	2.63815605E-8	2.19711576E-7	6.98979504E-5
4.32000000E+2	4.69129163E-9	1.69800321E-8	1.84560033E-7	4.49885990E-5
4.32500000E+2	4.28452206E-9	2.08160135E-8	1.99162589E-7	5.51520325E-5
4.33000000E+2	7.21504755E-9	2.22675214E-8	1.76274930E-7	5.89978030E-5
4.33500000E+2	5.22759644E-9	2.66023550E-8	2.22586391E-7	7.04829455E-5
4.34000000E+2	5.05762841E-9	2.21039695E-8	1.85770068E-7	5.85644721E-5
4.34500000E+2	5.08430216E-9	1.61698214E-8	1.80232150E-7	4.28419455E-5
4.35000000E+2	1.70324529E-8	1.96527991E-8	2.44116289E-7	5.20700956E-5
4.35500000E+2	5.78411882E-9	1.93547970E-8	1.74062648E-7	5.12805390E-5
4.36000000E+2	4.62209866E-9	1.86538361E-8	1.91607226E-7	4.94233429E-5
4.36500000E+2	4.46146109E-9	2.20637433E-8	2.00438998E-7	5.84578928E-5
4.37000000E+2	4.38236677E-9	1.76414249E-8	1.86978496E-7	4.67409593E-5
4.37500000E+2	4.48909974E-9	2.56236523E-8	2.45955478E-7	6.78898727E-5
4.38000000E+2	4.66830867E-9	2.12628600E-8	2.45250378E-7	5.63359525E-5
4.38500000E+2	4.75738460E-9	1.81975500E-8	2.11182435E-7	4.82144129E-5
4.39000000E+2	5.27340579E-9	2.90587362E-8	2.97741541E-7	7.69911281E-5
4.39500000E+2	4.16594686E-9	1.78856683E-8	2.17449777E-7	4.73880822E-5
4.40000000E+2	4.13845188E-8	1.99586290E-8	3.20879113E-7	5.28803922E-5
4.40500000E+2	4.81258733E-9	1.98488990E-8	1.96670525E-7	5.25896624E-5
4.41000000E+2	5.15678411E-9	2.24480265E-8	2.06235591E-7	5.94760514E-5
4.41500000E+2	4.73743608E-9	3.26048519E-8	3.03341396E-7	8.63865624E-5
4.42000000E+2	5.33069762E-9	1.74813821E-8	2.04935183E-7	4.63169257E-5
4.42500000E+2	4.54279411E-9	2.33652036E-8	2.30158878E-7	6.19061121E-5
4.43000000E+2	5.25358460E-9	2.53088350E-8	2.32498496E-7	6.70557640E-5
4.43500000E+2	6.14630227E-9	2.08377694E-8	2.06958546E-7	5.52096746E-5
4.44000000E+2	6.17841205E-9	1.94245210E-8	2.35562535E-7	5.14652727E-5
4.44500000E+2	4.74277448E-9	1.75541033E-8	2.31336863E-7	4.65096006E-5
4.45000000E+2	2.18285796E-8	1.96434276E-8	2.61755797E-7	5.20452660E-5
4.45500000E+2	6.81101974E-9	2.68109753E-8	2.63508700E-7	7.10356852E-5
4.46000000E+2	5.14319113E-9	2.00157409E-8	3.30238460E-7	5.30317101E-5
4.46500000E+2	5.22734618E-9	1.79318642E-8	2.69033137E-7	4.75104783E-5
4.47000000E+2	4.49157891E-9	1.70375908E-8	2.97444476E-7	4.51411008E-5
4.47500000E+2	5.59920613E-9	1.93488947E-8	2.56963699E-7	5.12649008E-5
4.48000000E+2	4.35835893E-9	2.34158093E-8	3.48106734E-7	6.20401920E-5
4.48500000E+2	5.20331476E-9	2.08173064E-8	3.38904503E-7	5.51554581E-5
4.49000000E+2	4.52319446E-9	1.61936551E-8	5.10745078E-7	4.29050928E-5
4.49500000E+2	4.84986018E-9	1.62670197E-8	1.06209870E-6	4.30994722E-5
4.50000000E+2	3.73460097E-8	2.54028383E-8	2.17816168E-6	6.73048258E-5
4.50500000E+2	4.54034470E-9	2.48464367E-8	1.43272756E-6	6.58306397E-5
4.51000000E+2	6.20874696E-9	1.92243073E-8	6.95566291E-7	5.09348066E-5
4.51500000E+2	4.47796811E-9	2.24918422E-8	4.23144986E-7	5.95921410E-5
4.52000000E+2	5.38639274E-9	1.87995450E-8	4.17748928E-7	4.98093988E-5
4.52500000E+2	4.83877932E-9	2.13104064E-8	2.70640524E-7	5.64619266E-5
4.53000000E+2	7.45250315E-9	1.68481496E-8	2.48093521E-7	4.46391761E-5
4.53500000E+2	5.50376085E-9	1.83313419E-8	2.49914736E-7	4.85688944E-5
4.54000000E+2	4.25851509E-9	2.66149162E-8	2.36848316E-7	7.05162264E-5
4.54500000E+2	5.02992212E-9	2.21375489E-8	2.18679445E-7	5.86534407E-5
4.55000000E+2	1.58524806E-8	2.28237469E-8	2.24115352E-7	6.04715226E-5
4.55500000E+2	4.67918492E-9	1.93277858E-8	2.69540682E-7	5.12089728E-5
4.56000000E+2	6.81673713E-9	1.87252362E-8	2.32873668E-7	4.96125175E-5
4.56500000E+2	5.96343812E-9	2.74291210E-8	2.57137616E-7	7.26734624E-5
4.57000000E+2	4.81001691E-9	1.89981984E-8	2.07476651E-7	5.03357308E-5
4.57500000E+2	5.35384217E-9	2.11917541E-8	2.01591809E-7	5.61475574E-5
4.58000000E+2	5.00606148E-9	1.95863701E-8	2.00830265E-7	5.18940921E-5
4.58500000E+2	5.58338284E-9	2.25383301E-8	2.44324800E-7	5.97153106E-5
4.59000000E+2	5.11293164E-9	2.07885450E-8	1.92307220E-7	5.50792546E-5
4.59500000E+2	4.49978078E-9	1.90863123E-8	2.44213425E-7	5.05691888E-5
4.60000000E+2	3.14500288E-8	2.69138906E-8	2.34068466E-7	7.13083592E-5
4.60500000E+2	5.19691887E-9	1.91360261E-8	1.86700423E-7	5.07009055E-5
4.61000000E+2	5.47696923E-9	1.75840678E-8	1.72057090E-7	4.65889917E-5
4.61500000E+2	4.42995153E-9	3.55177996E-8	2.42054205E-7	9.41044181E-5
4.62000000E+2	6.24585010E-9	1.98344941E-8	1.92465423E-7	5.25514967E-5
4.62500000E+2	4.98785674E-9	1.97190386E-8	1.72797967E-7	5.22455972E-5
4.63000000E+2	4.74609276E-9	1.95205954E-8	1.70076842E-7	5.17198219E-5
4.63500000E+2	4.10518645E-9	1.89333789E-8	1.98377116E-7	5.01639916E-5
4.64000000E+2	6.78331650E-9	1.93878895E-8	2.56606270E-7	5.13682177E-5
4.64500000E+2	5.89995219E-9	2.83648326E-8	1.93259554E-7	7.51526304E-5
4.65000000E+2	2.77294742E-8	1.77498195E-8	2.28151082E-7	4.70281508E-5
4.65500000E+2	5.36640546E-9	1.87743049E-8	2.03758668E-7	4.97425251E-5
4.66000000E+2	4.88535019E-9	1.87650929E-8	1.99559806E-7	4.97181179E-5
4.66500000E+2	5.74457475E-9	1.97010107E-8	1.79266678E-7	5.21978323E-5
4.67000000E+2	4.55953334E-9	2.04364968E-8	2.52190666E-7	5.41465028E-5
4.67500000E+2	4.39109692E-9	1.69804547E-8	2.69260130E-7	4.49897185E-5
4.68000000E+2	7.88020011E-9	2.66552716E-8	2.86722427E-7	7.06231482E-5
4.68500000E+2	4.49597661E-9	2.12653325E-8	1.77546184E-7	5.63425031E-5
4.69000000E+2	4.20041529E-9	2.12445958E-8	1.88730211E-7	5.62875612E-5
4.69500000E+2	6.64772174E-9	1.67923140E-8	2.03778857E-7	4.44912397E-5
4.70000000E+2	2.34736172E-8	1.75083108E-8	2.21437851E-7	4.63882734E-5
4.70500000E+2	5.40445212E-9	2.08344373E-8	2.07383245E-7	5.52008463E-5
4.71000000E+2	4.41015308E-9	1.93062786E-8	1.93187398E-7	5.11519896E-5
4.71500000E+2	5.36306152E-9	2.18892720E-8	1.82062610E-7	5.79956310E-5
4.72000000E+2	4.29631217E-9	2.45029282E-8	1.99320937E-7	6.49205138E-5
4.72500000E+2	4.93418118E-9	1.85042091E-8	2.14679323E-7	4.90269062E-5
4.73000000E+2	6.50029279E-9	2.04892124E-8	1.94242983E-7	5.42861729E-5
4.73500000E+2	5.00934325E-9	1.74793106E-8	2.24626434E-7	4.63114374E-5
4.74000000E+2	5.32478762E-9	1.71802495E-8	2.33579234E-7	4.55190750E-5
4.74500000E+2	4.62853219E-9	2.81117439E-8	2.68260764E-7	7.44820718E-5
4.75000000E+2	2.12591777E-8	2.37990003E-8	1.87071194E-7	6.30554567E-5
4.75500000E+2	4.63564081E-9	1.72089188E-8	1.93401139E-7	4.55950341E-5
4.76000000E+2	6.57341435E-9	2.86397297E-8	2.71906051E-7	7.58809704E-5
4.76500000E+2	5.70741088E-9	1.59275126E-8	1.93342210E-7	4.21999483E-5
4.77000000E+2	5.30320802E-9	1.75800759E-8	2.01248284E-7	4.65784150E-5
4.77500000E+2	5.25224732E-9	2.79487550E-8	2.20186908E-7	7.40502326E-5
4.78000000E+2	4.66885672E-9	1.73259148E-8	1.90775766E-7	4.59050153E-5
4.78500000E+2	4.44662874E-9	1.97664024E-8	2.24350159E-7	5.23710877E-5
4.79000000E+2	5.22727114E-9	3.03911961E-8	2.49281801E-7	8.05214810E-5
4.79500000E+2	6.32028628E-9	2.76667765E-8	3.07643017E-7	7.33031305E-5
4.80000000E+2	2.74899931E-8	2.66852243E-8	2.36142227E-7	7.07025079E-5
4.80500000E+2	4.63751157E-9	2.43481245E-8	2.46255939E-7	6.45103614E-5
4.81000000E+2	5.67213959E-9	1.50125033E-8	2.82570050E-7	3.97756308E-5
4.81500000E+2	7.50323081E-9	3.02266053E-8	3.60392363E-7	8.00853974E-5
4.82000000E+2	4.64783625E-9	2.02792986E-8	3.38173388E-7	5.37300062E-5
4.82500000E+2	4.45967235E-9	2.04787412E-8	3.58696730E-7	5.42584295E-5
4.83000000E+2	5.16618391E-9	2.22391380E-8	4.86681135E-7	5.89226011E-5
4.83500000E+2	7.61515409E-9	1.84260443E-8	5.32339181E-7	4.88198086E-5
4.84000000E+2	6.63954386E-9	1.83681650E-8	4.78639055E-7	4.86664574E-5
4.84500000E+2	5.56326543E-9	1.99647140E-8	4.45689324E-7	5.28965142E-5
4.85000000E+2	2.08491104E-8	1.99337024E-8	4.64194457E-7	5.28143491E-5
4.85500000E+2	4.70303410E-9	1.83033344E-8	4.25676825E-7	4.84946887E-5
4.86000000E+2	7.93234959E-9	2.41424387E-8	3.57404211E-7	6.39653968E-5
4.86500000E+2	4.56875507E-9	1.70699399E-8	4.30514991E-7	4.52268097E-5
4.87000000E+2	4.56877151E-9	2.00621072E-8	7.37336502E-7	5.31545576E-5
4.87500000E+2	6.00290358E-9	1.75218052E-8	3.83374285E-7	4.64240268E-5
4.88000000E+2	4.51165873E-9	2.19646307E-8	3.77834452E-7	5.81952939E-5
4.88500000E+2	4.86120288E-9	1.90303358E-8	3.44122324E-7	5.04208790E-5
4.89000000E+2	4.65907501E-9	2.11820139E-8	2.49827168E-7	5.61217507E-5
4.89500000E+2	4.86251890E-9	1.85164391E-8	2.32947980E-7	4.90593096E-5
4.90000000E+2	2.57685230E-8	1.90639896E-8	2.36356757E-7	5.05100447E-5
4.90500000E+2	4.50301411E-9	1.56527382E-8	2.80324318E-7	4.14719334E-5
4.91000000E+2	6.09951832E-9	2.81613785E-8	2.08993050E-7	7.46135786E-5
4.91500000E+2	6.89358283E-9	2.07006878E-8	2.07122172E-7	5.48464769E-5
4.92000000E+2	4.28316444E-9	2.75554017E-8	2.20989107E-7	7.30080431E-5
4.92500000E+2	5.41176592E-9	2.15700171E-8	2.07030750E-7	5.71497653E-5
4.93000000E+2	5.67986088E-9	1.95795958E-8	1.98370220E-7	5.18761434E-5
4.93500000E+2	6.35433452E-9	3.53285893E-8	2.66550636E-7	9.36031054E-5
4.94000000E+2	4.46482083E-9	1.67789200E-8	2.07388113E-7	4.44557522E-5
4.94500000E+2	5.60093833E-9	1.95433317E-8	1.81879948E-7	5.17800618E-5
4.95000000E+2	3.68360586E-8	1.69169871E-8	1.99510695E-7	4.48215613E-5
4.95500000E+2	4.88671671E-9	2.13520475E-8	1.80406684E-7	5.65722547E-5
4.96000000E+2	5.13288067E-9	2.03468964E-8	2.28150793E-7	5.39091065E-5
4.96500000E+2	5.53747520E-9	2.53174557E-8	1.72139807E-7	6.70786045E-5
4.97000000E+2	5.91116880E-9	1.75452924E-8	2.08078537E-7	4.64862562E-5
4.97500000E+2	4.95883746E-9	1.82350777E-8	2.70648661E-7	4.83138425E-5
4.98000000E+2	5.32137338E-9	1.71789779E-8	2.33553143E-7	4.55157059E-5
4.98500000E+2	4.83179409E-9	2.37229973E-8	2.73579205E-7	6.28540867E-5
4.99000000E+2	4.32577579E-9	2.00509653E-8	3.62508311E-7	5.31250370E-5
4.99500000E+2	4.88568675E-9	1.63392999E-8	6.29149668E-7	4.32909786E-5
