0.00000000E+0	1.67717847E-8	2.80171222E-7	2.93772075E-3	9.01754537E-4
5.00000000E-1	5.35804847E-9	2.60149622E-7	1.42831739E-4	8.37313341E-4
1.00000000E+0	4.63621173E-9	1.83007879E-7	7.91015703E-5	5.89026184E-4
1.50000000E+0	6.03248634E-9	1.71736860E-7	5.28207591E-5	5.52749464E-4
2.00000000E+0	4.53899953E-9	1.94460901E-7	3.58884054E-5	6.25888692E-4
2.50000000E+0	4.94066882E-9	1.34104720E-7	2.45937907E-5	4.31627271E-4
3.00000000E+0	4.82107904E-9	9.61792776E-8	2.22107304E-5	3.09561058E-4
3.50000000E+0	8.43372215E-9	9.25031919E-8	1.81964646E-5	2.97729269E-4
4.00000000E+0	4.42797433E-9	9.92888602E-8	1.45473093E-5	3.19569511E-4
4.50000000E+0	5.84785124E-9	1.11536866E-7	1.28571899E-5	3.58990742E-4
5.00000000E+0	3.43990266E-3	1.06875025E-6	1.09820584E-5	3.43986216E-3
5.50000000E+0	5.46476753E-9	9.76042899E-8	9.71041416E-6	3.14147580E-4
6.00000000E+0	5.09285443E-9	7.43200123E-8	9.23560210E-6	2.39205183E-4
6.50000000E+0	6.52336150E-9	9.78466036E-8	8.44381763E-6	3.14927487E-4
7.00000000E+0	5.61582509E-9	7.75504835E-8	8.24890900E-6	2.49602725E-4
7.50000000E+0	7.23203163E-9	7.25086611E-8	7.08893531E-6	2.33375197E-4
8.00000000E+0	4.54154755E-9	6.41429211E-8	6.86515852E-6	2.06449363E-4
8.50000000E+0	6.10959783E-9	6.48901547E-8	6.66018285E-6	2.08854397E-4
9.00000000E+0	5.08823428E-9	5.34563204E-8	6.03875440E-6	1.72053644E-4
9.50000000E+0	3.97874519E-9	6.30099564E-8	5.99101525E-6	2.02802821E-4
1.00000000E+1	1.79144205E-8	6.10196265E-8	5.48853775E-6	1.96396777E-4
1.05000000E+1	4.62950044E-9	7.56625428E-8	5.32011218E-6	2.43526230E-4
1.10000000E+1	5.61157244E-9	6.45645658E-8	5.04782021E-6	2.07806462E-4
1.15000000E+1	5.63441222E-9	5.27359183E-8	4.75389237E-6	1.69734969E-4
1.20000000E+1	4.87875443E-9	5.70642814E-8	4.63429903E-6	1.83666168E-4
1.25000000E+1	5.44865075E-9	5.05716279E-8	4.53246600E-6	1.62769019E-4
1.30000000E+1	4.20366081E-9	4.87450983E-8	4.40736288E-6	1.56890181E-4
1.35000000E+1	6.03160972E-9	5.44501949E-8	3.95630643E-6	1.75252512E-4
1.40000000E+1	4.53345976E-9	7.33678153E-8	3.85067420E-6	2.36140457E-4
1.45000000E+1	5.62414839E-9	5.65576742E-8	3.70239845E-6	1.82035610E-4
1.50000000E+1	1.91805657E-8	4.39538063E-8	3.75491078E-6	1.41469006E-4
1.55000000E+1	4.33057884E-9	5.58766667E-8	3.57456662E-6	1.79843731E-4
1.60000000E+1	4.41789765E-9	6.08706302E-8	3.37929535E-6	1.95917220E-4
1.65000000E+1	4.53279553E-9	4.83399913E-8	3.21560824E-6	1.55586310E-4
1.70000000E+1	4.09337458E-9	5.79695726E-8	3.24387800E-6	1.86579923E-4
1.75000000E+1	5.33991254E-9	4.15200314E-8	3.34391498E-6	1.33635698E-4
1.80000000E+1	6.06367680E-9	5.87117851E-8	2.90749260E-6	1.88968797E-4
1.85000000E+1	4.39309827E-9	3.96835744E-8	3.07561958E-6	1.27724907E-4
1.90000000E+1	6.74423276E-9	4.91236555E-8	3.01097605E-6	1.58108599E-4
1.95000000E+1	4.69771413E-9	6.15265237E-8	2.74445199E-6	1.98028269E-4
2.00000000E+1	2.38835390E-8	4.08085330E-8	2.73713524E-6	1.31345681E-4
2.05000000E+1	4.22951395E-9	4.22445323E-8	2.66161714E-6	1.35967565E-4
2.10000000E+1	5.35360364E-9	4.90099822E-8	2.51723395E-6	1.57742731E-4
2.15000000E+1	4.59250943E-9	4.36908748E-8	2.68470587E-6	1.40622739E-4
2.20000000E+1	5.62806491E-9	8.05584313E-8	2.17819973E-6	2.59284057E-4
2.25000000E+1	5.57697447E-9	4.12660298E-8	2.42212509E-6	1.32818172E-4
2.30000000E+1	4.30440710E-9	7.59313548E-8	2.11455067E-6	2.44391424E-4
2.35000000E+1	5.02167627E-9	4.48140625E-8	2.21692805E-6	1.44237813E-4
2.40000000E+1	7.80035039E-9	3.91480381E-8	2.23889114E-6	1.26001239E-4
2.45000000E+1	4.68026278E-9	3.86111680E-8	2.15006143E-6	1.24273277E-4
2.50000000E+1	2.04976707E-8	5.66401492E-8	2.13485477E-6	1.82301063E-4
2.55000000E+1	4.97788592E-9	4.19293235E-8	2.08569306E-6	1.34953039E-4
2.60000000E+1	4.67083258E-9	3.62002390E-8	2.05270359E-6	1.16513500E-4
2.65000000E+1	6.58435180E-9	4.94660183E-8	2.04674021E-6	1.59210522E-4
2.70000000E+1	4.43605360E-9	4.45464984E-8	1.97136690E-6	1.43376635E-4
2.75000000E+1	4.12776486E-9	3.68538510E-8	2.02094597E-6	1.18617206E-4
2.80000000E+1	4.62141883E-9	4.06355127E-8	1.98755170E-6	1.30788800E-4
2.85000000E+1	4.13906031E-9	4.19920309E-8	1.74485690E-6	1.35154868E-4
2.90000000E+1	7.69812782E-9	3.53430480E-8	1.85100893E-6	1.13754560E-4
2.95000000E+1	4.34155125E-9	3.90997311E-8	1.94141046E-6	1.25845759E-4
3.00000000E+1	3.03738324E-8	4.33517917E-8	1.85040286E-6	1.39531372E-4
3.05000000E+1	4.74968558E-9	4.67883422E-8	1.60567463E-6	1.50592197E-4
3.10000000E+1	4.67645594E-9	5.42398397E-8	1.52868352E-6	1.74575466E-4
3.15000000E+1	4.92788216E-9	4.27307504E-8	1.68984148E-6	1.37532498E-4
3.20000000E+1	5.16742586E-9	3.40179128E-8	1.57978100E-6	1.09489501E-4
3.25000000E+1	4.17603618E-9	3.52101945E-8	1.58027351E-6	1.13326959E-4
3.30000000E+1	5.65128607E-9	3.52156030E-8	1.54329925E-6	1.13344367E-4
3.35000000E+1	4.44121559E-9	3.50071190E-8	1.60571800E-6	1.12673344E-4
3.40000000E+1	4.63712163E-9	3.42191722E-8	1.48169025E-6	1.10137271E-4
3.45000000E+1	5.83951504E-9	3.95020454E-8	1.51529448E-6	1.27140641E-4
3.50000000E+1	3.57282932E-8	3.86776455E-8	1.51079576E-6	1.24487241E-4
3.55000000E+1	5.96748532E-9	3.98690512E-8	1.41277685E-6	1.28321880E-4
3.60000000E+1	4.33378944E-9	3.43250257E-8	1.39055903E-6	1.10477969E-4
3.65000000E+1	4.21310999E-9	4.20160529E-8	1.40899824E-6	1.35232184E-4
3.70000000E+1	4.88081174E-9	3.19947384E-8	1.30461988E-6	1.02977745E-4
3.75000000E+1	4.57701610E-9	3.43553698E-8	1.49949922E-6	1.10575634E-4
3.80000000E+1	4.70843842E-9	3.96554366E-8	1.20421043E-6	1.27634343E-4
3.85000000E+1	7.71266887E-9	3.91262688E-8	1.63405653E-6	1.25931172E-4
3.90000000E+1	6.36871310E-9	3.84664123E-8	1.25727880E-6	1.23807369E-4
3.95000000E+1	3.99548707E-9	2.89166050E-8	1.65459015E-6	9.30705146E-5
4.00000000E+1	4.14669350E-8	6.75326919E-8	1.16663443E-6	2.17359624E-4
4.05000000E+1	5.08107153E-9	3.24534744E-8	1.52633061E-6	1.04454225E-4
4.10000000E+1	6.71463409E-9	3.81218963E-8	1.33495967E-6	1.22698516E-4
4.15000000E+1	5.54070256E-9	3.09143940E-8	1.58264806E-6	9.95005656E-5
4.20000000E+1	4.93384910E-9	3.60655464E-8	1.50708801E-6	1.16079981E-4
4.25000000E+1	7.22038751E-9	3.13780310E-8	1.31514695E-6	1.00992820E-4
4.30000000E+1	3.98433327E-9	3.78504836E-8	1.53503072E-6	1.21824951E-4
4.35000000E+1	5.67511585E-9	2.91196876E-8	1.65648478E-6	9.37241530E-5
4.40000000E+1	4.50908371E-9	3.42568119E-8	1.49936058E-6	1.10258417E-4
4.45000000E+1	4.63338784E-9	2.68125455E-8	1.62683912E-6	8.62984228E-5
4.50000000E+1	4.76023688E-8	4.81324858E-8	1.64710737E-6	1.54918436E-4
4.55000000E+1	5.16517316E-9	3.75616462E-8	1.81003063E-6	1.20895303E-4
4.60000000E+1	4.91598973E-9	3.43723347E-8	2.09625222E-6	1.10630237E-4
4.65000000E+1	5.92633635E-9	4.41791448E-8	2.32293337E-6	1.42194277E-4
4.70000000E+1	5.30913095E-9	4.44464686E-8	2.66260152E-6	1.43054681E-4
4.75000000E+1	3.84753682E-9	4.14659997E-8	3.31275908E-6	1.33461792E-4
4.80000000E+1	5.62370457E-9	3.12439702E-8	4.05987836E-6	1.00561334E-4
4.85000000E+1	5.69023604E-9	3.08977438E-8	5.35715690E-6	9.94469758E-5
4.90000000E+1	5.56088176E-9	3.06702206E-8	8.38139815E-6	9.87146732E-5
4.95000000E+1	4.27702705E-9	3.31034269E-8	1.70399668E-5	1.06546151E-4
5.00000000E+1	6.07720916E-8	6.15504613E-8	5.48371393E-4	1.98105314E-4
5.05000000E+1	6.22307063E-9	3.70052621E-8	1.95934064E-5	1.19104535E-4
5.10000000E+1	6.62653636E-9	3.56427645E-8	9.76866750E-6	1.14719222E-4
5.15000000E+1	4.64449342E-9	2.98822638E-8	6.74050034E-6	9.61785683E-5
5.20000000E+1	4.60361249E-9	3.98439194E-8	5.20376366E-6	1.28240991E-4
5.25000000E+1	4.10485247E-9	2.72620101E-8	4.33728848E-6	8.77450623E-5
5.30000000E+1	4.99641615E-9	3.94783682E-8	3.63958884E-6	1.27064434E-4
5.35000000E+1	6.05804102E-9	4.73686647E-8	3.18874869E-6	1.52460014E-4
5.40000000E+1	5.14754740E-9	3.41884343E-8	2.89989946E-6	1.10038339E-4
5.45000000E+1	7.54395407E-9	2.97720501E-8	2.78185386E-6	9.58238361E-5
5.50000000E+1	2.83316004E-8	3.01402491E-8	2.46479315E-6	9.70089155E-5
5.55000000E+1	5.16193903E-9	2.86950339E-8	2.25594674E-6	9.23573693E-5
5.60000000E+1	4.02848376E-9	4.87028308E-8	2.42852684E-6	1.56754139E-4
5.65000000E+1	4.62342037E-9	2.83396807E-8	2.04179356E-6	9.12136355E-5
5.70000000E+1	5.07420072E-9	3.04963181E-8	1.90419910E-6	9.81549533E-5
5.75000000E+1	4.46866246E-9	3.41804672E-8	1.98575417E-6	1.10012696E-4
5.80000000E+1	5.69013383E-9	4.00183081E-8	1.74684328E-6	1.28802276E-4
5.85000000E+1	4.64242226E-9	2.84809753E-8	1.82677055E-6	9.16684037E-5
5.90000000E+1	4.35320641E-9	2.81129050E-8	1.77796169E-6	9.04837387E-5
5.95000000E+1	7.10616196E-9	3.32263450E-8	1.78758705E-6	1.06941774E-4
6.00000000E+1	2.62231639E-8	2.97359902E-8	1.73077199E-6	9.57077744E-5
6.05000000E+1	4.83201031E-9	2.85105874E-8	1.63708533E-6	9.17637128E-5
6.10000000E+1	6.16043495E-9	2.93097195E-8	1.51202548E-6	9.43357863E-5
6.15000000E+1	5.78112904E-9	3.31602697E-8	1.50464402E-6	1.06729105E-4
6.20000000E+1	3.81082080E-9	3.69151651E-8	1.45493756E-6	1.18814550E-4
6.25000000E+1	4.41302822E-9	3.04937934E-8	1.40881037E-6	9.81468274E-5
6.30000000E+1	5.30448094E-9	3.59299904E-8	1.33106609E-6	1.15643683E-4
6.35000000E+1	4.37937028E-9	2.70142382E-8	1.32116640E-6	8.69475877E-5
6.40000000E+1	4.67849445E-9	5.13542269E-8	1.55768895E-6	1.65287879E-4
6.45000000E+1	4.29131221E-9	2.81245212E-8	1.32915235E-6	9.05211265E-5
6.50000000E+1	2.36077338E-8	2.94057071E-8	1.29859107E-6	9.46447307E-5
6.55000000E+1	4.52383755E-9	3.26809603E-8	1.17065198E-6	1.05186407E-4
6.60000000E+1	5.82926705E-9	3.00810093E-8	1.18224657E-6	9.68182472E-5
6.65000000E+1	4.58419997E-9	2.82950728E-8	1.27749914E-6	9.10700612E-5
6.70000000E+1	4.35027695E-9	2.74083939E-8	1.19734035E-6	8.82162110E-5
6.75000000E+1	4.57917445E-9	3.94650016E-8	1.24392341E-6	1.27021412E-4
6.80000000E+1	4.97040810E-9	3.30508893E-8	1.12637408E-6	1.06377055E-4
6.85000000E+1	7.03460610E-9	3.25311187E-8	1.09848899E-6	1.04704130E-4
6.90000000E+1	4.11915374E-9	2.60929268E-8	1.15757423E-6	8.39822699E-5
6.95000000E+1	5.22064329E-9	2.85969763E-8	1.10419324E-6	9.20417629E-5
7.00000000E+1	3.71855430E-8	2.63147229E-8	1.23754624E-6	8.46961391E-5
7.05000000E+1	4.91449875E-9	2.86031845E-8	1.20785347E-6	9.20617443E-5
7.10000000E+1	6.07479492E-9	2.45575630E-8	1.16218007E-6	7.90405727E-5
7.15000000E+1	5.90861255E-9	3.81093287E-8	1.26556608E-6	1.22658065E-4
7.20000000E+1	4.26296315E-9	3.07589513E-8	1.15367623E-6	9.90002605E-5
7.25000000E+1	5.53674444E-9	2.61518871E-8	1.09632883E-6	8.41720385E-5
7.30000000E+1	5.33299567E-9	2.54169645E-8	1.06711286E-6	8.18066286E-5
7.35000000E+1	6.62817357E-9	2.41573809E-8	9.88886691E-7	7.77525534E-5
7.40000000E+1	4.27346338E-9	2.87504972E-8	1.04645272E-6	9.25358826E-5
7.45000000E+1	5.19910658E-9	2.49257845E-8	1.05587743E-6	8.02257244E-5
7.50000000E+1	4.05928959E-8	3.50708355E-8	1.06053429E-6	1.12878421E-4
7.55000000E+1	4.37262057E-9	2.57527993E-8	9.47907230E-7	8.28875411E-5
7.60000000E+1	5.00017999E-9	2.25704857E-8	1.04947820E-6	7.26449982E-5
7.65000000E+1	4.10860427E-9	3.53052357E-8	8.92354829E-7	1.13632858E-4
7.70000000E+1	4.66179718E-9	3.13410660E-8	9.43564729E-7	1.00873845E-4
7.75000000E+1	4.71741103E-9	3.51855816E-8	1.09937001E-6	1.13247741E-4
7.80000000E+1	4.97795235E-9	3.51277983E-8	7.58154789E-7	1.13061760E-4
7.85000000E+1	5.31812833E-9	3.72835307E-8	1.06428937E-6	1.20000166E-4
7.90000000E+1	4.57001646E-9	2.33216131E-8	8.55946606E-7	7.50625646E-5
7.95000000E+1	9.60078155E-9	2.89599700E-8	1.02023293E-6	9.32100883E-5
8.00000000E+1	5.53521260E-8	3.05519729E-8	1.02655480E-6	9.83340832E-5
8.05000000E+1	4.51855702E-9	2.73157807E-8	1.05597348E-6	8.79181274E-5
8.10000000E+1	4.43066069E-9	2.56063458E-8	9.08435444E-7	8.24161680E-5
8.15000000E+1	6.20610071E-9	4.17064004E-8	8.52424737E-7	1.34235542E-4
8.20000000E+1	6.24960710E-9	3.15151815E-8	9.49844385E-7	1.01434251E-4
8.25000000E+1	4.73672469E-9	2.58961168E-8	1.03648624E-6	8.33488202E-5
8.30000000E+1	4.78331804E-9	2.32708524E-8	8.66696164E-7	7.48991871E-5
8.35000000E+1	5.02259349E-9	3.55141685E-8	8.97710516E-7	1.14305325E-4
8.40000000E+1	4.86813248E-9	2.90638510E-8	8.11928282E-7	9.35444381E-5
8.45000000E+1	5.04921862E-9	2.97344314E-8	8.64002065E-7	9.57027572E-5
8.50000000E+1	2.44692177E-8	2.40679582E-8	8.14669890E-7	7.74647388E-5
8.55000000E+1	7.87970530E-9	3.17547617E-8	8.31325907E-7	1.02205360E-4
8.60000000E+1	4.58635089E-9	2.78873431E-8	7.98204923E-7	8.97577491E-5
8.65000000E+1	5.49019016E-9	3.07280699E-8	9.58561856E-7	9.89008659E-5
8.70000000E+1	5.54764116E-9	4.04434506E-8	1.10373412E-6	1.30170632E-4
8.75000000E+1	4.91471724E-9	3.51154186E-8	8.43736359E-7	1.13021915E-4
8.80000000E+1	4.87222816E-9	2.46715467E-8	8.41395042E-7	7.94074390E-5
8.85000000E+1	5.35456128E-9	2.44541361E-8	7.98417412E-7	7.87076846E-5
8.90000000E+1	5.04672872E-9	3.19111031E-8	8.36687958E-7	1.02708557E-4
8.95000000E+1	4.68456561E-9	2.63110685E-8	7.15880891E-7	8.46843771E-5
9.00000000E+1	4.86429665E-8	3.03398330E-8	8.32015540E-7	9.76512929E-5
9.05000000E+1	6.64343567E-9	2.57540232E-8	8.95782167E-7	8.28914803E-5
9.10000000E+1	4.87769689E-9	3.21517723E-8	8.81287408E-7	1.03483171E-4
9.15000000E+1	4.85692366E-9	2.55059546E-8	8.37663907E-7	8.20930505E-5
9.20000000E+1	4.27451264E-9	3.06929676E-8	8.54032285E-7	9.87878863E-5
9.25000000E+1	4.32581400E-9	3.15899108E-8	7.53410383E-7	1.01674773E-4
9.30000000E+1	4.01890634E-9	2.48859561E-8	8.34894782E-7	8.00975335E-5
9.35000000E+1	4.41008705E-9	2.84796487E-8	8.72999208E-7	9.16641342E-5
9.40000000E+1	4.23980230E-9	2.54398831E-8	8.71851215E-7	8.18803940E-5
9.45000000E+1	4.32358170E-9	2.43529971E-8	7.87164922E-7	7.83821603E-5
9.50000000E+1	3.38208751E-8	2.72708097E-8	6.15862369E-7	8.77733844E-5
9.55000000E+1	5.07984907E-9	2.72369085E-8	7.33630225E-7	8.76642707E-5
9.60000000E+1	4.29016684E-9	3.23943901E-8	7.95149852E-7	1.04264057E-4
9.65000000E+1	4.55008804E-9	2.41008644E-8	7.38328129E-7	7.75706500E-5
9.70000000E+1	5.07239356E-9	2.75841674E-8	7.52660970E-7	8.87819524E-5
9.75000000E+1	5.64607315E-9	2.71398438E-8	6.84764605E-7	8.73518600E-5
9.80000000E+1	6.60586120E-9	3.13600583E-8	6.92487626E-7	1.00934974E-4
9.85000000E+1	5.81186200E-9	4.01620847E-8	5.69932651E-7	1.29265033E-4
9.90000000E+1	5.86696215E-9	3.47761691E-8	6.17898273E-7	1.11930012E-4
9.95000000E+1	4.76283489E-9	2.67440599E-8	7.71634725E-7	8.60779963E-5
1.00000000E+2	3.38877754E-8	2.41047810E-8	1.82408520E-6	7.75832560E-5
1.00500000E+2	4.78870847E-9	3.08227759E-8	6.40744987E-7	9.92056852E-5
1.01000000E+2	4.41123096E-9	2.57740484E-8	8.91493013E-7	8.29559330E-5
1.01500000E+2	5.90194261E-9	4.05766681E-8	8.40527139E-7	1.30599404E-4
1.02000000E+2	6.00880099E-9	2.65395622E-8	6.76993022E-7	8.54198033E-5
1.02500000E+2	4.56594804E-9	3.02883550E-8	5.83810046E-7	9.74856066E-5
1.03000000E+2	5.12366417E-9	2.63661562E-8	6.79546501E-7	8.48616816E-5
1.03500000E+2	4.85379936E-9	2.84094508E-8	7.73581446E-7	9.14381963E-5
1.04000000E+2	7.14446075E-9	3.25485526E-8	7.26181004E-7	1.04760242E-4
1.04500000E+2	6.92144019E-9	2.41270549E-8	7.24542289E-7	7.76549463E-5
1.05000000E+2	3.01989361E-8	2.36867387E-8	6.72040548E-7	7.62377519E-5
1.05500000E+2	4.40363611E-9	2.01172247E-8	6.83077600E-7	6.47489722E-5
1.06000000E+2	5.57681766E-9	2.33306231E-8	7.04465245E-7	7.50915641E-5
1.06500000E+2	4.11890821E-9	2.57450484E-8	7.64907146E-7	8.28625939E-5
1.07000000E+2	4.28697166E-9	2.29045386E-8	6.51656300E-7	7.37201754E-5
1.07500000E+2	6.79259027E-9	2.45197026E-8	6.51335459E-7	7.89187160E-5
1.08000000E+2	5.57520032E-9	2.95225584E-8	7.10700675E-7	9.50208263E-5
1.08500000E+2	4.34414804E-9	2.77679662E-8	5.44990943E-7	8.93735244E-5
1.09000000E+2	4.40065724E-9	2.37783965E-8	5.55333031E-7	7.65327604E-5
1.09500000E+2	4.29299333E-9	2.51610827E-8	6.38526891E-7	8.09830515E-5
1.10000000E+2	2.96843367E-8	2.36330390E-8	8.33195839E-7	7.60649148E-5
1.10500000E+2	4.55573484E-9	2.52075912E-8	6.35819427E-7	8.11327430E-5
1.11000000E+2	5.38553012E-9	2.43559055E-8	6.04298828E-7	7.83915213E-5
1.11500000E+2	4.29443749E-9	2.73997396E-8	5.97324735E-7	8.81883562E-5
1.12000000E+2	6.62666818E-9	3.14588899E-8	7.39193318E-7	1.01253071E-4
1.12500000E+2	4.13949721E-9	2.13406121E-8	5.98951010E-7	6.86865469E-5
1.13000000E+2	4.09495255E-9	2.57356779E-8	7.79120833E-7	8.28324342E-5
1.13500000E+2	4.50564229E-9	3.51753457E-8	7.74855425E-7	1.13214796E-4
1.14000000E+2	5.19609211E-9	3.54206168E-8	5.61222479E-7	1.14004221E-4
1.14500000E+2	4.37477739E-9	2.45146135E-8	6.43753529E-7	7.89023362E-5
1.15000000E+2	3.04004732E-8	2.90118169E-8	5.54477474E-7	9.33769620E-5
1.15500000E+2	4.89994305E-9	2.47219590E-8	6.19840755E-7	7.95696952E-5
1.16000000E+2	7.07599038E-9	2.43925544E-8	5.58437528E-7	7.85094788E-5
1.16500000E+2	5.48961351E-9	2.09594743E-8	6.10037017E-7	6.74598232E-5
1.17000000E+2	4.60784790E-9	2.47136189E-8	6.55070626E-7	7.95428518E-5
1.17500000E+2	4.59666594E-9	2.08402086E-8	6.25793148E-7	6.70759564E-5
1.18000000E+2	6.65300051E-9	3.35988657E-8	7.31813153E-7	1.08140763E-4
1.18500000E+2	5.21535237E-9	2.28061181E-8	5.87529411E-7	7.34034007E-5
1.19000000E+2	3.91030178E-9	2.34981196E-8	5.85194835E-7	7.56306656E-5
1.19500000E+2	5.60317177E-9	2.12171893E-8	5.59232105E-7	6.82893003E-5
1.20000000E+2	4.93072595E-8	2.53878578E-8	5.84125563E-7	8.17129463E-5
1.20500000E+2	6.76487597E-9	2.31848370E-8	6.10194663E-7	7.46223393E-5
1.21000000E+2	4.92790670E-9	2.88584945E-8	7.38967548E-7	9.28834809E-5
1.21500000E+2	4.65974102E-9	3.79141477E-8	6.39306560E-7	1.22029859E-4
1.22000000E+2	6.63932139E-9	3.11162125E-8	6.32211748E-7	1.00150135E-4
1.22500000E+2	4.36482117E-9	2.60768076E-8	5.38586122E-7	8.39303889E-5
1.23000000E+2	4.71005828E-9	3.02508565E-8	5.79321927E-7	9.73649146E-5
1.23500000E+2	7.80176857E-9	2.53344956E-8	6.37834895E-7	8.15411956E-5
1.24000000E+2	4.18342590E-9	2.52666778E-8	6.25178271E-7	8.13229182E-5
1.24500000E+2	4.86915666E-9	2.41921879E-8	5.43461251E-7	7.78645826E-5
1.25000000E+2	1.70603397E-8	2.99852864E-8	5.94656197E-7	9.65101552E-5
1.25500000E+2	4.67402425E-9	3.80183433E-8	7.45871507E-7	1.22365221E-4
1.26000000E+2	4.66217791E-9	3.42834019E-8	6.21791227E-7	1.10344000E-4
1.26500000E+2	5.51494423E-9	2.39530295E-8	5.85550008E-7	7.70948311E-5
1.27000000E+2	4.38568972E-9	2.69253373E-8	4.88474947E-7	8.66614527E-5
1.27500000E+2	5.39339615E-9	2.73386799E-8	7.48690963E-7	8.79918306E-5
1.28000000E+2	4.56327439E-9	2.13061208E-8	5.05786870E-7	6.85755339E-5
1.28500000E+2	4.29503615E-9	2.10329205E-8	5.23456972E-7	6.76962159E-5
1.29000000E+2	5.21741449E-9	2.47271665E-8	5.28504731E-7	7.95864559E-5
1.29500000E+2	4.43916754E-9	2.61375972E-8	6.37682220E-7	8.41260453E-5
1.30000000E+2	3.18981887E-8	3.16950529E-8	4.06244085E-7	1.02013182E-4
1.30500000E+2	4.72035507E-9	2.86149751E-8	6.09848737E-7	9.20996935E-5
1.31000000E+2	4.05919896E-9	1.96364389E-8	5.79882672E-7	6.32015228E-5
1.31500000E+2	3.80651572E-9	2.60594521E-8	5.75665803E-7	8.38745287E-5
1.32000000E+2	6.42580518E-9	3.84698024E-8	5.14998386E-7	1.23818280E-4
1.32500000E+2	4.43966999E-9	3.62105836E-8	7.14399897E-7	1.16546796E-4
1.33000000E+2	7.76532946E-9	1.99249599E-8	5.09155199E-7	6.41301517E-5
1.33500000E+2	5.48000924E-9	2.26378145E-8	5.08132100E-7	7.28617014E-5
1.34000000E+2	4.89374800E-9	2.23848881E-8	5.07752564E-7	7.20476367E-5
1.34500000E+2	6.31659734E-9	2.29033368E-8	5.41735564E-7	7.37163075E-5
1.35000000E+2	3.32132901E-8	2.85162403E-8	4.45951979E-7	9.17819072E-5
1.35500000E+2	4.31756678E-9	2.56204133E-8	5.77621541E-7	8.24614455E-5
1.36000000E+2	9.56698184E-9	2.71854108E-8	5.58599805E-7	8.74985210E-5
1.36500000E+2	5.98293493E-9	2.38106307E-8	5.48286597E-7	7.66365087E-5
1.37000000E+2	4.62786896E-9	2.52480850E-8	6.32444194E-7	8.12630758E-5
1.37500000E+2	4.63061941E-9	2.83461016E-8	5.54470200E-7	9.12343017E-5
1.38000000E+2	4.56987888E-9	2.59158139E-8	6.00301064E-7	8.34122172E-5
1.38500000E+2	4.33769791E-9	2.53443347E-8	5.39435085E-7	8.15728636E-5
1.39000000E+2	6.81884472E-9	2.29885695E-8	5.76831877E-7	7.39906359E-5
1.39500000E+2	4.26966703E-9	2.03689614E-8	4.40994903E-7	6.55592079E-5
1.40000000E+2	2.31957639E-8	3.10041853E-8	6.70292133E-7	9.97895667E-5
1.40500000E+2	4.60623837E-9	2.80451886E-8	4.00658135E-7	9.02657879E-5
1.41000000E+2	5.71883194E-9	3.84047347E-8	6.49197310E-7	1.23608855E-4
1.41500000E+2	4.55797636E-9	2.70635192E-8	5.88075999E-7	8.71062027E-5
1.42000000E+2	7.22195294E-9	2.73879494E-8	4.72199013E-7	8.81504085E-5
1.42500000E+2	6.00203599E-9	2.42472286E-8	5.58663882E-7	7.80417357E-5
1.43000000E+2	5.27592390E-9	2.29683313E-8	5.08981717E-7	7.39254974E-5
1.43500000E+2	4.69750920E-9	2.12986526E-8	5.71367710E-7	6.85514970E-5
1.44000000E+2	5.11393797E-9	2.70674209E-8	5.42580972E-7	8.71187608E-5
1.44500000E+2	4.14269697E-9	2.66018793E-8	4.53491115E-7	8.56203761E-5
1.45000000E+2	2.74297396E-8	2.32735716E-8	5.80905108E-7	7.49079389E-5
1.45500000E+2	5.06339059E-9	2.39621239E-8	4.98878342E-7	7.71241022E-5
1.46000000E+2	5.38558039E-9	2.17002006E-8	4.29612175E-7	6.98439126E-5
1.46500000E+2	6.31202133E-9	3.57108249E-8	4.03327539E-7	1.14938280E-4
1.47000000E+2	5.27673853E-9	2.37640720E-8	5.58271407E-7	7.64866555E-5
1.47500000E+2	4.83688608E-9	2.12631736E-8	4.09236764E-7	6.84373046E-5
1.48000000E+2	4.60867681E-9	2.70439310E-8	5.84790859E-7	8.70431564E-5
1.48500000E+2	4.39177736E-9	1.90015085E-8	7.56240618E-7	6.11579463E-5
1.49000000E+2	4.43551259E-9	2.53676863E-8	6.70567862E-7	8.16480225E-5
1.49500000E+2	5.67086702E-9	4.13534787E-8	9.37756648E-7	1.33099634E-4
1.50000000E+2	3.81853794E-8	3.05559810E-8	1.13690772E-5	9.83469835E-5
1.50500000E+2	5.53155614E-9	2.38082317E-8	1.53102842E-6	7.66287873E-5
1.51000000E+2	4.19280862E-9	2.47912280E-8	9.65713372E-7	7.97926433E-5
1.51500000E+2	6.23546978E-9	2.70008292E-8	7.69980139E-7	8.69044297E-5
1.52000000E+2	6.06117120E-9	2.79675594E-8	5.86612193E-7	9.00159318E-5
1.52500000E+2	4.12271329E-9	3.92067768E-8	5.96249494E-7	1.26190294E-4
1.53000000E+2	4.46613638E-9	2.47703319E-8	6.97398949E-7	7.97253874E-5
1.53500000E+2	5.20342861E-9	2.08170455E-8	4.59164260E-7	6.70014040E-5
1.54000000E+2	4.38222233E-9	2.55859218E-8	4.88594018E-7	8.23504319E-5
1.54500000E+2	6.33958735E-9	3.46646871E-8	5.52034629E-7	1.11571198E-4
1.55000000E+2	3.22947192E-8	2.93356993E-8	3.83183802E-7	9.44194048E-5
1.55500000E+2	4.34489343E-9	2.45419467E-8	6.48233699E-7	7.89903104E-5
1.56000000E+2	4.97933114E-9	2.20949459E-8	5.03739716E-7	7.11144336E-5
1.56500000E+2	5.17425133E-9	2.16077401E-8	4.52940276E-7	6.95463208E-5
1.57000000E+2	4.94354681E-9	2.50452601E-8	5.23524297E-7	8.06102669E-5
1.57500000E+2	6.80521010E-9	3.95868499E-8	6.25635627E-7	1.27413591E-4
1.58000000E+2	4.09117355E-9	1.87416160E-8	5.88052519E-7	6.03214605E-5
1.58500000E+2	6.19825043E-9	2.66404995E-8	4.07643848E-7	8.57446785E-5
1.59000000E+2	5.39999451E-9	2.56752511E-8	4.40598566E-7	8.26379456E-5
1.59500000E+2	5.20992628E-9	2.23271872E-8	3.93850787E-7	7.18619215E-5
1.60000000E+2	2.29918875E-8	2.55713284E-8	5.49725917E-7	8.23034616E-5
1.60500000E+2	5.41132942E-9	1.98225245E-8	4.85221873E-7	6.38004549E-5
1.61000000E+2	4.71749470E-9	2.41602394E-8	4.97922250E-7	7.77617534E-5
1.61500000E+2	4.78554109E-9	1.93772570E-8	4.31928030E-7	6.23673242E-5
1.62000000E+2	5.49446268E-9	2.34923982E-8	5.01174450E-7	7.56122506E-5
1.62500000E+2	4.32050249E-9	2.03156635E-8	4.75604908E-7	6.53876642E-5
1.63000000E+2	4.63096540E-9	2.54817068E-8	4.42623527E-7	8.20150069E-5
1.63500000E+2	4.38300106E-9	2.18982271E-8	5.13412250E-7	7.04812776E-5
1.64000000E+2	5.23435428E-9	2.38278326E-8	3.99940899E-7	7.66918744E-5
1.64500000E+2	4.16855190E-9	2.81180733E-8	4.56968372E-7	9.05003734E-5
1.65000000E+2	3.09855494E-8	3.00206257E-8	5.91060217E-7	9.66238976E-5
1.65500000E+2	5.30108302E-9	2.39830463E-8	4.26646914E-7	7.71914428E-5
1.66000000E+2	4.77159268E-9	2.66297602E-8	5.65660142E-7	8.57101129E-5
1.66500000E+2	5.08738652E-9	2.34488593E-8	4.67477373E-7	7.54721171E-5
1.67000000E+2	5.96850186E-9	2.45060649E-8	3.79648041E-7	7.88748220E-5
1.67500000E+2	4.75926220E-9	3.40344419E-8	4.46499549E-7	1.09542701E-4
1.68000000E+2	5.80683443E-9	3.17239370E-8	4.71603721E-7	1.02106148E-4
1.68500000E+2	5.62357989E-9	2.16152754E-8	5.20997194E-7	6.95705737E-5
1.69000000E+2	4.02887751E-9	2.62442580E-8	4.82462862E-7	8.44693419E-5
1.69500000E+2	5.42864342E-9	2.21412343E-8	4.85543833E-7	7.12634166E-5
1.70000000E+2	6.59054088E-8	2.02426552E-8	4.64032119E-7	6.51526808E-5
1.70500000E+2	4.10019637E-9	2.04487226E-8	3.96944522E-7	6.58159261E-5
1.71000000E+2	4.72114746E-9	2.35318403E-8	4.47489416E-7	7.57391984E-5
1.71500000E+2	7.14317727E-9	2.06354590E-8	5.03816716E-7	6.64169526E-5
1.72000000E+2	5.25981335E-9	2.71669558E-8	5.62415251E-7	8.74391222E-5
1.72500000E+2	4.63313966E-9	2.32188379E-8	3.98466994E-7	7.47317742E-5
1.73000000E+2	4.68659084E-9	2.57330581E-8	4.34313928E-7	8.28240024E-5
1.73500000E+2	5.95533455E-9	2.33769517E-8	4.16627145E-7	7.52406764E-5
1.74000000E+2	4.79271784E-9	2.28403775E-8	4.82245010E-7	7.35136674E-5
1.74500000E+2	5.56704177E-9	1.96364034E-8	3.79925873E-7	6.32014086E-5
1.75000000E+2	5.23273685E-8	2.49992002E-8	4.26012722E-7	8.04620192E-5
1.75500000E+2	4.17049036E-9	2.16168943E-8	4.19029978E-7	6.95757845E-5
1.76000000E+2	5.87725956E-9	2.02457691E-8	3.89054044E-7	6.51627031E-5
1.76500000E+2	3.97599194E-9	2.77866707E-8	4.83713539E-7	8.94337265E-5
1.77000000E+2	4.29646635E-9	1.99819122E-8	5.13554483E-7	6.43134578E-5
1.77500000E+2	4.74761952E-9	3.15802189E-8	3.10434627E-7	1.01643579E-4
1.78000000E+2	9.66704435E-9	3.03978394E-8	4.62999348E-7	9.78379913E-5
1.78500000E+2	9.40481197E-9	2.26886555E-8	4.22132053E-7	7.30253374E-5
1.79000000E+2	6.06507918E-9	2.06214387E-8	3.63607849E-7	6.63718271E-5
1.79500000E+2	4.12024563E-9	2.34615756E-8	4.30757681E-7	7.55130457E-5
1.80000000E+2	2.79656085E-8	2.14034058E-8	3.02185703E-7	6.88886537E-5
1.80500000E+2	5.11344221E-9	2.19806053E-8	3.78857866E-7	7.07464188E-5
1.81000000E+2	5.07886690E-9	2.34560920E-8	5.15864233E-7	7.54953961E-5
1.81500000E+2	7.56639162E-9	2.62698911E-8	5.60516939E-7	8.45518442E-5
1.82000000E+2	5.07072217E-9	1.82824604E-8	4.76189441E-7	5.88436298E-5
1.82500000E+2	4.74992048E-9	2.77970120E-8	3.79791222E-7	8.94670108E-5
1.83000000E+2	6.14472788E-9	2.92787991E-8	3.91722514E-7	9.42362666E-5
1.83500000E+2	5.14239673E-9	2.70059055E-8	3.73790522E-7	8.69207682E-5
1.84000000E+2	4.98634071E-9	2.36876524E-8	4.82916011E-7	7.62406927E-5
1.84500000E+2	5.76984431E-9	2.76652421E-8	3.86891671E-7	8.90428984E-5
1.85000000E+2	2.05251787E-8	2.26220376E-8	3.39976594E-7	7.28109223E-5
1.85500000E+2	5.25462435E-9	2.07142223E-8	3.64457604E-7	6.66704591E-5
1.86000000E+2	5.17041914E-9	2.79281036E-8	4.29683306E-7	8.98889401E-5
1.86500000E+2	6.94548145E-9	2.45069738E-8	3.57717929E-7	7.88777474E-5
1.87000000E+2	4.08811408E-9	1.91375679E-8	4.07636322E-7	6.15958649E-5
1.87500000E+2	5.59096062E-9	2.73807118E-8	3.10127413E-7	8.81271135E-5
1.88000000E+2	5.03716085E-9	2.61291535E-8	4.20326913E-7	8.40988686E-5
1.88500000E+2	5.47173026E-9	2.02583436E-8	4.10009231E-7	6.52031752E-5
1.89000000E+2	5.77819644E-9	2.19555172E-8	4.28847908E-7	7.06656704E-5
1.89500000E+2	4.63156016E-9	2.42033835E-8	4.96681425E-7	7.79006166E-5
1.90000000E+2	7.31829054E-8	2.06032440E-8	3.84889885E-7	6.63132661E-5
1.90500000E+2	4.55949812E-9	1.99986022E-8	4.37474093E-7	6.43671757E-5
1.91000000E+2	8.68225074E-9	2.36812437E-8	3.58211628E-7	7.62200658E-5
1.91500000E+2	6.01998084E-9	2.18914527E-8	5.31500506E-7	7.04594737E-5
1.92000000E+2	4.72543706E-9	2.01542181E-8	4.82666037E-7	6.48680387E-5
1.92500000E+2	4.55683917E-9	2.23957237E-8	3.92108145E-7	7.20825120E-5
1.93000000E+2	4.50810217E-9	2.53639128E-8	4.62006711E-7	8.16358772E-5
1.93500000E+2	4.17636014E-9	2.07495433E-8	4.65834077E-7	6.67841427E-5
1.94000000E+2	4.51526430E-9	1.83396465E-8	5.19491126E-7	5.90276880E-5
1.94500000E+2	5.07869958E-9	2.81422488E-8	4.44626045E-7	9.05781842E-5
1.95000000E+2	6.22966870E-8	2.33502688E-8	4.14803772E-7	7.51547952E-5
1.95500000E+2	4.35455111E-9	2.39126802E-8	3.81851249E-7	7.69649634E-5
1.96000000E+2	4.49504879E-9	2.05411920E-8	3.74568320E-7	6.61135465E-5
1.96500000E+2	6.64514105E-9	2.87401888E-8	2.93100181E-7	9.25027043E-5
1.97000000E+2	6.08534091E-9	2.35385128E-8	3.47930032E-7	7.57606746E-5
1.97500000E+2	5.24111790E-9	2.25479879E-8	6.42167993E-7	7.25725870E-5
1.98000000E+2	4.18678959E-9	1.91479588E-8	4.19316059E-7	6.16293086E-5
1.98500000E+2	4.85252833E-9	2.24613242E-8	5.01629323E-7	7.22936529E-5
1.99000000E+2	5.10863415E-9	2.15520312E-8	5.33782500E-7	6.93670172E-5
1.99500000E+2	4.43620783E-9	2.51667589E-8	5.72914294E-7	8.10013210E-5
2.00000000E+2	3.65941030E-8	3.16280539E-8	6.39807935E-7	1.01797540E-4
2.00500000E+2	5.27640720E-9	2.38003140E-8	5.23516867E-7	7.66033035E-5
2.01000000E+2	4.47641927E-9	2.45637147E-8	4.50469926E-7	7.90603726E-5
2.01500000E+2	4.80464447E-9	1.78517618E-8	4.88426012E-7	5.74573903E-5
2.02000000E+2	5.37328069E-9	2.56526766E-8	3.35016831E-7	8.25652876E-5
2.02500000E+2	4.39734492E-9	2.05021454E-8	5.98774914E-7	6.59878718E-5
2.03000000E+2	5.91325006E-9	2.14200928E-8	4.44177167E-7	6.89423624E-5
2.03500000E+2	4.10752588E-9	2.11492339E-8	4.54755876E-7	6.80705803E-5
2.04000000E+2	5.55339631E-9	1.95116934E-8	4.12763486E-7	6.28000190E-5
2.04500000E+2	5.21859052E-9	2.22459354E-8	4.29897024E-7	7.16004059E-5
2.05000000E+2	3.91859656E-8	2.17899495E-8	5.67132043E-7	7.01327771E-5
2.05500000E+2	4.71834090E-9	2.72769870E-8	4.54027288E-7	8.77932668E-5
2.06000000E+2	4.74514703E-9	1.88873257E-8	4.57440187E-7	6.07904394E-5
2.06500000E+2	4.83137735E-9	2.02740759E-8	3.05859749E-7	6.52538108E-5
2.07000000E+2	4.11499719E-9	2.03046751E-8	4.77578247E-7	6.53522969E-5
2.07500000E+2	5.04305530E-9	2.30229818E-8	3.47542162E-7	7.41013947E-5
2.08000000E+2	4.66393970E-9	1.90399630E-8	4.10541115E-7	6.12817151E-5
2.08500000E+2	5.48041311E-9	2.58076663E-8	3.20397365E-7	8.30641349E-5
2.09000000E+2	5.54306047E-9	1.83079090E-8	4.63457376E-7	5.89255381E-5
2.09500000E+2	4.80826410E-9	2.89476793E-8	3.33832012E-7	9.31705297E-5
2.10000000E+2	5.36815167E-8	2.11515726E-8	4.88776130E-7	6.80781075E-5
2.10500000E+2	4.66229063E-9	2.42318496E-8	3.98196065E-7	7.79922370E-5
2.11000000E+2	4.26632892E-9	1.91084819E-8	4.61710013E-7	6.15022489E-5
2.11500000E+2	4.26998706E-9	2.08053844E-8	4.37497735E-7	6.69638717E-5
2.12000000E+2	5.12706126E-9	2.73526102E-8	3.56581761E-7	8.80366664E-5
2.12500000E+2	5.12381910E-9	3.03107885E-8	3.25762094E-7	9.75578109E-5
2.13000000E+2	5.01151542E-9	1.95247329E-8	4.32271853E-7	6.28419879E-5
2.13500000E+2	6.73775495E-9	2.45285067E-8	4.27055323E-7	7.89470529E-5
2.14000000E+2	4.85894266E-9	1.77090296E-8	3.50106543E-7	5.69979945E-5
2.14500000E+2	4.43706008E-9	2.13256369E-8	3.72683246E-7	6.86383481E-5
2.15000000E+2	4.30814077E-8	2.09452666E-8	3.37327053E-7	6.74140944E-5
2.15500000E+2	5.55387988E-9	2.40152447E-8	4.40519326E-7	7.72950760E-5
2.16000000E+2	4.26347209E-9	1.83368307E-8	4.22934482E-7	5.90186251E-5
2.16500000E+2	4.80303864E-9	1.74725838E-8	4.13449299E-7	5.62369739E-5
2.17000000E+2	6.88284649E-9	1.97344446E-8	3.11629887E-7	6.35169623E-5
2.17500000E+2	5.99808382E-9	1.95836819E-8	4.29729368E-7	6.30317200E-5
2.18000000E+2	6.03870610E-9	1.94604242E-8	4.53251684E-7	6.26350050E-5
2.18500000E+2	6.98491915E-9	2.38716636E-8	3.76822147E-7	7.68329483E-5
2.19000000E+2	4.94084742E-9	2.19516604E-8	3.12031145E-7	7.06532570E-5
2.19500000E+2	5.21710859E-9	2.39776871E-8	4.23615939E-7	7.71741936E-5
2.20000000E+2	5.31637494E-8	2.61297036E-8	5.25130572E-7	8.41006389E-5
2.20500000E+2	4.60235050E-9	2.07270643E-8	3.77084703E-7	6.67117921E-5
2.21000000E+2	4.36304253E-9	1.68439722E-8	3.25496716E-7	5.42137349E-5
2.21500000E+2	4.81000734E-9	2.46450092E-8	3.86459787E-7	7.93220258E-5
2.22000000E+2	5.55770453E-9	1.98022429E-8	3.53871822E-7	6.37351770E-5
2.22500000E+2	4.04730363E-9	2.54363585E-8	3.39988896E-7	8.18690497E-5
2.23000000E+2	4.65865378E-9	2.42061121E-8	4.90465385E-7	7.79093986E-5
2.23500000E+2	4.49470285E-9	2.37741802E-8	4.11360140E-7	7.65191897E-5
2.24000000E+2	5.74110117E-9	2.42474055E-8	4.09591300E-7	7.80423051E-5
2.24500000E+2	5.17354660E-9	2.08203026E-8	2.84754458E-7	6.70118874E-5
2.25000000E+2	6.26222786E-8	1.68920128E-8	4.26116487E-7	5.43683576E-5
2.25500000E+2	4.61055677E-9	2.23608191E-8	4.39223150E-7	7.19701686E-5
2.26000000E+2	5.05996378E-9	2.31715581E-8	4.10620632E-7	7.45795999E-5
2.26500000E+2	4.48689875E-9	2.18186227E-8	3.97999331E-7	7.02250642E-5
2.27000000E+2	3.94852049E-9	1.91836312E-8	4.09793576E-7	6.17441234E-5
2.27500000E+2	4.94280312E-9	2.08295092E-8	3.63680050E-7	6.70415196E-5
2.28000000E+2	5.63165459E-9	2.02724757E-8	4.00669946E-7	6.52486605E-5
2.28500000E+2	4.98415300E-9	2.07186730E-8	3.09244335E-7	6.66847838E-5
2.29000000E+2	4.26706176E-9	3.22704256E-8	4.99244831E-7	1.03865067E-4
2.29500000E+2	4.04714559E-9	2.06943025E-8	3.80483330E-7	6.66063456E-5
2.30000000E+2	6.76017722E-8	2.26457032E-8	4.30520844E-7	7.28870921E-5
2.30500000E+2	4.17947771E-9	1.83785371E-8	4.09782966E-7	5.91528605E-5
2.31000000E+2	4.35953302E-9	2.27086635E-8	4.01894450E-7	7.30897350E-5
2.31500000E+2	4.12490103E-9	2.25317038E-8	3.48889590E-7	7.25201755E-5
2.32000000E+2	4.56378384E-9	2.13770674E-8	5.00833935E-7	6.88038813E-5
2.32500000E+2	5.15739617E-9	2.14967253E-8	4.80278908E-7	6.91890106E-5
2.33000000E+2	4.84700271E-9	2.81707523E-8	4.32223861E-7	9.06699250E-5
2.33500000E+2	8.38010442E-9	2.02398792E-8	4.97972438E-7	6.51437461E-5
2.34000000E+2	5.85746172E-9	1.91335845E-8	4.28235803E-7	6.15830439E-5
2.34500000E+2	4.69780764E-9	2.98563593E-8	3.31994056E-7	9.60951923E-5
2.35000000E+2	4.63053243E-8	1.82072142E-8	4.06675839E-7	5.86014436E-5
2.35500000E+2	5.78237402E-9	2.23744459E-8	3.45034357E-7	7.20140278E-5
2.36000000E+2	4.93411431E-9	2.19441768E-8	3.22845490E-7	7.06291704E-5
2.36500000E+2	4.57766691E-9	1.94605233E-8	3.59798942E-7	6.26353237E-5
2.37000000E+2	5.92271789E-9	2.66896767E-8	3.03075330E-7	8.59029594E-5
2.37500000E+2	4.84042668E-9	1.90182160E-8	3.37708426E-7	6.12117206E-5
2.38000000E+2	7.93822085E-9	2.27807516E-8	3.42250929E-7	7.33217567E-5
2.38500000E+2	5.98890018E-9	1.84740029E-8	4.39046403E-7	5.94601254E-5
2.39000000E+2	4.39923814E-9	2.08710031E-8	4.49729436E-7	6.71750710E-5
2.39500000E+2	5.39306517E-9	2.01479310E-8	3.87626455E-7	6.48478029E-5
2.40000000E+2	3.24602756E-8	1.84869112E-8	3.83925794E-7	5.95016717E-5
2.40500000E+2	6.53160497E-9	1.90267250E-8	4.43663225E-7	6.12391075E-5
2.41000000E+2	4.69264117E-9	2.33615279E-8	4.61226876E-7	7.51910339E-5
2.41500000E+2	6.98133875E-9	2.41706776E-8	4.23548039E-7	7.77953499E-5
2.42000000E+2	7.19432068E-9	3.14176078E-8	4.24133734E-7	1.01120201E-4
2.42500000E+2	4.82734238E-9	2.52699247E-8	4.95051514E-7	8.13333685E-5
2.43000000E+2	4.36497234E-9	2.18908608E-8	4.59150220E-7	7.04575685E-5
2.43500000E+2	4.48777495E-9	2.14788670E-8	3.64179697E-7	6.91315321E-5
2.44000000E+2	4.68792812E-9	2.12236928E-8	3.06523034E-7	6.83102324E-5
2.44500000E+2	4.72816633E-9	1.90832969E-8	4.83297125E-7	6.14211890E-5
2.45000000E+2	1.74723279E-8	2.27557378E-8	5.18155743E-7	7.32412475E-5
2.45500000E+2	4.49080090E-9	1.85245710E-8	4.05214533E-7	5.96228828E-5
2.46000000E+2	5.68680668E-9	2.95895692E-8	4.41846290E-7	9.52365061E-5
2.46500000E+2	7.17326685E-9	2.03542081E-8	5.56640637E-7	6.55117233E-5
2.47000000E+2	5.13835076E-9	2.75352582E-8	4.98975040E-7	8.86245341E-5
2.47500000E+2	5.95237774E-9	2.60328093E-8	5.31446317E-7	8.37887766E-5
2.48000000E+2	6.02991735E-9	3.08023805E-8	5.31152205E-7	9.91400409E-5
2.48500000E+2	4.91869278E-9	2.00627818E-8	8.25123394E-7	6.45737432E-5
2.49000000E+2	4.93851312E-9	2.03713928E-8	8.47482192E-7	6.55670334E-5
2.49500000E+2	4.08498347E-9	2.28007862E-8	1.37462252E-6	7.33862395E-5
2.50000000E+2	5.75111593E-8	3.42029232E-8	7.51240431E-6	1.10084972E-4
2.50500000E+2	4.45956609E-9	2.09822283E-8	1.58497767E-6	6.75330588E-5
2.51000000E+2	5.82804704E-9	2.21604549E-8	6.32654220E-7	7.13252796E-5
2.51500000E+2	4.21844810E-9	2.12892239E-8	4.55754816E-7	6.85211497E-5
2.52000000E+2	4.31115095E-9	1.72130919E-8	4.48919454E-7	5.54017778E-5
2.52500000E+2	7.24081967E-9	2.09348306E-8	4.01587138E-7	6.73805052E-5
2.53000000E+2	4.76516687E-9	2.61032167E-8	3.27741733E-7	8.40153888E-5
2.53500000E+2	4.38564539E-9	2.08153518E-8	3.49021645E-7	6.69959528E-5
2.54000000E+2	5.14531655E-9	2.01800690E-8	3.15999518E-7	6.49512419E-5
2.54500000E+2	6.34028081E-9	1.85182593E-8	2.96540991E-7	5.96025681E-5
2.55000000E+2	5.97602317E-8	2.84489703E-8	2.46425917E-7	9.15653931E-5
2.55500000E+2	4.49122605E-9	2.60045994E-8	2.91955591E-7	8.36979806E-5
2.56000000E+2	4.59636577E-9	2.38481768E-8	2.70504396E-7	7.67573541E-5
2.56500000E+2	4.01257644E-9	2.27411518E-8	3.87489521E-7	7.31943014E-5
2.57000000E+2	3.99933592E-9	2.18974735E-8	2.97915915E-7	7.04788520E-5
2.57500000E+2	5.10475084E-9	2.01029821E-8	2.22527417E-7	6.47031312E-5
2.58000000E+2	8.98548259E-9	2.06612528E-8	2.56215593E-7	6.64999722E-5
2.58500000E+2	5.67593672E-9	1.94548020E-8	3.13925981E-7	6.26169093E-5
2.59000000E+2	4.76406016E-9	2.10648304E-8	3.05924505E-7	6.77989205E-5
2.59500000E+2	6.10996702E-9	2.28017560E-8	3.39155827E-7	7.33893610E-5
2.60000000E+2	3.83164653E-8	1.97746457E-8	3.28256554E-7	6.36463529E-5
2.60500000E+2	4.09049169E-9	2.54765541E-8	3.00055732E-7	8.19984226E-5
2.61000000E+2	4.98750029E-9	1.97375786E-8	3.51765235E-7	6.35270494E-5
2.61500000E+2	5.22434278E-9	2.62589886E-8	2.53727885E-7	8.45167537E-5
2.62000000E+2	5.19296497E-9	1.97855717E-8	2.17409203E-7	6.36815193E-5
2.62500000E+2	4.57930703E-9	1.90900850E-8	2.21525848E-7	6.14430371E-5
2.63000000E+2	4.41482620E-9	2.17152057E-8	4.29145363E-7	6.98922080E-5
2.63500000E+2	5.44493333E-9	2.19231515E-8	3.31069663E-7	7.05614988E-5
2.64000000E+2	6.55141727E-9	1.87122936E-8	3.69223801E-7	6.02270839E-5
2.64500000E+2	4.29175176E-9	1.94860875E-8	5.31967594E-7	6.27176043E-5
2.65000000E+2	3.41186214E-8	3.00605466E-8	4.56871298E-7	9.67523865E-5
2.65500000E+2	5.50844710E-9	1.94518510E-8	4.11789122E-7	6.26074114E-5
2.66000000E+2	7.68212504E-9	2.21205422E-8	3.24894103E-7	7.11968174E-5
2.66500000E+2	5.70940520E-9	2.21139926E-8	4.27499322E-7	7.11757369E-5
2.67000000E+2	5.16760423E-9	2.73226408E-8	3.97065478E-7	8.79402074E-5
2.67500000E+2	5.40592825E-9	2.17710709E-8	3.88644488E-7	7.00720147E-5
2.68000000E+2	5.22947567E-9	2.14830096E-8	2.49443153E-7	6.91448654E-5
2.68500000E+2	4.38842626E-9	2.13060479E-8	2.96608222E-7	6.85752993E-5
2.69000000E+2	4.40345141E-9	1.88493282E-8	3.18399275E-7	6.06681411E-5
2.69500000E+2	4.71426086E-9	2.09777725E-8	4.27769634E-7	6.75187174E-5
2.70000000E+2	2.05239549E-8	2.08404190E-8	2.90668883E-7	6.70766337E-5
2.70500000E+2	3.89835967E-9	2.13609795E-8	3.09847729E-7	6.87521013E-5
2.71000000E+2	4.70483899E-9	1.78424075E-8	3.02992434E-7	5.74272825E-5
2.71500000E+2	6.49191194E-9	2.92565032E-8	3.03056636E-7	9.41645055E-5
2.72000000E+2	4.32524989E-9	1.82491229E-8	2.64172248E-7	5.87363301E-5
2.72500000E+2	4.74276519E-9	1.80667861E-8	2.98572858E-7	5.81494640E-5
2.73000000E+2	4.96438149E-9	1.90635549E-8	3.67806611E-7	6.13576477E-5
2.73500000E+2	5.24932522E-9	2.19139320E-8	3.93763637E-7	7.05318252E-5
2.74000000E+2	4.03662437E-9	2.81362818E-8	2.88523707E-7	9.05589788E-5
2.74500000E+2	4.45194124E-9	2.20645704E-8	2.38281056E-7	7.10166675E-5
2.75000000E+2	5.90355604E-8	2.71939094E-8	3.68796128E-7	8.75258744E-5
2.75500000E+2	4.40047870E-9	1.90187112E-8	3.72478459E-7	6.12133145E-5
2.76000000E+2	4.07827376E-9	2.10900491E-8	2.81807937E-7	6.78800889E-5
2.76500000E+2	4.51889828E-9	2.02182966E-8	3.26944022E-7	6.50742806E-5
2.77000000E+2	4.73981199E-9	1.89737358E-8	2.94282098E-7	6.10685574E-5
2.77500000E+2	4.86541992E-9	2.04558546E-8	2.97001541E-7	6.58388809E-5
2.78000000E+2	5.35417730E-9	2.60920827E-8	4.62311036E-7	8.39795531E-5
2.78500000E+2	5.39467641E-9	1.72841514E-8	2.99596453E-7	5.56304887E-5
2.79000000E+2	8.17488116E-9	1.85233354E-8	3.07820607E-7	5.96189061E-5
2.79500000E+2	5.68147298E-9	2.25632101E-8	3.32758524E-7	7.26215812E-5
2.80000000E+2	5.06135775E-8	2.18201134E-8	3.40824859E-7	7.02298622E-5
2.80500000E+2	5.65547668E-9	1.98970163E-8	2.82911568E-7	6.40402129E-5
2.81000000E+2	4.95857859E-9	2.07363323E-8	3.18007039E-7	6.67416217E-5
2.81500000E+2	5.11075577E-9	2.61932977E-8	2.53671154E-7	8.43053220E-5
2.82000000E+2	6.67302419E-9	2.28170700E-8	2.92874012E-7	7.34386504E-5
2.82500000E+2	5.29994773E-9	1.72964472E-8	2.95305943E-7	5.56700638E-5
2.83000000E+2	4.00962738E-9	2.68927868E-8	2.86212198E-7	8.65566861E-5
2.83500000E+2	5.66177550E-9	1.76577389E-8	4.29869267E-7	5.68329113E-5
2.84000000E+2	4.60803424E-9	1.91910915E-8	3.34169051E-7	6.17681350E-5
2.84500000E+2	4.76532408E-9	1.83240061E-8	2.96719923E-7	5.89773480E-5
2.85000000E+2	3.06967395E-8	2.24213840E-8	2.91194049E-7	7.21651018E-5
2.85500000E+2	4.56722392E-9	1.89394745E-8	2.80975951E-7	6.09582847E-5
2.86000000E+2	3.92832522E-9	1.91118644E-8	3.63223337E-7	6.15131359E-5
2.86500000E+2	5.40524369E-9	2.39362661E-8	3.42959800E-7	7.70408767E-5
2.87000000E+2	6.26389104E-9	2.28410553E-8	3.95173924E-7	7.35158491E-5
2.87500000E+2	4.11663548E-9	1.91162885E-8	5.25379668E-7	6.15273753E-5
2.88000000E+2	5.49659227E-9	2.21640885E-8	3.84500517E-7	7.13369746E-5
2.88500000E+2	5.45379581E-9	2.24357275E-8	2.85982228E-7	7.22112675E-5
2.89000000E+2	4.46204331E-9	1.82332416E-8	2.99729004E-7	5.86852150E-5
2.89500000E+2	6.86173996E-9	2.46745291E-8	2.84927166E-7	7.94170380E-5
2.90000000E+2	5.38225028E-8	1.92336111E-8	3.34033186E-7	6.19049878E-5
2.90500000E+2	4.04965725E-9	2.35314664E-8	3.74160341E-7	7.57379950E-5
2.91000000E+2	6.22725556E-9	2.06845175E-8	2.18771673E-7	6.65748515E-5
2.91500000E+2	6.88282747E-9	1.67541247E-8	3.49094993E-7	5.39245533E-5
2.92000000E+2	4.82358529E-9	2.55977706E-8	3.00799668E-7	8.23885680E-5
2.92500000E+2	4.42057965E-9	2.25739240E-8	3.00253695E-7	7.26560646E-5
2.93000000E+2	4.80818611E-9	2.07592701E-8	3.42896056E-7	6.68154491E-5
2.93500000E+2	4.91370750E-9	2.25023075E-8	4.96876624E-7	7.24255610E-5
2.94000000E+2	6.23345028E-9	1.92470407E-8	3.34614670E-7	6.19482121E-5
2.94500000E+2	5.01784872E-9	2.03674381E-8	2.24864113E-7	6.55543051E-5
2.95000000E+2	4.63841138E-8	2.33451465E-8	4.68712353E-7	7.51383089E-5
2.95500000E+2	5.17304841E-9	2.47210568E-8	3.05742608E-7	7.95667913E-5
2.96000000E+2	4.32161441E-9	2.23161141E-8	3.44282210E-7	7.18262817E-5
2.96500000E+2	5.34694855E-9	2.71629408E-8	3.87237298E-7	8.74261995E-5
2.97000000E+2	5.02058883E-9	1.98536150E-8	2.54343997E-7	6.39005222E-5
2.97500000E+2	5.26620399E-9	2.27223129E-8	4.27486344E-7	7.31336668E-5
2.98000000E+2	3.86699840E-9	2.43272544E-8	4.52707943E-7	7.82993052E-5
2.98500000E+2	5.75583615E-9	2.19351438E-8	6.15060028E-7	7.06000971E-5
2.99000000E+2	4.95639328E-9	1.85699761E-8	3.65367290E-7	5.97690230E-5
2.99500000E+2	4.57911392E-9	1.97680419E-8	5.70613425E-7	6.36250981E-5
3.00000000E+2	4.07364038E-8	2.00973047E-8	6.32693818E-7	6.46848580E-5
3.00500000E+2	4.01263191E-9	1.98812519E-8	4.64092093E-7	6.39894740E-5
3.01000000E+2	4.39097571E-9	2.05242454E-8	3.23409122E-7	6.60590026E-5
3.01500000E+2	4.72367662E-9	2.00654534E-8	3.89011972E-7	6.45823418E-5
3.02000000E+2	3.85798098E-9	1.93773710E-8	3.13870734E-7	6.23676911E-5
3.02500000E+2	4.12572337E-9	2.09264914E-8	4.00707980E-7	6.73536648E-5
3.03000000E+2	6.36855221E-9	1.82379989E-8	3.85563633E-7	5.87005265E-5
3.03500000E+2	4.62435979E-9	2.44264625E-8	3.19625824E-7	7.86186149E-5
3.04000000E+2	6.80598204E-9	1.79900500E-8	2.98470839E-7	5.79024824E-5
3.04500000E+2	6.82620532E-9	1.83332784E-8	3.34571623E-7	5.90071918E-5
3.05000000E+2	4.24679650E-8	1.86600188E-8	4.07661651E-7	6.00588330E-5
3.05500000E+2	4.93406610E-9	1.85934903E-8	3.26086139E-7	5.98447053E-5
3.06000000E+2	4.50182284E-9	2.16935052E-8	3.09280111E-7	6.98223631E-5
3.06500000E+2	7.61124602E-9	1.96151739E-8	4.34735415E-7	6.31330795E-5
3.07000000E+2	5.02305471E-9	1.93739477E-8	2.96022337E-7	6.23566730E-5
3.07500000E+2	5.16636193E-9	2.43646329E-8	3.32652851E-7	7.84196111E-5
3.08000000E+2	4.72949036E-9	2.04774883E-8	2.23614823E-7	6.59085109E-5
3.08500000E+2	4.51865986E-9	1.89362241E-8	3.56841203E-7	6.09478230E-5
3.09000000E+2	4.14842151E-9	1.94783326E-8	3.14594185E-7	6.26926444E-5
3.09500000E+2	6.02540842E-9	1.76529665E-8	2.82775933E-7	5.68175509E-5
3.10000000E+2	3.87640064E-8	1.68448101E-8	2.56918817E-7	5.42164319E-5
3.10500000E+2	4.77600530E-9	2.59376735E-8	4.16290125E-7	8.34825739E-5
3.11000000E+2	4.29742195E-9	3.02731318E-8	3.79271532E-7	9.74366098E-5
3.11500000E+2	5.05620959E-9	1.81025108E-8	2.97674541E-7	5.82644469E-5
3.12000000E+2	4.93099007E-9	1.92487792E-8	2.59903706E-7	6.19538075E-5
3.12500000E+2	5.66706458E-9	2.03115605E-8	3.60556442E-7	6.53744583E-5
3.13000000E+2	5.18654518E-9	2.55555239E-8	3.41114825E-7	8.22525936E-5
3.13500000E+2	4.91751590E-9	2.24348128E-8	3.62041678E-7	7.22083237E-5
3.14000000E+2	5.40367506E-9	2.71918537E-8	4.00174632E-7	8.75192581E-5
3.14500000E+2	7.23694099E-9	2.40943475E-8	2.22702108E-7	7.75496750E-5
3.15000000E+2	5.27809148E-8	2.23670132E-8	3.37204428E-7	7.19901050E-5
3.15500000E+2	5.55228618E-9	2.22025464E-8	3.38069457E-7	7.14607547E-5
3.16000000E+2	4.55295303E-9	2.50371948E-8	2.12420874E-7	8.05843081E-5
3.16500000E+2	6.67942402E-9	2.17534263E-8	3.37451824E-7	7.00152240E-5
3.17000000E+2	5.70621478E-9	2.01408055E-8	3.05482311E-7	6.48248690E-5
3.17500000E+2	4.59726951E-9	1.88997702E-8	3.54545800E-7	6.08304930E-5
3.18000000E+2	5.19985150E-9	1.74748793E-8	3.07007136E-7	5.62443623E-5
3.18500000E+2	7.03581602E-9	2.28199044E-8	3.41886054E-7	7.34477733E-5
3.19000000E+2	6.61084217E-9	2.36621045E-8	2.78581821E-7	7.61584648E-5
3.19500000E+2	4.79025493E-9	2.20148221E-8	3.05913947E-7	7.08565484E-5
3.20000000E+2	4.41265996E-8	2.19818256E-8	3.99472981E-7	7.07503464E-5
3.20500000E+2	5.49734958E-9	2.03749309E-8	4.34386846E-7	6.55784212E-5
3.21000000E+2	4.85993809E-9	2.18533653E-8	2.96171133E-7	7.03368861E-5
3.21500000E+2	5.22860824E-9	1.73815727E-8	2.42218730E-7	5.59440471E-5
3.22000000E+2	6.81024812E-9	1.99313755E-8	2.57238545E-7	6.41508011E-5
3.22500000E+2	4.69378237E-9	2.27492722E-8	4.39162708E-7	7.32204375E-5
3.23000000E+2	4.47319229E-9	1.54880481E-8	3.39553901E-7	4.98495796E-5
3.23500000E+2	5.66987658E-9	2.31638199E-8	2.59592364E-7	7.45546940E-5
3.24000000E+2	4.53204975E-9	1.79652414E-8	2.51842550E-7	5.78226338E-5
3.24500000E+2	5.42094499E-9	2.00822987E-8	3.57561038E-7	6.46365601E-5
3.25000000E+2	1.83107992E-8	1.76046154E-8	2.72563516E-7	5.66619286E-5
3.25500000E+2	5.08891974E-9	2.88630462E-8	4.50462133E-7	9.28981311E-5
3.26000000E+2	4.43348147E-9	1.93446860E-8	3.18999866E-7	6.22624916E-5
3.26500000E+2	5.38949624E-9	2.53320030E-8	2.38430904E-7	8.15331728E-5
3.27000000E+2	5.42743108E-9	2.37911031E-8	3.55531880E-7	7.65736574E-5
3.27500000E+2	6.59750823E-9	2.79018736E-8	2.62337229E-7	8.98045164E-5
3.28000000E+2	5.01772051E-9	1.74786450E-8	3.46494654E-7	5.62564825E-5
3.28500000E+2	4.67044048E-9	2.57458462E-8	3.72750159E-7	8.28651617E-5
3.29000000E+2	5.16550494E-9	1.81218317E-8	3.89192513E-7	5.83266328E-5
3.29500000E+2	4.46629011E-9	2.18925572E-8	2.81809781E-7	7.04630287E-5
3.30000000E+2	3.66442465E-8	2.56905302E-8	4.43212408E-7	8.26871228E-5
3.30500000E+2	4.77210932E-9	1.69190588E-8	2.66368970E-7	5.44554073E-5
3.31000000E+2	4.98167740E-9	2.30352347E-8	2.87956621E-7	7.41408318E-5
3.31500000E+2	7.10274953E-9	2.17975570E-8	3.72019469E-7	7.01572625E-5
3.32000000E+2	4.89268008E-9	2.73800649E-8	2.33586218E-7	8.81250317E-5
3.32500000E+2	5.00327483E-9	1.82242571E-8	2.93835957E-7	5.86562974E-5
3.33000000E+2	4.90135508E-9	2.12129894E-8	5.22741549E-7	6.82757826E-5
3.33500000E+2	5.25356130E-9	1.91007238E-8	5.66088046E-7	6.14772790E-5
3.34000000E+2	4.84283834E-9	2.26476277E-8	2.94346357E-7	7.28932862E-5
3.34500000E+2	4.33713262E-9	1.78668611E-8	2.84654976E-7	5.75059886E-5
3.35000000E+2	4.09142806E-8	1.65588159E-8	2.55001289E-7	5.32959355E-5
3.35500000E+2	4.72838717E-9	2.49902479E-8	2.33545236E-7	8.04332056E-5
3.36000000E+2	5.07471091E-9	2.01740052E-8	3.17853423E-7	6.49317250E-5
3.36500000E+2	4.31347669E-9	2.09656958E-8	2.57689583E-7	6.74798475E-5
3.37000000E+2	3.99417509E-9	1.77508259E-8	2.68734354E-7	5.71325196E-5
3.37500000E+2	5.07359613E-9	2.22353892E-8	2.96168267E-7	7.15664621E-5
3.38000000E+2	4.63338890E-9	1.92226941E-8	2.72755555E-7	6.18698505E-5
3.38500000E+2	4.94537276E-9	2.08127338E-8	3.47201733E-7	6.69875263E-5
3.39000000E+2	5.74109270E-9	1.86315712E-8	2.47527736E-7	5.99672721E-5
3.39500000E+2	5.70227158E-9	1.82745353E-8	3.66934240E-7	5.88181221E-5
3.40000000E+2	5.04066976E-8	1.86949900E-8	3.03927207E-7	6.01713907E-5
3.40500000E+2	4.27438566E-9	1.75796126E-8	2.54156104E-7	5.65814553E-5
3.41000000E+2	5.99829193E-9	1.80673776E-8	2.60832144E-7	5.81513676E-5
3.41500000E+2	6.24795904E-9	2.00820049E-8	3.47863843E-7	6.46356143E-5
3.42000000E+2	5.22234515E-9	1.94249069E-8	3.05164788E-7	6.25206893E-5
3.42500000E+2	4.29155458E-9	2.33409319E-8	2.96008510E-7	7.51247436E-5
3.43000000E+2	4.81626404E-9	1.97540198E-8	3.55529449E-7	6.35799669E-5
3.43500000E+2	4.40716566E-9	1.91058388E-8	2.81433080E-7	6.14937419E-5
3.44000000E+2	4.07647709E-9	2.53152249E-8	3.99994046E-7	8.14791713E-5
3.44500000E+2	4.48693548E-9	2.10596246E-8	3.76327380E-7	6.77821652E-5
3.45000000E+2	4.36000402E-8	1.94307909E-8	2.83386427E-7	6.25396274E-5
3.45500000E+2	5.23300535E-9	2.05605303E-8	3.24243853E-7	6.61757884E-5
3.46000000E+2	5.64525457E-9	2.20529272E-8	4.33999000E-7	7.09791928E-5
3.46500000E+2	4.39765033E-9	2.53766031E-8	3.16721073E-7	8.16767221E-5
3.47000000E+2	4.47986414E-9	2.09745824E-8	4.20590167E-7	6.75084499E-5
3.47500000E+2	5.67162929E-9	2.09413232E-8	4.63612709E-7	6.74014023E-5
3.48000000E+2	4.27268316E-9	2.03718189E-8	4.20344996E-7	6.55684051E-5
3.48500000E+2	6.26430160E-9	2.40742168E-8	5.39622512E-7	7.74848827E-5
3.49000000E+2	4.50560066E-9	2.48784969E-8	9.01546325E-7	8.00735255E-5
3.49500000E+2	4.90289833E-9	3.35332325E-8	1.35151199E-6	1.07929517E-4
3.50000000E+2	4.99372112E-8	3.28135334E-8	5.45869749E-6	1.05613105E-4
3.50500000E+2	5.44385586E-9	3.52672442E-8	1.86532777E-6	1.13510578E-4
3.51000000E+2	4.88809693E-9	2.28974198E-8	8.55789425E-7	7.36972628E-5
3.51500000E+2	5.57373299E-9	2.37893548E-8	4.44646965E-7	7.65680303E-5
3.52000000E+2	5.41414056E-9	1.93092736E-8	6.13887303E-7	6.21485140E-5
3.52500000E+2	4.19570294E-9	1.95330965E-8	5.33412147E-7	6.28689066E-5
3.53000000E+2	4.46682698E-9	1.82317212E-8	3.48317252E-7	5.86803213E-5
3.53500000E+2	4.44957263E-9	2.29083467E-8	3.28789656E-7	7.37324322E-5
3.54000000E+2	7.76205859E-9	2.01556780E-8	4.25299592E-7	6.48727372E-5
3.54500000E+2	8.05743949E-9	1.83591986E-8	2.81589821E-7	5.90906179E-5
3.55000000E+2	4.38018553E-8	1.97515564E-8	2.41494435E-7	6.35720381E-5
3.55500000E+2	4.64055961E-9	2.64178343E-8	2.15690268E-7	8.50280119E-5
3.56000000E+2	4.62387722E-9	2.02226805E-8	3.08147818E-7	6.50883905E-5
3.56500000E+2	6.36740831E-9	2.13284488E-8	3.08989945E-7	6.86473983E-5
3.57000000E+2	4.62609319E-9	2.08401022E-8	3.05842667E-7	6.70756139E-5
3.57500000E+2	5.41944610E-9	1.86181117E-8	3.13200049E-7	5.99239516E-5
3.58000000E+2	7.81394201E-9	1.64999960E-8	2.33394052E-7	5.31066187E-5
3.58500000E+2	5.84182836E-9	2.60606874E-8	3.06763129E-7	8.38785047E-5
3.59000000E+2	5.95390160E-9	1.74461972E-8	2.60660060E-7	5.61520466E-5
3.59500000E+2	4.36469318E-9	1.64545067E-8	2.72577297E-7	5.29602075E-5
3.60000000E+2	5.18246001E-8	1.95564851E-8	3.00049293E-7	6.29441848E-5
3.60500000E+2	3.85235860E-9	1.66300171E-8	3.46082522E-7	5.35251026E-5
3.61000000E+2	5.01184740E-9	1.93714082E-8	2.73827508E-7	6.23484994E-5
3.61500000E+2	4.34293206E-9	1.83865612E-8	3.67582946E-7	5.91786867E-5
3.62000000E+2	4.74165092E-9	1.89936128E-8	2.97617799E-7	6.11325331E-5
3.62500000E+2	5.73188754E-9	2.76457438E-8	3.85518142E-7	8.89801413E-5
3.63000000E+2	4.69081493E-9	1.73311819E-8	2.50650098E-7	5.57818601E-5
3.63500000E+2	6.43185040E-9	2.41736972E-8	3.31079743E-7	7.78050685E-5
3.64000000E+2	5.49088737E-9	2.42320416E-8	2.37518163E-7	7.79928551E-5
3.64500000E+2	4.25493518E-9	1.77630356E-8	2.68134501E-7	5.71718174E-5
3.65000000E+2	4.47792314E-8	2.71998056E-8	2.12268211E-7	8.75448519E-5
3.65500000E+2	5.23159242E-9	1.94223888E-8	2.45940848E-7	6.25125847E-5
3.66000000E+2	5.19570655E-9	2.44760056E-8	3.11715576E-7	7.87780737E-5
3.66500000E+2	5.11012293E-9	2.08668529E-8	2.93475621E-7	6.71617132E-5
3.67000000E+2	3.87385111E-9	2.20806475E-8	2.54939270E-7	7.10684130E-5
3.67500000E+2	5.90330489E-9	2.76572332E-8	3.77966503E-7	8.90171211E-5
3.68000000E+2	5.36891644E-9	1.90201407E-8	2.88909787E-7	6.12179156E-5
3.68500000E+2	5.78438493E-9	1.85393414E-8	3.55616139E-7	5.96704228E-5
3.69000000E+2	5.71738494E-9	1.93598175E-8	2.65698417E-7	6.23111937E-5
3.69500000E+2	4.70117140E-9	2.01013326E-8	2.70325435E-7	6.46978221E-5
3.70000000E+2	5.49624862E-8	2.03386722E-8	3.51067125E-7	6.54617196E-5
3.70500000E+2	4.35048349E-9	2.08127541E-8	2.30962958E-7	6.69875919E-5
3.71000000E+2	4.33511635E-9	1.74274830E-8	1.95457880E-7	5.60918134E-5
3.71500000E+2	4.94495049E-9	2.00185531E-8	3.03962813E-7	6.44313894E-5
3.72000000E+2	6.67259477E-9	2.52124368E-8	3.14670140E-7	8.11483390E-5
3.72500000E+2	6.74020504E-9	1.86920791E-8	2.50623369E-7	6.01620217E-5
3.73000000E+2	4.45582266E-9	1.84733547E-8	2.26467606E-7	5.94580390E-5
3.73500000E+2	5.53155005E-9	1.99742968E-8	3.10684225E-7	6.42889469E-5
3.74000000E+2	5.62674023E-9	1.88917100E-8	2.65280788E-7	6.08045505E-5
3.74500000E+2	4.30759809E-9	2.27354677E-8	3.23204055E-7	7.31760065E-5
3.75000000E+2	3.82252736E-8	2.22439519E-8	3.05579970E-7	7.15940218E-5
3.75500000E+2	4.23966838E-9	2.63715169E-8	2.21687459E-7	8.48789353E-5
3.76000000E+2	5.49837684E-9	1.79993586E-8	2.27476980E-7	5.79324430E-5
3.76500000E+2	5.28529960E-9	2.05183211E-8	3.55277912E-7	6.60399344E-5
3.77000000E+2	7.44653560E-9	2.34831888E-8	3.67333547E-7	7.55826096E-5
3.77500000E+2	5.36243610E-9	2.10826786E-8	2.51818548E-7	6.78563665E-5
3.78000000E+2	5.23711724E-9	1.77463431E-8	3.14393414E-7	5.71180912E-5
3.78500000E+2	4.30246851E-9	1.76397380E-8	1.92346021E-7	5.67749737E-5
3.79000000E+2	5.50385730E-9	2.00564757E-8	3.96462519E-7	6.45534464E-5
3.79500000E+2	5.37613746E-9	2.95981324E-8	2.84497147E-7	9.52640676E-5
3.80000000E+2	2.36725614E-8	1.93407530E-8	2.90948679E-7	6.22498329E-5
3.80500000E+2	5.42078790E-9	1.92020744E-8	2.86297150E-7	6.18034843E-5
3.81000000E+2	4.63729603E-9	2.00850022E-8	2.22897704E-7	6.46452614E-5
3.81500000E+2	4.66957654E-9	2.02626884E-8	3.25928482E-7	6.52171593E-5
3.82000000E+2	4.64721620E-9	1.88660039E-8	2.25343413E-7	6.07218132E-5
3.82500000E+2	4.53589392E-9	2.39091570E-8	2.69064138E-7	7.69536238E-5
3.83000000E+2	4.22219365E-9	2.18870688E-8	2.61049919E-7	7.04453635E-5
3.83500000E+2	5.34333314E-9	1.97563098E-8	2.95277895E-7	6.35873373E-5
3.84000000E+2	6.06928694E-9	1.83008765E-8	2.48439155E-7	5.89029035E-5
3.84500000E+2	6.51023696E-9	2.06866131E-8	4.08171571E-7	6.65815965E-5
3.85000000E+2	4.02912063E-8	2.32712403E-8	2.67977979E-7	7.49004356E-5
3.85500000E+2	4.52328221E-9	1.91529687E-8	1.87381609E-7	6.16454334E-5
3.86000000E+2	6.03574882E-9	1.62091726E-8	2.47223839E-7	5.21705792E-5
3.86500000E+2	4.42897401E-9	1.78629384E-8	4.14540332E-7	5.74933629E-5
3.87000000E+2	3.72995655E-9	1.75621317E-8	3.17127656E-7	5.65251915E-5
3.87500000E+2	4.23568514E-9	2.98113921E-8	3.55960831E-7	9.59504617E-5
3.88000000E+2	4.59353444E-9	2.13896981E-8	3.32195523E-7	6.88445345E-5
3.88500000E+2	4.37833493E-9	1.72517449E-8	2.92579708E-7	5.55261854E-5
3.89000000E+2	4.37470486E-9	1.84907923E-8	2.87644151E-7	5.95141633E-5
3.89500000E+2	5.76711960E-9	1.63562457E-8	2.31608132E-7	5.26439462E-5
3.90000000E+2	5.64436452E-8	2.21049506E-8	2.70633428E-7	7.11466345E-5
3.90500000E+2	4.54975333E-9	1.88304694E-8	2.26358889E-7	6.06074427E-5
3.91000000E+2	4.49442657E-9	2.37414582E-8	3.48211778E-7	7.64138713E-5
3.91500000E+2	5.59531023E-9	2.48337341E-8	2.21823966E-7	7.99294526E-5
3.92000000E+2	5.38653944E-9	2.01886596E-8	2.60075972E-7	6.49788915E-5
3.92500000E+2	4.23776246E-9	2.30786526E-8	3.80660925E-7	7.42805760E-5
3.93000000E+2	4.22283733E-9	1.87514593E-8	3.15149099E-7	6.03531418E-5
3.93500000E+2	4.68630926E-9	1.94321942E-8	3.22225423E-7	6.25441443E-5
3.94000000E+2	3.72938630E-9	2.30762471E-8	3.31766597E-7	7.42728336E-5
3.94500000E+2	4.40739057E-9	1.95146051E-8	3.08228859E-7	6.28093907E-5
3.95000000E+2	3.47328274E-8	2.17718258E-8	2.82865000E-7	7.00744443E-5
3.95500000E+2	4.66009134E-9	1.71544597E-8	3.94154628E-7	5.52130650E-5
3.96000000E+2	4.86691157E-9	2.00578008E-8	2.89067533E-7	6.45577113E-5
3.96500000E+2	4.19956127E-9	2.09403352E-8	3.05883583E-7	6.73982221E-5
3.97000000E+2	3.79702657E-9	1.87453698E-8	4.31671457E-7	6.03335424E-5
3.97500000E+2	6.39401996E-9	1.89103283E-8	2.89921339E-7	6.08644752E-5
3.98000000E+2	4.83329613E-9	2.42158254E-8	2.79457691E-7	7.79406619E-5
3.98500000E+2	5.26102536E-9	1.75300538E-8	3.07542793E-7	5.64219459E-5
3.99000000E+2	4.35597213E-9	1.58139642E-8	2.88979675E-7	5.08985678E-5
3.99500000E+2	7.27250712E-9	1.60033515E-8	3.42440161E-7	5.15081267E-5
4.00000000E+2	3.87605412E-8	1.81018077E-8	5.14719858E-7	5.82621840E-5
4.00500000E+2	7.14827167E-9	2.54857237E-8	4.35113128E-7	8.20279357E-5
4.01000000E+2	4.48990158E-9	2.11160374E-8	3.86427385E-7	6.79637345E-5
4.01500000E+2	4.63925706E-9	1.81751175E-8	2.68459811E-7	5.84981376E-5
4.02000000E+2	5.31851830E-9	2.24895665E-8	2.42995015E-7	7.23845530E-5
4.02500000E+2	4.48477031E-9	1.63639374E-8	3.55689284E-7	5.26687029E-5
4.03000000E+2	6.14340903E-9	2.19757409E-8	2.91981385E-7	7.07307624E-5
4.03500000E+2	4.29441444E-9	2.52311940E-8	2.09860357E-7	8.12087107E-5
4.04000000E+2	7.94561444E-9	2.10180416E-8	2.79402727E-7	6.76483269E-5
4.04500000E+2	5.10069766E-9	2.16808911E-8	3.15275956E-7	6.97817633E-5
4.05000000E+2	4.62739340E-8	1.95457967E-8	3.13505230E-7	6.29097832E-5
4.05500000E+2	4.95530764E-9	2.41633654E-8	3.04627085E-7	7.77718149E-5
4.06000000E+2	4.44403738E-9	1.78372420E-8	3.02829954E-7	5.74106569E-5
4.06500000E+2	5.79537057E-9	1.84362734E-8	3.27345327E-7	5.93386898E-5
4.07000000E+2	5.78892493E-9	2.09936370E-8	2.82844046E-7	6.75697787E-5
4.07500000E+2	5.04491224E-9	2.41688831E-8	3.53446681E-7	7.77895741E-5
4.08000000E+2	4.65769722E-9	1.98621203E-8	3.85422933E-7	6.39278973E-5
4.08500000E+2	4.04745586E-9	1.85508963E-8	3.36017595E-7	5.97076130E-5
4.09000000E+2	5.39628051E-9	1.60197731E-8	2.76385683E-7	5.15609810E-5
4.09500000E+2	5.87892547E-9	2.55825139E-8	4.15707271E-7	8.23394632E-5
4.10000000E+2	4.86619018E-8	1.77129107E-8	3.27535164E-7	5.70104863E-5
4.10500000E+2	5.16110541E-9	1.77708178E-8	2.45542064E-7	5.71968650E-5
4.11000000E+2	4.49833904E-9	2.02127221E-8	3.58784464E-7	6.50563387E-5
4.11500000E+2	4.77845614E-9	2.16437188E-8	2.98149563E-7	6.96621212E-5
4.12000000E+2	6.75329475E-9	1.77297969E-8	2.68281468E-7	5.70648360E-5
4.12500000E+2	7.04120392E-9	2.57346045E-8	2.89973502E-7	8.28289796E-5
4.13000000E+2	6.10889894E-9	2.50887928E-8	4.14837725E-7	8.07503806E-5
4.13500000E+2	4.96954583E-9	3.04045313E-8	3.34387636E-7	9.78595300E-5
4.14000000E+2	4.54180732E-9	2.28875377E-8	4.42511703E-7	7.36654565E-5
4.14500000E+2	4.78712654E-9	1.96310776E-8	4.66705492E-7	6.31842670E-5
4.15000000E+2	5.61290615E-8	1.72117363E-8	3.17055199E-7	5.53974144E-5
4.15500000E+2	4.66064692E-9	1.92138707E-8	2.83690875E-7	6.18414518E-5
4.16000000E+2	4.68378566E-9	2.23585138E-8	2.57571726E-7	7.19627487E-5
4.16500000E+2	5.30251452E-9	2.03990101E-8	3.41079967E-7	6.56559220E-5
4.17000000E+2	6.73779086E-9	1.77867215E-8	2.97695425E-7	5.72480525E-5
4.17500000E+2	4.44952994E-9	1.83154271E-8	3.41544247E-7	5.89497358E-5
4.18000000E+2	4.57428517E-9	2.71684026E-8	2.86232290E-7	8.74437789E-5
4.18500000E+2	4.35634987E-9	1.91301798E-8	2.14042740E-7	6.15720855E-5
4.19000000E+2	4.65116126E-9	3.23661337E-8	2.92609646E-7	1.04173112E-4
4.19500000E+2	4.31977929E-9	1.82158193E-8	2.85185908E-7	5.86291398E-5
4.20000000E+2	4.23075862E-8	2.20597009E-8	2.29665529E-7	7.10009945E-5
4.20500000E+2	4.39594486E-9	2.31628317E-8	2.09456831E-7	7.45515134E-5
4.21000000E+2	6.99491649E-9	2.28846211E-8	2.81014900E-7	7.36560693E-5
4.21500000E+2	5.22614420E-9	1.82805332E-8	2.53777598E-7	5.88374267E-5
4.22000000E+2	4.92686678E-9	2.21731625E-8	2.96515446E-7	7.13661802E-5
4.22500000E+2	6.18849853E-9	2.23621646E-8	2.60904011E-7	7.19744991E-5
4.23000000E+2	4.40321763E-9	1.68777861E-8	2.41074554E-7	5.43225680E-5
4.23500000E+2	4.78741361E-9	1.80962361E-8	2.45490326E-7	5.82442513E-5
4.24000000E+2	5.76815356E-9	1.76767628E-8	2.98657511E-7	5.68941413E-5
4.24500000E+2	5.62314059E-9	1.88470171E-8	3.79512142E-7	6.06607026E-5
4.25000000E+2	3.06852996E-8	1.93782367E-8	2.37169620E-7	6.23704774E-5
4.25500000E+2	6.87986834E-9	1.54631330E-8	2.99177946E-7	4.97693883E-5
4.26000000E+2	6.29156869E-9	1.84252213E-8	2.98888460E-7	5.93031177E-5
4.26500000E+2	7.84033929E-9	2.21456911E-8	2.72533981E-7	7.12777612E-5
4.27000000E+2	5.76833199E-9	2.73753116E-8	1.76760157E-7	8.81097326E-5
4.27500000E+2	7.16048192E-9	2.79450498E-8	4.08157630E-7	8.99434828E-5
4.28000000E+2	4.55849180E-9	2.28296028E-8	2.11762188E-7	7.34789883E-5
4.28500000E+2	5.26278765E-9	1.71421195E-8	2.31607634E-7	5.51733471E-5
4.29000000E+2	4.52888903E-9	2.09125184E-8	3.10018812E-7	6.73086916E-5
4.29500000E+2	4.96885954E-9	2.55743884E-8	2.70986054E-7	8.23133105E-5
4.30000000E+2	3.43561527E-8	1.81113090E-8	2.45611810E-7	5.82927644E-5
4.30500000E+2	4.30625305E-9	2.19570076E-8	3.69635077E-7	7.06704677E-5
4.31000000E+2	4.32599073E-9	2.03027063E-8	2.52865680E-7	6.53459603E-5
4.31500000E+2	4.78065509E-9	2.05267387E-8	3.08860155E-7	6.60670272E-5
4.32000000E+2	4.01150558E-9	2.11965813E-8	2.24392980E-7	6.82229719E-5
4.32500000E+2	4.23574637E-9	1.99899452E-8	2.51311220E-7	6.43393123E-5
4.33000000E+2	4.25351045E-9	1.97761089E-8	2.32640702E-7	6.36510626E-5
4.33500000E+2	8.92580527E-9	3.14769657E-8	3.69868082E-7	1.01311250E-4
4.34000000E+2	4.58611892E-9	2.46412920E-8	3.23627597E-7	7.93100617E-5
4.34500000E+2	5.10226778E-9	2.19700101E-8	2.92860547E-7	7.07123172E-5
4.35000000E+2	2.26237831E-8	2.24058293E-8	2.08915577E-7	7.21150377E-5
4.35500000E+2	4.10615060E-9	1.74400495E-8	3.82206700E-7	5.61322598E-5
4.36000000E+2	4.27824984E-9	1.67510770E-8	1.87132862E-7	5.39147439E-5
4.36500000E+2	4.51209574E-9	2.44716117E-8	2.42515666E-7	7.87639314E-5
4.37000000E+2	7.39073704E-9	2.22798273E-8	2.55676781E-7	7.17094899E-5
4.37500000E+2	8.09115919E-9	1.80864930E-8	2.62792128E-7	5.82128921E-5
4.38000000E+2	4.60109769E-9	1.85952082E-8	2.29825192E-7	5.98502346E-5
4.38500000E+2	4.59888939E-9	1.80941870E-8	2.30873299E-7	5.82376558E-5
4.39000000E+2	5.66082795E-9	2.49042993E-8	2.20924821E-7	8.01565726E-5
4.39500000E+2	4.05221143E-9	1.97787276E-8	2.00708339E-7	6.36594908E-5
4.40000000E+2	6.38183414E-8	1.77911691E-8	2.79727269E-7	5.72623674E-5
4.40500000E+2	5.52366657E-9	2.08844740E-8	2.84148625E-7	6.72184284E-5
4.41000000E+2	5.32632566E-9	2.15317457E-8	2.55804913E-7	6.93017266E-5
4.41500000E+2	4.51776251E-9	1.96682823E-8	2.26446554E-7	6.33040134E-5
4.42000000E+2	4.15310366E-9	1.91450216E-8	2.81709015E-7	6.16198552E-5
4.42500000E+2	4.83504823E-9	2.94675331E-8	3.40513466E-7	9.48437228E-5
4.43000000E+2	4.33627663E-9	2.21218654E-8	3.90968557E-7	7.12010762E-5
4.43500000E+2	4.52281298E-9	1.92869369E-8	3.40497851E-7	6.20766215E-5
4.44000000E+2	4.53954911E-9	1.71722548E-8	3.40595922E-7	5.52703400E-5
4.44500000E+2	5.17049288E-9	1.72715044E-8	2.63108174E-7	5.55897833E-5
4.45000000E+2	3.90909349E-8	1.74787301E-8	4.02073328E-7	5.62567565E-5
4.45500000E+2	4.98699718E-9	1.74078524E-8	3.12832534E-7	5.60286306E-5
4.46000000E+2	4.96195131E-9	2.41943980E-8	2.23790789E-7	7.78716958E-5
4.46500000E+2	5.91733648E-9	2.40780566E-8	4.14974801E-7	7.74972412E-5
4.47000000E+2	4.83453110E-9	2.03809799E-8	3.39760770E-7	6.55978905E-5
4.47500000E+2	4.27692862E-9	1.74697564E-8	2.80836531E-7	5.62278737E-5
4.48000000E+2	4.39180694E-9	1.72118930E-8	2.89393714E-7	5.53979189E-5
4.48500000E+2	4.75878244E-9	2.75898235E-8	6.58323082E-7	8.88001573E-5
4.49000000E+2	4.46177278E-9	1.91189126E-8	5.04589368E-7	6.15358212E-5
4.49500000E+2	5.73233220E-9	1.78574329E-8	6.80633751E-7	5.74756429E-5
4.50000000E+2	4.89198658E-8	1.92509331E-8	2.60047873E-6	6.19607401E-5
4.50500000E+2	4.50435109E-9	1.82950103E-8	1.32760525E-6	5.88840225E-5
4.51000000E+2	7.44058861E-9	1.66445224E-8	5.33202883E-7	5.35717892E-5
4.51500000E+2	4.63865231E-9	2.25130723E-8	3.60630620E-7	7.24602082E-5
4.52000000E+2	4.64992510E-9	1.66948444E-8	3.32459922E-7	5.37337547E-5
4.52500000E+2	5.93892344E-9	2.48520415E-8	3.34485806E-7	7.99883767E-5
4.53000000E+2	5.59871121E-9	2.22670638E-8	2.21477243E-7	7.16684093E-5
4.53500000E+2	4.56568206E-9	1.78067043E-8	2.63884228E-7	5.73123689E-5
4.54000000E+2	6.02839044E-9	2.40311854E-8	2.37820061E-7	7.73463823E-5
4.54500000E+2	4.88733255E-9	2.29934287E-8	3.25718644E-7	7.40062755E-5
4.55000000E+2	2.29113257E-8	1.90403267E-8	2.51737241E-7	6.12828857E-5
4.55500000E+2	4.91943010E-9	1.77819544E-8	2.52854504E-7	5.72327092E-5
4.56000000E+2	6.74284128E-9	1.96948608E-8	2.10225791E-7	6.33895586E-5
4.56500000E+2	7.02754507E-9	2.02845400E-8	2.51125799E-7	6.52874906E-5
4.57000000E+2	7.03949150E-9	1.74681594E-8	2.38491309E-7	5.62227336E-5
4.57500000E+2	4.18199458E-9	2.10905495E-8	3.53508009E-7	6.78816995E-5
4.58000000E+2	5.82301916E-9	2.39224008E-8	2.61429998E-7	7.69962500E-5
4.58500000E+2	4.44367082E-9	1.94253812E-8	2.09420926E-7	6.25222159E-5
4.59000000E+2	5.42886546E-9	2.60516448E-8	3.14587262E-7	8.38494004E-5
4.59500000E+2	4.65038853E-9	1.87970385E-8	2.14999318E-7	6.04998424E-5
4.60000000E+2	3.69513650E-8	1.67363999E-8	3.09731066E-7	5.38675045E-5
4.60500000E+2	4.60397967E-9	2.26489048E-8	2.58797700E-7	7.28973966E-5
4.61000000E+2	4.87351462E-9	1.68538463E-8	2.42807202E-7	5.42455155E-5
4.61500000E+2	4.38128723E-9	2.15257103E-8	2.18875380E-7	6.92823012E-5
4.62000000E+2	5.40742193E-9	1.73852720E-8	3.57046484E-7	5.59559537E-5
4.62500000E+2	4.45145641E-9	1.81571346E-8	2.05210434E-7	5.84402582E-5
4.63000000E+2	7.32344611E-9	2.04165561E-8	2.82667610E-7	6.57123953E-5
4.63500000E+2	4.46841732E-9	2.17835672E-8	2.58199632E-7	7.01122350E-5
4.64000000E+2	5.32384951E-9	1.84600796E-8	2.38102399E-7	5.94153118E-5
4.64500000E+2	4.25037630E-9	1.73374000E-8	2.31331938E-7	5.58018735E-5
4.65000000E+2	4.04820260E-8	2.39992025E-8	3.34639973E-7	7.72434427E-5
4.65500000E+2	4.01760491E-9	1.92837054E-8	2.28945092E-7	6.20662206E-5
4.66000000E+2	4.57769068E-9	2.18247809E-8	2.29556550E-7	7.02448847E-5
4.66500000E+2	4.46992561E-9	1.88295822E-8	1.98271998E-7	6.06045870E-5
4.67000000E+2	5.34408645E-9	1.63181413E-8	2.97352090E-7	5.25213042E-5
4.67500000E+2	5.68552976E-9	2.36051320E-8	2.47664256E-7	7.59750940E-5
4.68000000E+2	5.45402731E-9	2.17963154E-8	3.39074573E-7	7.01532664E-5
4.68500000E+2	7.37799832E-9	3.01206338E-8	2.26925069E-7	9.69457819E-5
4.69000000E+2	4.00687393E-9	1.62990008E-8	2.94284460E-7	5.24596990E-5
4.69500000E+2	4.72340610E-9	1.90683258E-8	2.54330245E-7	6.13730034E-5
4.70000000E+2	2.71858277E-8	2.10224448E-8	2.06602862E-7	6.76624989E-5
4.70500000E+2	5.21187139E-9	2.50687303E-8	3.31291876E-7	8.06858077E-5
4.71000000E+2	3.97469401E-9	2.10592996E-8	2.00989410E-7	6.77811192E-5
4.71500000E+2	4.31172596E-9	1.60427362E-8	2.79288571E-7	5.16348899E-5
4.72000000E+2	5.09731973E-9	2.64090125E-8	4.25212360E-7	8.49996180E-5
4.72500000E+2	6.18530926E-9	1.70902952E-8	3.07565432E-7	5.50065463E-5
4.73000000E+2	5.92830955E-9	2.57209566E-8	2.24714449E-7	8.27850525E-5
4.73500000E+2	4.40261525E-9	1.77606639E-8	2.19649854E-7	5.71641839E-5
4.74000000E+2	5.48170500E-9	1.75343717E-8	2.31921678E-7	5.64358437E-5
4.74500000E+2	4.72858906E-9	2.08631511E-8	2.89328437E-7	6.71497987E-5
4.75000000E+2	3.85757862E-8	2.28365736E-8	2.28609153E-7	7.35014244E-5
4.75500000E+2	4.50500526E-9	2.93385702E-8	3.43968203E-7	9.44286449E-5
4.76000000E+2	6.66788025E-9	1.92124422E-8	3.09141145E-7	6.18368539E-5
4.76500000E+2	4.50245129E-9	2.65564696E-8	2.79390989E-7	8.54742210E-5
4.77000000E+2	7.12586588E-9	2.08861888E-8	3.36019186E-7	6.72239474E-5
4.77500000E+2	5.20891466E-9	1.65846724E-8	2.90827261E-7	5.33791570E-5
4.78000000E+2	5.75714329E-9	1.74263098E-8	3.25511566E-7	5.60880372E-5
4.78500000E+2	5.33468221E-9	2.34773299E-8	5.06073668E-7	7.55637520E-5
4.79000000E+2	4.78475238E-9	1.93142220E-8	2.79549007E-7	6.21644408E-5
4.79500000E+2	5.06934619E-9	2.25426663E-8	3.68161706E-7	7.25554591E-5
4.80000000E+2	3.12119318E-8	1.87137903E-8	4.97225806E-7	6.02319012E-5
4.80500000E+2	5.04266583E-9	1.69858954E-8	3.78018972E-7	5.46705266E-5
4.81000000E+2	9.38906250E-9	1.83716165E-8	4.35516411E-7	5.91305860E-5
4.81500000E+2	7.94491436E-9	1.93747740E-8	4.12161391E-7	6.23593324E-5
4.82000000E+2	4.81575177E-9	1.85864557E-8	4.81397896E-7	5.98220639E-5
4.82500000E+2	6.32353298E-9	1.94210558E-8	4.94951545E-7	6.25082943E-5
4.83000000E+2	5.10990975E-9	2.31333503E-8	3.98578295E-7	7.44566251E-5
4.83500000E+2	4.91778638E-9	1.60949756E-8	5.10292825E-7	5.18030266E-5
4.84000000E+2	5.91590847E-9	1.92536206E-8	3.62468445E-7	6.19693901E-5
4.84500000E+2	5.35320691E-9	1.96341148E-8	3.71741329E-7	6.31940424E-5
4.85000000E+2	2.71234131E-8	2.15501286E-8	3.72134570E-7	6.93608933E-5
4.85500000E+2	4.45917736E-9	2.51888680E-8	3.53813481E-7	8.10724809E-5
4.86000000E+2	5.13659959E-9	2.12580081E-8	4.06379937E-7	6.84206791E-5
4.86500000E+2	5.50869038E-9	2.28316544E-8	3.07240871E-7	7.34855914E-5
4.87000000E+2	5.26044244E-9	2.18795124E-8	3.01697937E-7	7.04210426E-5
4.87500000E+2	4.05147834E-9	1.99544048E-8	2.23497446E-7	6.42249226E-5
4.88000000E+2	4.57763832E-9	2.19655284E-8	2.25426963E-7	7.06978925E-5
4.88500000E+2	6.96032090E-9	2.03396946E-8	3.09695124E-7	6.54650101E-5
4.89000000E+2	4.54075925E-9	1.62761731E-8	3.16841507E-7	5.23862259E-5
4.89500000E+2	4.99537851E-9	1.70270744E-8	3.79889640E-7	5.48030647E-5
4.90000000E+2	3.57701898E-8	1.61719174E-8	2.56070396E-7	5.20506703E-5
4.90500000E+2	4.40468439E-9	1.98334231E-8	2.40082832E-7	6.38355329E-5
4.91000000E+2	4.47199914E-9	1.99040913E-8	2.65582264E-7	6.40629846E-5
4.91500000E+2	5.10891619E-9	2.11850586E-8	3.67802849E-7	6.81858851E-5
4.92000000E+2	4.08303881E-9	1.72456046E-8	2.90098468E-7	5.55064226E-5
4.92500000E+2	6.94393200E-9	1.70899358E-8	2.12068217E-7	5.50053895E-5
4.93000000E+2	6.65643714E-9	2.47630375E-8	2.98811162E-7	7.97019096E-5
4.93500000E+2	5.07967090E-9	1.80619788E-8	2.51075387E-7	5.81339913E-5
4.94000000E+2	4.72923077E-9	1.72274626E-8	2.61135488E-7	5.54480311E-5
4.94500000E+2	7.82495791E-9	1.93160557E-8	2.40419792E-7	6.21703426E-5
4.95000000E+2	6.56657381E-8	2.05987449E-8	2.89523612E-7	6.62987853E-5
4.95500000E+2	4.88601828E-9	1.98112117E-8	2.12727729E-7	6.37640438E-5
4.96000000E+2	4.91313415E-9	2.54921093E-8	3.49946454E-7	8.20484884E-5
4.96500000E+2	4.42032561E-9	2.11520183E-8	2.03661869E-7	6.80795419E-5
4.97000000E+2	6.59997024E-9	2.89718913E-8	2.96093081E-7	9.32484582E-5
4.97500000E+2	6.38842027E-9	1.69026157E-8	2.72760780E-7	5.44024840E-5
4.98000000E+2	4.81731287E-9	1.53093508E-8	2.95137902E-7	4.92744275E-5
4.98500000E+2	4.59471144E-9	1.91005977E-8	2.60282749E-7	6.14768732E-5
4.99000000E+2	4.85388321E-9	1.59822992E-8	3.85208852E-7	5.14403683E-5
4.99500000E+2	5.39400557E-9	3.07297109E-8	4.01326849E-7	9.89061477E-5
