0.00000000E+0	1.09959541E-7	1.24588152E-7	2.21797891E-3	5.43742736E-8
5.00000000E-1	6.28208779E-9	2.75052954E-7	8.82351707E-4	1.20041949E-7
1.00000000E+0	5.97720848E-9	2.48742321E-7	4.84716563E-4	1.08559143E-7
1.50000000E+0	5.52465633E-9	1.61066792E-7	2.93455250E-4	7.02947243E-8
2.00000000E+0	4.36407553E-9	1.67009982E-7	2.31722125E-4	7.28885234E-8
2.50000000E+0	5.72856054E-9	1.45399133E-7	1.26233767E-4	6.34568546E-8
3.00000000E+0	5.34865513E-9	1.23381726E-7	1.21415808E-4	5.38477504E-8
3.50000000E+0	5.46706911E-9	1.21532759E-7	1.00687766E-4	5.30408018E-8
4.00000000E+0	5.01892985E-9	1.25551294E-7	1.01288564E-4	5.47946197E-8
4.50000000E+0	4.23719911E-9	8.97192911E-8	8.71699142E-5	3.91563821E-8
5.00000000E+0	4.86909993E-9	9.73089355E-8	7.82972858E-5	4.24687468E-8
5.50000000E+0	5.81094868E-9	1.04388103E-7	6.30995854E-5	4.55583232E-8
6.00000000E+0	4.54952989E-9	7.05984155E-8	6.75882123E-5	3.08114175E-8
6.50000000E+0	4.42169549E-9	1.05597485E-7	5.19681431E-5	4.60861360E-8
7.00000000E+0	5.53788566E-9	7.36163500E-8	5.44724600E-5	3.21285411E-8
7.50000000E+0	6.47209320E-9	6.38409459E-8	5.03541862E-5	2.78622406E-8
8.00000000E+0	4.47080347E-9	7.67758918E-8	4.64030146E-5	3.35074667E-8
8.50000000E+0	4.89668053E-9	6.84008884E-8	4.07802118E-5	2.98523460E-8
9.00000000E+0	4.31249578E-9	7.29793587E-8	4.45784440E-5	3.18505376E-8
9.50000000E+0	3.98501776E-9	6.06810905E-8	3.33699135E-5	2.64831781E-8
1.00000000E+1	4.51501268E-9	6.04992780E-8	3.91356374E-5	2.64038293E-8
1.05000000E+1	5.22381105E-9	6.82349786E-8	3.78739973E-5	2.97799376E-8
1.10000000E+1	5.22601592E-9	5.84764060E-8	3.24999508E-5	2.55209829E-8
1.15000000E+1	5.63527204E-9	6.50346495E-8	3.78123893E-5	2.83832111E-8
1.20000000E+1	4.30528209E-9	7.55688023E-8	2.99349698E-5	3.29806540E-8
1.25000000E+1	4.11570618E-9	6.55263727E-8	3.06216359E-5	2.85978150E-8
1.30000000E+1	4.38814655E-9	7.34881615E-8	3.09199676E-5	3.20725955E-8
1.35000000E+1	4.92203419E-9	5.47877199E-8	3.00796044E-5	2.39111218E-8
1.40000000E+1	4.52967163E-9	5.57126181E-8	2.85374061E-5	2.43147771E-8
1.45000000E+1	5.78461742E-9	7.66957130E-8	2.70210621E-5	3.34724741E-8
1.50000000E+1	4.65833736E-9	5.36926976E-8	2.60110703E-5	2.34332188E-8
1.55000000E+1	4.40909684E-9	5.30246746E-8	2.62384259E-5	2.31416721E-8
1.60000000E+1	4.47110389E-9	5.22202685E-8	2.37671060E-5	2.27906035E-8
1.65000000E+1	4.43285845E-9	4.32433973E-8	2.29352184E-5	1.88728084E-8
1.70000000E+1	6.12049975E-9	5.37547094E-8	2.37979113E-5	2.34602828E-8
1.75000000E+1	4.64126872E-9	6.82679964E-8	1.79347662E-5	2.97943477E-8
1.80000000E+1	5.08517421E-9	4.36444999E-8	2.27977399E-5	1.90478624E-8
1.85000000E+1	6.17162268E-9	4.25603382E-8	2.00484492E-5	1.85746994E-8
1.90000000E+1	6.59524161E-9	4.57305062E-8	2.00535135E-5	1.99582626E-8
1.95000000E+1	4.89207831E-9	4.22265551E-8	1.87807591E-5	1.84290258E-8
2.00000000E+1	4.91025787E-9	4.73699589E-8	1.74931024E-5	2.06737725E-8
2.05000000E+1	6.04007195E-9	5.62086367E-8	1.92006964E-5	2.45312555E-8
2.10000000E+1	4.48424074E-9	4.91978565E-8	1.94480360E-5	2.14715257E-8
2.15000000E+1	5.44877694E-9	4.93878452E-8	1.75323989E-5	2.15544429E-8
2.20000000E+1	8.03461167E-9	4.46083246E-8	1.77775431E-5	1.94685065E-8
2.25000000E+1	4.09023126E-9	3.77252718E-8	1.80965670E-5	1.64645210E-8
2.30000000E+1	4.76102371E-9	4.30055401E-8	1.73630155E-5	1.87689999E-8
2.35000000E+1	5.49629884E-9	4.13687078E-8	1.56757994E-5	1.80546336E-8
2.40000000E+1	6.66036084E-9	4.77389701E-8	1.62803579E-5	2.08348208E-8
2.45000000E+1	5.57470090E-9	4.36473728E-8	1.61452392E-5	1.90491163E-8
2.50000000E+1	5.19541561E-9	7.82315854E-8	1.56601121E-5	3.41427781E-8
2.55000000E+1	4.24259046E-9	3.83023809E-8	1.48684290E-5	1.67163900E-8
2.60000000E+1	5.60963487E-9	4.26836321E-8	1.51941841E-5	1.86285088E-8
2.65000000E+1	5.36424850E-9	4.39483758E-8	1.37848456E-5	1.91804836E-8
2.70000000E+1	5.29060916E-9	4.73931974E-8	1.45749360E-5	2.06839145E-8
2.75000000E+1	5.34165073E-9	4.21922596E-8	1.53125827E-5	1.84140581E-8
2.80000000E+1	6.70576638E-9	3.91248553E-8	1.39820823E-5	1.70753443E-8
2.85000000E+1	7.00741682E-9	4.21864163E-8	1.27116734E-5	1.84115079E-8
2.90000000E+1	5.39900602E-9	4.34361941E-8	1.32085374E-5	1.89569511E-8
2.95000000E+1	4.67464236E-9	6.66868184E-8	1.38121908E-5	2.91042708E-8
3.00000000E+1	4.77279410E-9	3.77794491E-8	1.19886730E-5	1.64881658E-8
3.05000000E+1	5.44484880E-9	3.92183104E-8	1.21334311E-5	1.71161311E-8
3.10000000E+1	6.58893590E-9	4.23594698E-8	1.27092696E-5	1.84870340E-8
3.15000000E+1	4.52198489E-9	4.15441752E-8	1.21795467E-5	1.81312132E-8
3.20000000E+1	5.93232733E-9	3.75900482E-8	1.27212141E-5	1.64055051E-8
3.25000000E+1	5.86562682E-9	3.41172064E-8	1.05899076E-5	1.48898454E-8
3.30000000E+1	4.67110586E-9	3.19774908E-8	1.25718973E-5	1.39560047E-8
3.35000000E+1	4.48613294E-9	4.09887800E-8	1.14264588E-5	1.78888209E-8
3.40000000E+1	5.14434532E-9	4.11169655E-8	1.12396822E-5	1.79447652E-8
3.45000000E+1	5.13166132E-9	3.30193806E-8	1.16101135E-5	1.44107189E-8
3.50000000E+1	4.66348317E-9	3.25635875E-8	1.04602253E-5	1.42117961E-8
3.55000000E+1	6.01015900E-9	3.80815517E-8	1.11599492E-5	1.66200130E-8
3.60000000E+1	5.13841393E-9	3.98826385E-8	1.15052290E-5	1.74060652E-8
3.65000000E+1	7.40888733E-9	4.42180984E-8	1.16945072E-5	1.92981992E-8
3.70000000E+1	5.09487650E-9	4.02816096E-8	1.03426360E-5	1.75801890E-8
3.75000000E+1	7.30886807E-9	3.95959537E-8	1.04708916E-5	1.72809467E-8
3.80000000E+1	4.98299790E-9	3.31376141E-8	1.01647203E-5	1.44623198E-8
3.85000000E+1	4.15141246E-9	3.93946900E-8	1.09166415E-5	1.71931088E-8
3.90000000E+1	4.53537088E-9	3.56362106E-8	9.03916441E-6	1.55527876E-8
3.95000000E+1	5.50261861E-9	4.08488487E-8	1.04653146E-5	1.78277504E-8
4.00000000E+1	4.39687617E-9	3.10344780E-8	9.57873019E-6	1.35444436E-8
4.05000000E+1	4.20459502E-9	4.27384680E-8	7.90804169E-6	1.86524410E-8
4.10000000E+1	6.20205469E-9	3.32671795E-8	9.87229164E-6	1.45188663E-8
4.15000000E+1	6.83844347E-9	3.41180286E-8	8.37602578E-6	1.48902042E-8
4.20000000E+1	5.31646906E-9	3.70258251E-8	9.28274973E-6	1.61592600E-8
4.25000000E+1	4.06518029E-9	3.39638363E-8	9.34107092E-6	1.48229097E-8
4.30000000E+1	4.21552088E-9	3.05246686E-8	9.05642713E-6	1.33219464E-8
4.35000000E+1	5.02827843E-9	4.27263762E-8	8.01866049E-6	1.86471637E-8
4.40000000E+1	5.79319023E-9	3.23194129E-8	9.23872453E-6	1.41052305E-8
4.45000000E+1	4.55486519E-9	4.60958950E-8	8.34451364E-6	2.01177301E-8
4.50000000E+1	4.61839937E-9	2.92812368E-8	9.12320268E-6	1.27792728E-8
4.55000000E+1	5.05104405E-9	3.99266554E-8	9.89310998E-6	1.74252756E-8
4.60000000E+1	4.96965992E-9	3.60596585E-8	9.42987880E-6	1.57375939E-8
4.65000000E+1	4.66514970E-9	3.06603500E-8	8.77300495E-6	1.33811621E-8
4.70000000E+1	6.51049627E-9	3.05545825E-8	8.75692715E-6	1.33350018E-8
4.75000000E+1	4.36781185E-9	3.64547471E-8	7.89510968E-6	1.59100232E-8
4.80000000E+1	5.82451301E-9	5.44053255E-8	1.04025583E-5	2.37442326E-8
4.85000000E+1	4.95000420E-9	3.93238107E-8	1.22129629E-5	1.71621748E-8
4.90000000E+1	4.38614574E-9	2.77370323E-8	1.45292009E-5	1.21053323E-8
4.95000000E+1	4.54906182E-9	2.89183015E-8	2.10837387E-5	1.26208762E-8
5.00000000E+1	4.61379625E-9	7.67164999E-8	5.65768585E-4	3.34815461E-8
5.05000000E+1	6.90230632E-9	3.14179784E-8	2.18832158E-5	1.37118155E-8
5.10000000E+1	6.00008854E-9	3.18082035E-8	1.39833935E-5	1.38821223E-8
5.15000000E+1	4.24238450E-9	3.35538931E-8	1.16480814E-5	1.46439973E-8
5.20000000E+1	5.47708142E-9	3.04045911E-8	1.02969880E-5	1.32695407E-8
5.25000000E+1	4.96942692E-9	2.86685809E-8	7.24300628E-6	1.25118901E-8
5.30000000E+1	5.06599739E-9	3.37605816E-8	7.35245996E-6	1.47342028E-8
5.35000000E+1	4.25520679E-9	3.04256643E-8	7.60413670E-6	1.32787378E-8
5.40000000E+1	4.89806418E-9	4.73260694E-8	8.83605401E-6	2.06546177E-8
5.45000000E+1	5.17873690E-9	3.17169858E-8	7.82691842E-6	1.38423119E-8
5.50000000E+1	5.86510203E-9	2.97103625E-8	7.31285008E-6	1.29665571E-8
5.55000000E+1	4.79977946E-9	2.90670395E-8	6.51214064E-6	1.26857902E-8
5.60000000E+1	4.45159247E-9	3.14946441E-8	7.30520362E-6	1.37452749E-8
5.65000000E+1	4.48693128E-9	2.68628773E-8	6.25166494E-6	1.17238230E-8
5.70000000E+1	4.43765333E-9	4.03848843E-8	6.10492023E-6	1.76252614E-8
5.75000000E+1	5.02089646E-9	3.18706871E-8	6.97365001E-6	1.39093922E-8
5.80000000E+1	4.09734095E-9	3.23487005E-8	6.14475119E-6	1.41180125E-8
5.85000000E+1	6.57270634E-9	4.97389020E-8	5.81488103E-6	2.17076554E-8
5.90000000E+1	5.83930914E-9	2.87300996E-8	6.67174842E-6	1.25387388E-8
5.95000000E+1	6.96391644E-9	4.22603553E-8	6.21745338E-6	1.84437772E-8
6.00000000E+1	4.97774395E-9	3.83631912E-8	5.97532203E-6	1.67429296E-8
6.05000000E+1	4.88613928E-9	2.63285070E-8	6.79707182E-6	1.14906066E-8
6.10000000E+1	4.19780358E-9	3.22299293E-8	6.25507671E-6	1.40661770E-8
6.15000000E+1	3.91742231E-9	3.05190509E-8	7.34746167E-6	1.33194947E-8
6.20000000E+1	4.61973521E-9	3.93684715E-8	5.54520183E-6	1.71816662E-8
6.25000000E+1	5.60516052E-9	2.55976326E-8	6.69839593E-6	1.11716295E-8
6.30000000E+1	7.41576068E-9	2.91419495E-8	6.31068206E-6	1.27184833E-8
6.35000000E+1	5.16737305E-9	3.25835163E-8	6.36884403E-6	1.42204937E-8
6.40000000E+1	5.99608616E-9	3.77970861E-8	5.63925357E-6	1.64958631E-8
6.45000000E+1	4.75414440E-9	3.36579834E-8	6.13945112E-6	1.46894257E-8
6.50000000E+1	5.77112033E-9	2.71739677E-8	6.14127875E-6	1.18595928E-8
6.55000000E+1	6.78563325E-9	2.90944153E-8	6.21776976E-6	1.26977379E-8
6.60000000E+1	5.29510868E-9	2.94360872E-8	5.30856923E-6	1.28468545E-8
6.65000000E+1	4.82849395E-9	2.68396515E-8	5.60970056E-6	1.17136865E-8
6.70000000E+1	5.22524800E-9	3.05393500E-8	6.44578989E-6	1.33283538E-8
6.75000000E+1	6.42763103E-9	3.41690537E-8	4.81255672E-6	1.49124732E-8
6.80000000E+1	4.42723429E-9	3.23814486E-8	5.65560523E-6	1.41323049E-8
6.85000000E+1	4.39279635E-9	4.69034667E-8	5.36647258E-6	2.04701803E-8
6.90000000E+1	4.29527232E-9	2.46755269E-8	5.55931823E-6	1.07691930E-8
6.95000000E+1	4.30541515E-9	3.04780533E-8	4.97463106E-6	1.33016020E-8
7.00000000E+1	4.51309653E-9	2.83343894E-8	5.03482903E-6	1.23660381E-8
7.05000000E+1	5.86035548E-9	3.55492465E-8	6.15819202E-6	1.55148337E-8
7.10000000E+1	4.56273778E-9	3.75397191E-8	5.84854028E-6	1.63835399E-8
7.15000000E+1	5.30839566E-9	3.48795938E-8	5.12928148E-6	1.52225757E-8
7.20000000E+1	5.23547327E-9	2.74063316E-8	5.57186626E-6	1.19610039E-8
7.25000000E+1	5.85962363E-9	3.67946219E-8	5.86823784E-6	1.60583555E-8
7.30000000E+1	5.53999471E-9	2.64379579E-8	5.63933920E-6	1.15383745E-8
7.35000000E+1	4.10738520E-9	3.06794387E-8	5.18138799E-6	1.33894931E-8
7.40000000E+1	4.27906251E-9	2.83000235E-8	5.11887933E-6	1.23510398E-8
7.45000000E+1	4.56348696E-9	3.25277467E-8	4.64354030E-6	1.41961541E-8
7.50000000E+1	4.53770986E-9	2.32397353E-8	5.44478988E-6	1.01425674E-8
7.55000000E+1	4.74952755E-9	2.61059805E-8	5.07138635E-6	1.13934889E-8
7.60000000E+1	4.78755420E-9	2.65626118E-8	5.31179548E-6	1.15927775E-8
7.65000000E+1	5.85829694E-9	2.65995251E-8	4.72776438E-6	1.16088876E-8
7.70000000E+1	4.40907894E-9	2.98619775E-8	5.17009891E-6	1.30327267E-8
7.75000000E+1	4.27542779E-9	2.48938189E-8	4.93096416E-6	1.08644626E-8
7.80000000E+1	6.12392283E-9	2.86280976E-8	4.91339639E-6	1.24942218E-8
7.85000000E+1	5.63007929E-9	2.54460754E-8	5.01834582E-6	1.11054851E-8
7.90000000E+1	5.47196554E-9	2.72724046E-8	4.90548487E-6	1.19025539E-8
7.95000000E+1	4.87972341E-9	3.06579218E-8	4.97584487E-6	1.33801024E-8
8.00000000E+1	3.88828474E-9	2.51625436E-8	4.65104963E-6	1.09817427E-8
8.05000000E+1	4.15012090E-9	3.90282300E-8	4.40070477E-6	1.70331739E-8
8.10000000E+1	5.75640931E-9	2.46442134E-8	5.07710255E-6	1.07555267E-8
8.15000000E+1	5.35272130E-9	2.26187806E-8	4.79637521E-6	9.87156278E-9
8.20000000E+1	5.23346687E-9	3.09819173E-8	5.26128849E-6	1.35215044E-8
8.25000000E+1	5.46371929E-9	2.64044105E-8	4.43392321E-6	1.15237333E-8
8.30000000E+1	4.43468260E-9	2.89076958E-8	5.37671365E-6	1.26162475E-8
8.35000000E+1	5.40983832E-9	3.92000355E-8	4.35360318E-6	1.71081553E-8
8.40000000E+1	4.85069714E-9	3.53434038E-8	4.43973353E-6	1.54249973E-8
8.45000000E+1	4.36535032E-9	3.26313721E-8	5.14473187E-6	1.42413795E-8
8.50000000E+1	4.20997903E-9	3.18260918E-8	4.05212239E-6	1.38899293E-8
8.55000000E+1	6.12670679E-9	3.29113714E-8	4.84403189E-6	1.43635802E-8
8.60000000E+1	5.52802949E-9	2.94744689E-8	4.25346484E-6	1.28636055E-8
8.65000000E+1	4.53615158E-9	2.40848243E-8	4.52928104E-6	1.05113914E-8
8.70000000E+1	4.12812890E-9	3.53727927E-8	4.32122747E-6	1.54378236E-8
8.75000000E+1	4.79769384E-9	3.47848780E-8	4.85007353E-6	1.51812387E-8
8.80000000E+1	5.72086204E-9	4.08006026E-8	3.90640158E-6	1.78066943E-8
8.85000000E+1	4.82889713E-9	4.15009928E-8	4.23118866E-6	1.81123671E-8
8.90000000E+1	4.76876760E-9	3.22293985E-8	4.04663824E-6	1.40659453E-8
8.95000000E+1	5.03897141E-9	2.43163140E-8	4.21700475E-6	1.06124209E-8
9.00000000E+1	5.32546811E-9	2.58269047E-8	4.18404469E-6	1.12716912E-8
9.05000000E+1	4.64792767E-9	2.72967506E-8	2.78095167E-6	1.19131793E-8
9.10000000E+1	4.04936163E-9	2.70407272E-8	5.14695399E-6	1.18014424E-8
9.15000000E+1	4.36255981E-9	2.23757405E-8	4.35784702E-6	9.76549228E-9
9.20000000E+1	6.25685884E-9	3.17405179E-8	4.17368327E-6	1.38525821E-8
9.25000000E+1	6.28856830E-9	2.96414749E-8	3.66072471E-6	1.29364923E-8
9.30000000E+1	4.52844175E-9	2.72069790E-8	4.09003217E-6	1.18740000E-8
9.35000000E+1	5.65884595E-9	2.36367360E-8	3.52244724E-6	1.03158313E-8
9.40000000E+1	4.74898503E-9	2.47232160E-8	4.24986918E-6	1.07900060E-8
9.45000000E+1	4.30521853E-9	4.25069550E-8	3.86080270E-6	1.85514013E-8
9.50000000E+1	4.50996988E-9	2.36067999E-8	4.15843354E-6	1.03027662E-8
9.55000000E+1	6.29045204E-9	3.15979829E-8	4.07454997E-6	1.37903752E-8
9.60000000E+1	6.82746418E-9	2.36436392E-8	4.26430192E-6	1.03188440E-8
9.65000000E+1	6.09783541E-9	3.88675716E-8	3.82892567E-6	1.69630574E-8
9.70000000E+1	4.55683644E-9	2.68034849E-8	4.01448271E-6	1.16979022E-8
9.75000000E+1	6.51704818E-9	2.56499391E-8	3.32658568E-6	1.11944578E-8
9.80000000E+1	4.78000888E-9	2.79613843E-8	4.73698068E-6	1.22032467E-8
9.85000000E+1	4.57095979E-9	2.46602276E-8	4.25972667E-6	1.07625159E-8
9.90000000E+1	4.40370222E-9	2.51146993E-8	4.97025945E-6	1.09608619E-8
9.95000000E+1	6.33306440E-9	2.50280851E-8	4.43081785E-6	1.09230607E-8
1.00000000E+2	5.62596791E-9	2.51307150E-8	6.32691282E-6	1.09678517E-8
1.00500000E+2	5.26920628E-9	3.21562512E-8	4.47983097E-6	1.40340215E-8
1.01000000E+2	4.25697627E-9	3.09845662E-8	4.53286144E-6	1.35226605E-8
1.01500000E+2	6.32511495E-9	2.95024358E-8	3.91839316E-6	1.28758111E-8
1.02000000E+2	4.37837598E-9	2.31987554E-8	4.56515278E-6	1.01246824E-8
1.02500000E+2	4.69445433E-9	2.17920059E-8	3.27057726E-6	9.51073174E-9
1.03000000E+2	4.64083649E-9	2.50214187E-8	3.59409027E-6	1.09201513E-8
1.03500000E+2	4.73928326E-9	2.48772101E-8	3.77895770E-6	1.08572140E-8
1.04000000E+2	5.09993677E-9	2.46032075E-8	4.35289289E-6	1.07376305E-8
1.04500000E+2	5.75936593E-9	3.39053003E-8	3.58425927E-6	1.47973627E-8
1.05000000E+2	4.32168122E-9	2.55540207E-8	3.99258382E-6	1.11525959E-8
1.05500000E+2	5.00552288E-9	2.54924715E-8	3.27294060E-6	1.11257338E-8
1.06000000E+2	4.84234132E-9	3.06684796E-8	4.31529511E-6	1.33847101E-8
1.06500000E+2	5.77668272E-9	3.82364673E-8	3.80525603E-6	1.66876232E-8
1.07000000E+2	5.78431565E-9	2.73094346E-8	3.90820287E-6	1.19187149E-8
1.07500000E+2	4.40037313E-9	2.31021312E-8	3.54849451E-6	1.00825125E-8
1.08000000E+2	5.93510336E-9	3.90940925E-8	2.85480897E-6	1.70619184E-8
1.08500000E+2	7.43020723E-9	3.42605708E-8	3.82870665E-6	1.49524142E-8
1.09000000E+2	4.25097006E-9	2.66497535E-8	3.17354027E-6	1.16308089E-8
1.09500000E+2	6.44339147E-9	2.26052178E-8	3.37820977E-6	9.86564355E-9
1.10000000E+2	4.72653097E-9	3.30218741E-8	4.05980095E-6	1.44118071E-8
1.10500000E+2	4.32612658E-9	2.55422654E-8	3.41953806E-6	1.11474655E-8
1.11000000E+2	4.17637123E-9	2.84970430E-8	3.02049488E-6	1.24370254E-8
1.11500000E+2	5.37522802E-9	2.67870995E-8	4.10865246E-6	1.16907511E-8
1.12000000E+2	5.43200296E-9	2.13582815E-8	3.53586299E-6	9.32144049E-9
1.12500000E+2	6.82590663E-9	2.02140390E-8	3.75153043E-6	8.82205627E-9
1.13000000E+2	4.67672474E-9	2.39923409E-8	3.52005617E-6	1.04710287E-8
1.13500000E+2	7.11060529E-9	2.64292826E-8	3.47228195E-6	1.15345883E-8
1.14000000E+2	5.97410934E-9	2.23660976E-8	3.34636488E-6	9.76128379E-9
1.14500000E+2	4.35984505E-9	3.40174754E-8	3.42536416E-6	1.48463196E-8
1.15000000E+2	6.94848897E-9	2.95778766E-8	3.43485637E-6	1.29087359E-8
1.15500000E+2	6.24686162E-9	3.58402150E-8	3.43177435E-6	1.56418217E-8
1.16000000E+2	6.36057837E-9	2.34385543E-8	3.14174015E-6	1.02293384E-8
1.16500000E+2	5.07519118E-9	3.15788522E-8	3.22741502E-6	1.37820260E-8
1.17000000E+2	4.41208205E-9	2.86984178E-8	4.00230842E-6	1.25249119E-8
1.17500000E+2	5.43456026E-9	2.36650126E-8	2.95681602E-6	1.03281721E-8
1.18000000E+2	4.72058180E-9	2.68598498E-8	3.93407540E-6	1.17225017E-8
1.18500000E+2	5.48030877E-9	3.36062393E-8	2.66348486E-6	1.46668429E-8
1.19000000E+2	4.55212054E-9	3.20268860E-8	3.61252250E-6	1.39775623E-8
1.19500000E+2	4.62296914E-9	2.24802324E-8	3.25330801E-6	9.81109591E-9
1.20000000E+2	5.29378804E-9	2.05020156E-8	2.99594360E-6	8.94773853E-9
1.20500000E+2	6.28182970E-9	4.22478637E-8	3.75965697E-6	1.84383255E-8
1.21000000E+2	7.66761465E-9	2.39278149E-8	3.56924622E-6	1.04428674E-8
1.21500000E+2	5.02063262E-9	2.98445040E-8	3.41364429E-6	1.30251007E-8
1.22000000E+2	4.61446177E-9	2.39271567E-8	2.95157512E-6	1.04425802E-8
1.22500000E+2	6.42248013E-9	2.32756608E-8	3.61349481E-6	1.01582464E-8
1.23000000E+2	4.33146191E-9	2.46462234E-8	3.26135391E-6	1.07564040E-8
1.23500000E+2	4.57033252E-9	2.45944436E-8	3.34173842E-6	1.07338056E-8
1.24000000E+2	4.91222337E-9	2.30042915E-8	2.94162478E-6	1.00398121E-8
1.24500000E+2	5.26881187E-9	2.17993272E-8	3.33752786E-6	9.51392701E-9
1.25000000E+2	4.44243935E-9	2.23010428E-8	3.43615426E-6	9.73289182E-9
1.25500000E+2	6.53039188E-9	2.67596862E-8	3.48104554E-6	1.16787871E-8
1.26000000E+2	4.93373291E-9	2.02957028E-8	3.21816837E-6	8.85769698E-9
1.26500000E+2	4.91574736E-9	4.88521282E-8	3.25346476E-6	2.13206388E-8
1.27000000E+2	7.38072418E-9	4.12155953E-8	2.59954801E-6	1.79878104E-8
1.27500000E+2	4.60376064E-9	2.61398429E-8	3.05255745E-6	1.14082675E-8
1.28000000E+2	4.71821925E-9	2.01257247E-8	3.13274743E-6	8.78351308E-9
1.28500000E+2	5.71743108E-9	2.58652158E-8	2.66818360E-6	1.12884114E-8
1.29000000E+2	4.22211476E-9	2.29013721E-8	3.02883380E-6	9.99489481E-9
1.29500000E+2	4.54254068E-9	2.57560828E-8	3.30543577E-6	1.12407823E-8
1.30000000E+2	4.25843858E-9	3.03717236E-8	2.33203970E-6	1.32551963E-8
1.30500000E+2	4.63903763E-9	2.40004701E-8	2.70153681E-6	1.04745765E-8
1.31000000E+2	4.73517865E-9	3.59138901E-8	3.19406861E-6	1.56739759E-8
1.31500000E+2	4.55155973E-9	2.22157201E-8	3.16586893E-6	9.69565423E-9
1.32000000E+2	4.48348319E-9	4.19943291E-8	3.04773883E-6	1.83276748E-8
1.32500000E+2	5.08428453E-9	2.11732982E-8	2.90647837E-6	9.24070782E-9
1.33000000E+2	4.66103280E-9	2.42916365E-8	2.95213879E-6	1.06016509E-8
1.33500000E+2	4.88651106E-9	2.29586793E-8	2.90745370E-6	1.00199055E-8
1.34000000E+2	3.82021555E-9	2.30236449E-8	2.75543611E-6	1.00482586E-8
1.34500000E+2	6.67380437E-9	2.04105387E-8	3.00212676E-6	8.90781507E-9
1.35000000E+2	5.25690550E-9	4.50303702E-8	2.07870053E-6	1.96527008E-8
1.35500000E+2	4.23139545E-9	3.27179018E-8	2.84509721E-6	1.42791438E-8
1.36000000E+2	5.60524847E-9	4.97784038E-8	2.16613651E-6	2.17248952E-8
1.36500000E+2	4.29177787E-9	2.02628785E-8	3.09686945E-6	8.84337142E-9
1.37000000E+2	4.53894712E-9	2.79003328E-8	3.29935480E-6	1.21766019E-8
1.37500000E+2	4.99511193E-9	2.56066277E-8	2.54541911E-6	1.11755553E-8
1.38000000E+2	4.49843298E-9	2.55321743E-8	2.94700262E-6	1.11430614E-8
1.38500000E+2	6.82940643E-9	2.18648586E-8	3.20829284E-6	9.54252700E-9
1.39000000E+2	4.85321188E-9	2.40222922E-8	2.92842923E-6	1.04841003E-8
1.39500000E+2	4.20548475E-9	2.28159455E-8	3.08340115E-6	9.95761190E-9
1.40000000E+2	4.17034101E-9	1.94496592E-8	2.69973535E-6	8.48845634E-9
1.40500000E+2	4.76414299E-9	3.36829684E-8	2.82801216E-6	1.47003300E-8
1.41000000E+2	4.46902315E-9	2.00741365E-8	2.97301385E-6	8.76099834E-9
1.41500000E+2	8.73100659E-9	2.25058979E-8	2.40002483E-6	9.82229714E-9
1.42000000E+2	5.40685609E-9	2.16383782E-8	2.77186814E-6	9.44368366E-9
1.42500000E+2	4.46147070E-9	2.89790256E-8	2.63982394E-6	1.26473781E-8
1.43000000E+2	4.41570798E-9	2.28230461E-8	2.82926170E-6	9.96071081E-9
1.43500000E+2	4.67156337E-9	2.08478872E-8	2.52944360E-6	9.09868799E-9
1.44000000E+2	4.86339670E-9	2.94341855E-8	2.76460509E-6	1.28460245E-8
1.44500000E+2	4.72092401E-9	2.13401404E-8	2.43532593E-6	9.31352313E-9
1.45000000E+2	4.42587359E-9	2.18329989E-8	2.66170386E-6	9.52862240E-9
1.45500000E+2	5.66296012E-9	2.81484368E-8	2.71504423E-6	1.22848825E-8
1.46000000E+2	4.97615644E-9	2.19825173E-8	2.85530808E-6	9.59387703E-9
1.46500000E+2	4.49158812E-9	3.23531955E-8	2.82513040E-6	1.41199743E-8
1.47000000E+2	5.96804095E-9	3.35819750E-8	2.84139335E-6	1.46562532E-8
1.47500000E+2	3.89530867E-9	1.90021603E-8	2.26354462E-6	8.29315348E-9
1.48000000E+2	4.64026046E-9	2.09059254E-8	2.96496671E-6	9.12401772E-9
1.48500000E+2	6.69235806E-9	2.38406147E-8	2.62079737E-6	1.04048105E-8
1.49000000E+2	4.93173762E-9	2.57371066E-8	3.10815409E-6	1.12325005E-8
1.49500000E+2	4.54135060E-9	2.12572503E-8	3.37273472E-6	9.27734723E-9
1.50000000E+2	6.33006976E-9	3.12391141E-8	1.33368830E-5	1.36337534E-8
1.50500000E+2	5.48606257E-9	2.20204950E-8	3.45841087E-6	9.61045174E-9
1.51000000E+2	4.08685794E-9	2.25107408E-8	3.13112158E-6	9.82441077E-9
1.51500000E+2	5.70604984E-9	2.30954271E-8	3.02216465E-6	1.00795867E-8
1.52000000E+2	3.99467703E-9	2.13944740E-8	3.17018606E-6	9.33723602E-9
1.52500000E+2	6.18863671E-9	2.24557655E-8	2.08778084E-6	9.80041777E-9
1.53000000E+2	4.40626883E-9	1.95336901E-8	2.75484712E-6	8.52513015E-9
1.53500000E+2	5.55287237E-9	2.75922447E-8	2.68988877E-6	1.20421424E-8
1.54000000E+2	7.74727306E-9	2.24098902E-8	2.87009975E-6	9.78039632E-9
1.54500000E+2	4.50934581E-9	1.93466174E-8	2.75461685E-6	8.44348560E-9
1.55000000E+2	4.73519108E-9	2.43241942E-8	2.50775266E-6	1.06158601E-8
1.55500000E+2	4.85521869E-9	2.46274412E-8	2.42061741E-6	1.07482068E-8
1.56000000E+2	6.05246425E-9	2.84372764E-8	2.24992170E-6	1.24109413E-8
1.56500000E+2	4.61079336E-9	2.17896689E-8	2.32794345E-6	9.50971178E-9
1.57000000E+2	6.18806275E-9	2.10382032E-8	2.46012540E-6	9.18174802E-9
1.57500000E+2	7.18895519E-9	2.09530171E-8	2.53417497E-6	9.14457006E-9
1.58000000E+2	4.25470440E-9	2.10046341E-8	2.57285059E-6	9.16709738E-9
1.58500000E+2	5.33484330E-9	2.24032306E-8	2.32384490E-6	9.77748985E-9
1.59000000E+2	4.18893281E-9	2.27249675E-8	2.67122992E-6	9.91790616E-9
1.59500000E+2	4.58830730E-9	2.16214706E-8	2.39559894E-6	9.43630465E-9
1.60000000E+2	4.32716346E-9	2.12143651E-8	2.55773906E-6	9.25863073E-9
1.60500000E+2	5.53147049E-9	2.97851585E-8	2.76852907E-6	1.29992004E-8
1.61000000E+2	5.42002446E-9	2.08359090E-8	2.41223596E-6	9.09346034E-9
1.61500000E+2	4.61935270E-9	2.84928237E-8	2.40795107E-6	1.24351840E-8
1.62000000E+2	5.60346081E-9	2.35164207E-8	2.43303915E-6	1.02633218E-8
1.62500000E+2	5.84633254E-9	2.87774422E-8	3.04660978E-6	1.25594007E-8
1.63000000E+2	6.70619627E-9	2.25179580E-8	2.74850874E-6	9.82756058E-9
1.63500000E+2	5.00768500E-9	2.05564209E-8	2.75633338E-6	8.97148276E-9
1.64000000E+2	5.40234827E-9	2.64368830E-8	2.95792435E-6	1.15379054E-8
1.64500000E+2	5.44357009E-9	1.92357118E-8	2.44814414E-6	8.39508284E-9
1.65000000E+2	6.07470410E-9	2.11838677E-8	2.36650071E-6	9.24532069E-9
1.65500000E+2	5.33937962E-9	2.95537018E-8	2.61857396E-6	1.28981853E-8
1.66000000E+2	5.08324218E-9	2.05535300E-8	2.41040157E-6	8.97022106E-9
1.66500000E+2	4.18431971E-9	2.05869278E-8	2.61401189E-6	8.98479693E-9
1.67000000E+2	4.90556552E-9	2.28188295E-8	2.76055210E-6	9.95887058E-9
1.67500000E+2	4.36753683E-9	2.26213135E-8	2.08888878E-6	9.87266825E-9
1.68000000E+2	5.82709441E-9	2.01018772E-8	2.71316742E-6	8.77310524E-9
1.68500000E+2	7.13416462E-9	2.77833581E-8	2.67161488E-6	1.21255504E-8
1.69000000E+2	4.96521029E-9	2.32985141E-8	2.71407012E-6	1.01682203E-8
1.69500000E+2	5.49430018E-9	2.13645076E-8	2.55047101E-6	9.32415775E-9
1.70000000E+2	4.68483865E-9	3.68638076E-8	2.00063720E-6	1.60885504E-8
1.70500000E+2	4.63754904E-9	2.55274118E-8	2.29043184E-6	1.11409829E-8
1.71000000E+2	7.12292326E-9	2.01245529E-8	2.55146078E-6	8.78300168E-9
1.71500000E+2	4.43351037E-9	4.16721408E-8	2.15089102E-6	1.81870615E-8
1.72000000E+2	4.45096490E-9	2.65978984E-8	2.68179701E-6	1.16081777E-8
1.72500000E+2	6.13121736E-9	2.99187685E-8	2.17684754E-6	1.30575121E-8
1.73000000E+2	6.66842230E-9	2.40211963E-8	2.25019214E-6	1.04836221E-8
1.73500000E+2	4.06444765E-9	2.50075499E-8	2.28371077E-6	1.09140985E-8
1.74000000E+2	5.08133781E-9	2.33446747E-8	2.25846486E-6	1.01883663E-8
1.74500000E+2	5.98648234E-9	1.87036340E-8	2.34888035E-6	8.16286697E-9
1.75000000E+2	5.43122957E-9	2.73426569E-8	2.76327726E-6	1.19332142E-8
1.75500000E+2	4.38636541E-9	1.84104310E-8	2.24192766E-6	8.03490379E-9
1.76000000E+2	4.05384693E-9	2.10208254E-8	2.58963425E-6	9.17416378E-9
1.76500000E+2	6.32232120E-9	2.33757682E-8	2.53293103E-6	1.02019365E-8
1.77000000E+2	4.49445190E-9	2.19388421E-8	2.22865652E-6	9.57481576E-9
1.77500000E+2	1.00682105E-8	2.30577523E-8	2.64015826E-6	1.00631441E-8
1.78000000E+2	7.11584323E-9	2.14341708E-8	2.38699604E-6	9.35456099E-9
1.78500000E+2	4.21034940E-9	2.48578477E-8	2.53979758E-6	1.08487636E-8
1.79000000E+2	4.34762870E-9	2.07916580E-8	2.50640431E-6	9.07414779E-9
1.79500000E+2	4.98928823E-9	2.86399767E-8	2.58074588E-6	1.24994063E-8
1.80000000E+2	6.71792901E-9	2.06951969E-8	2.15844690E-6	9.03204903E-9
1.80500000E+2	6.41737675E-9	2.59893637E-8	2.59619128E-6	1.13425936E-8
1.81000000E+2	5.41949111E-9	2.87596078E-8	2.48660440E-6	1.25516171E-8
1.81500000E+2	5.46473033E-9	2.77493742E-8	2.21415819E-6	1.21107187E-8
1.82000000E+2	4.21686526E-9	2.29391490E-8	2.61383958E-6	1.00113819E-8
1.82500000E+2	6.00660858E-9	2.18122589E-8	2.14602500E-6	9.51957079E-9
1.83000000E+2	4.33050373E-9	2.24850674E-8	2.43532275E-6	9.81320604E-9
1.83500000E+2	5.01987138E-9	2.21777066E-8	2.06340455E-6	9.67906392E-9
1.84000000E+2	4.11854190E-9	1.97513940E-8	2.41805293E-6	8.62014313E-9
1.84500000E+2	4.50496077E-9	2.22155672E-8	2.01916217E-6	9.69558751E-9
1.85000000E+2	6.56948115E-9	2.18994146E-8	2.07114179E-6	9.55760835E-9
1.85500000E+2	5.33289865E-9	2.00568579E-8	2.56355564E-6	8.75345740E-9
1.86000000E+2	5.67342207E-9	2.24189519E-8	2.68415141E-6	9.78435113E-9
1.86500000E+2	4.34538627E-9	2.00996011E-8	2.34263300E-6	8.77211191E-9
1.87000000E+2	5.60493998E-9	2.50836846E-8	2.39835938E-6	1.09473261E-8
1.87500000E+2	4.21241230E-9	2.10361021E-8	2.28150317E-6	9.18083104E-9
1.88000000E+2	5.98869897E-9	2.23385051E-8	2.48717777E-6	9.74924154E-9
1.88500000E+2	4.44915811E-9	2.03838894E-8	2.88610853E-6	8.89618444E-9
1.89000000E+2	4.31589036E-9	1.99036748E-8	1.88878019E-6	8.68660338E-9
1.89500000E+2	6.51386600E-9	2.03885065E-8	2.16834299E-6	8.89819949E-9
1.90000000E+2	5.41645638E-9	2.58444125E-8	2.57637993E-6	1.12793322E-8
1.90500000E+2	6.12359611E-9	1.95044696E-8	2.94558626E-6	8.51237740E-9
1.91000000E+2	4.59866691E-9	2.42912169E-8	1.81372808E-6	1.06014677E-8
1.91500000E+2	5.39499057E-9	2.38428734E-8	1.63751373E-6	1.04057962E-8
1.92000000E+2	5.24754752E-9	2.49700094E-8	1.56710667E-6	1.08977146E-8
1.92500000E+2	4.10784105E-9	1.83771499E-8	2.89403524E-6	8.02037885E-9
1.93000000E+2	5.04026470E-9	2.13169167E-8	2.64383873E-6	9.30338756E-9
1.93500000E+2	4.96028367E-9	1.90238486E-8	2.49350467E-6	8.30261891E-9
1.94000000E+2	4.99907996E-9	1.93673499E-8	2.39691675E-6	8.45253394E-9
1.94500000E+2	5.89457820E-9	2.10839242E-8	2.15452588E-6	9.20170214E-9
1.95000000E+2	6.95130789E-9	1.98876165E-8	2.04576839E-6	8.67959502E-9
1.95500000E+2	4.67940385E-9	2.35014257E-8	2.31228323E-6	1.02567775E-8
1.96000000E+2	4.07289986E-9	2.96945528E-8	2.59440198E-6	1.29596572E-8
1.96500000E+2	4.71295774E-9	2.65752860E-8	2.42136206E-6	1.15983089E-8
1.97000000E+2	7.44955941E-9	2.34996021E-8	1.75746237E-6	1.02559816E-8
1.97500000E+2	4.65083996E-9	2.54521110E-8	2.04761596E-6	1.11081192E-8
1.98000000E+2	4.54072380E-9	2.60760857E-8	2.13230657E-6	1.13804419E-8
1.98500000E+2	7.80578799E-9	1.87966959E-8	2.19695611E-6	8.20348219E-9
1.99000000E+2	5.45525874E-9	2.27987555E-8	2.09382624E-6	9.95010961E-9
1.99500000E+2	4.62779643E-9	2.64644056E-8	2.77853837E-6	1.15499171E-8
2.00000000E+2	4.28881996E-9	2.27446314E-8	1.96831119E-6	9.92648813E-9
2.00500000E+2	5.15740954E-9	3.39492224E-8	1.84050034E-6	1.48165317E-8
2.01000000E+2	4.39545530E-9	2.24498025E-8	2.34050940E-6	9.79781532E-9
2.01500000E+2	5.05044374E-9	3.14473396E-8	2.14099922E-6	1.37246297E-8
2.02000000E+2	4.88746794E-9	2.19051805E-8	2.36606732E-6	9.56012478E-9
2.02500000E+2	5.46919593E-9	2.94375843E-8	1.57952671E-6	1.28475079E-8
2.03000000E+2	5.35685281E-9	2.37768850E-8	1.88031945E-6	1.03769968E-8
2.03500000E+2	4.13350996E-9	2.20697748E-8	1.99317637E-6	9.63195903E-9
2.04000000E+2	4.73675459E-9	2.68669987E-8	2.13254536E-6	1.17256217E-8
2.04500000E+2	4.40704616E-9	2.75864359E-8	2.68184605E-6	1.20396072E-8
2.05000000E+2	5.00673003E-9	2.34155124E-8	2.06450072E-6	1.02192822E-8
2.05500000E+2	4.96146889E-9	1.97151212E-8	2.27118608E-6	8.60431251E-9
2.06000000E+2	4.15254149E-9	2.02741874E-8	2.43160816E-6	8.84830697E-9
2.06500000E+2	5.18177840E-9	1.96686024E-8	1.63119817E-6	8.58401023E-9
2.07000000E+2	5.30323786E-9	2.54722517E-8	1.82715887E-6	1.11169093E-8
2.07500000E+2	4.46679695E-9	2.54313497E-8	1.52892668E-6	1.10990583E-8
2.08000000E+2	5.08845033E-9	2.43527713E-8	1.87951487E-6	1.06283320E-8
2.08500000E+2	5.77162833E-9	2.09210743E-8	1.73150658E-6	9.13062921E-9
2.09000000E+2	7.47193801E-9	1.95756482E-8	1.80622307E-6	8.54344202E-9
2.09500000E+2	5.36954005E-9	2.27085511E-8	1.78841231E-6	9.91074153E-9
2.10000000E+2	4.36944958E-9	1.97713929E-8	1.87136324E-6	8.62887127E-9
2.10500000E+2	4.17093066E-9	1.94650049E-8	2.32975689E-6	8.49515373E-9
2.11000000E+2	4.78694407E-9	2.50223297E-8	2.56464100E-6	1.09205489E-8
2.11500000E+2	5.92612023E-9	2.24542787E-8	2.29677811E-6	9.79976888E-9
2.12000000E+2	4.82188526E-9	3.02937511E-8	2.52190397E-6	1.32211666E-8
2.12500000E+2	5.32403007E-9	2.10926029E-8	1.98459412E-6	9.20548978E-9
2.13000000E+2	5.24423221E-9	2.00210522E-8	1.93099888E-6	8.73783061E-9
2.13500000E+2	4.87514274E-9	2.21558494E-8	1.82549140E-6	9.66952474E-9
2.14000000E+2	5.28171195E-9	1.85629133E-8	1.95289995E-6	8.10145197E-9
2.14500000E+2	4.96823482E-9	1.74932395E-8	2.06148107E-6	7.63461192E-9
2.15000000E+2	4.40039930E-9	2.19682554E-8	2.20906201E-6	9.58765268E-9
2.15500000E+2	4.30864964E-9	1.94232575E-8	2.23398988E-6	8.47693379E-9
2.16000000E+2	5.28690127E-9	2.12471657E-8	2.15665018E-6	9.27294599E-9
2.16500000E+2	4.79498393E-9	2.24604803E-8	2.31048352E-6	9.80247543E-9
2.17000000E+2	4.65652623E-9	1.82541222E-8	2.04212784E-6	7.96668559E-9
2.17500000E+2	5.00356313E-9	2.13717486E-8	1.78483208E-6	9.32731796E-9
2.18000000E+2	7.12331914E-9	2.01614977E-8	2.20980099E-6	8.79912556E-9
2.18500000E+2	4.05088367E-9	1.76014919E-8	1.78763531E-6	7.68185675E-9
2.19000000E+2	4.66223341E-9	2.54063478E-8	1.90652115E-6	1.10881467E-8
2.19500000E+2	5.43827264E-9	2.43636442E-8	1.54052606E-6	1.06330773E-8
2.20000000E+2	4.36834372E-9	2.70785155E-8	1.81898200E-6	1.18179344E-8
2.20500000E+2	5.12129928E-9	1.72544967E-8	2.19633126E-6	7.53041692E-9
2.21000000E+2	6.01054683E-9	2.05628289E-8	2.00985003E-6	8.97427941E-9
2.21500000E+2	4.94546186E-9	1.99626268E-8	2.02385590E-6	8.71233189E-9
2.22000000E+2	4.39618461E-9	2.13076252E-8	1.83975192E-6	9.29933246E-9
2.22500000E+2	5.40402247E-9	2.16165056E-8	2.27661637E-6	9.43413777E-9
2.23000000E+2	4.17986265E-9	2.78103308E-8	1.73043341E-6	1.21373222E-8
2.23500000E+2	4.46217211E-9	2.10064845E-8	1.94532939E-6	9.16790498E-9
2.24000000E+2	6.77632415E-9	1.99049922E-8	1.89658999E-6	8.68717834E-9
2.24500000E+2	4.72634968E-9	2.21310313E-8	1.63877594E-6	9.65869333E-9
2.25000000E+2	6.04049987E-9	2.07060808E-8	2.00028026E-6	9.03679915E-9
2.25500000E+2	5.15592940E-9	2.62665482E-8	1.78581257E-6	1.14635658E-8
2.26000000E+2	4.70099473E-9	2.72805367E-8	2.30100686E-6	1.19061030E-8
2.26500000E+2	4.44529909E-9	3.21193364E-8	1.71063880E-6	1.40179107E-8
2.27000000E+2	5.27471847E-9	1.93547980E-8	1.94241800E-6	8.44705590E-9
2.27500000E+2	5.52918547E-9	1.99989031E-8	1.88019477E-6	8.72816406E-9
2.28000000E+2	5.14865204E-9	1.90372474E-8	2.02808746E-6	8.30846658E-9
2.28500000E+2	4.55740293E-9	1.96286184E-8	1.96632901E-6	8.56655989E-9
2.29000000E+2	7.31373056E-9	1.98277372E-8	1.66474781E-6	8.65346175E-9
2.29500000E+2	4.71887471E-9	2.58279263E-8	2.10651251E-6	1.12721371E-8
2.30000000E+2	4.88888515E-9	1.76670703E-8	1.84919882E-6	7.71047727E-9
2.30500000E+2	4.10155643E-9	2.11249611E-8	2.00724361E-6	9.21961194E-9
2.31000000E+2	4.35833999E-9	1.68634549E-8	1.89277766E-6	7.35975370E-9
2.31500000E+2	4.82275037E-9	1.84010229E-8	1.69784793E-6	8.03079777E-9
2.32000000E+2	4.92915035E-9	2.18531102E-8	1.71192886E-6	9.53739962E-9
2.32500000E+2	4.44325556E-9	1.84286021E-8	1.84763071E-6	8.04283422E-9
2.33000000E+2	7.30073490E-9	2.20130490E-8	1.70827241E-6	9.60720204E-9
2.33500000E+2	5.81266718E-9	1.92118295E-8	1.75502660E-6	8.38465983E-9
2.34000000E+2	4.09992525E-9	2.95510852E-8	2.22240037E-6	1.28970433E-8
2.34500000E+2	5.77909297E-9	2.36175145E-8	1.78583832E-6	1.03074424E-8
2.35000000E+2	7.37018079E-9	2.54059606E-8	1.66568786E-6	1.10879777E-8
2.35500000E+2	4.98761193E-9	2.04308552E-8	2.25391958E-6	8.91668185E-9
2.36000000E+2	5.31703804E-9	2.41159411E-8	1.80042803E-6	1.05249718E-8
2.36500000E+2	5.24962640E-9	2.90002846E-8	1.35545055E-6	1.26566562E-8
2.37000000E+2	6.70926393E-9	1.94900201E-8	1.88466088E-6	8.50607114E-9
2.37500000E+2	3.93229089E-9	2.52798433E-8	1.51958112E-6	1.10329361E-8
2.38000000E+2	5.45776989E-9	2.08252234E-8	1.77312377E-6	9.08879678E-9
2.38500000E+2	6.94239617E-9	2.08998834E-8	1.92328491E-6	9.12138079E-9
2.39000000E+2	4.30989322E-9	1.89503635E-8	1.88194192E-6	8.27054766E-9
2.39500000E+2	5.41152767E-9	2.74917775E-8	1.41975605E-6	1.19982953E-8
2.40000000E+2	4.70369247E-9	1.75662349E-8	1.96739436E-6	7.66646945E-9
2.40500000E+2	5.14319069E-9	2.55406515E-8	1.56900144E-6	1.11467611E-8
2.41000000E+2	5.21324569E-9	1.94530110E-8	1.99921957E-6	8.48991917E-9
2.41500000E+2	5.07024733E-9	1.89920224E-8	1.55734364E-6	8.28872894E-9
2.42000000E+2	5.79099157E-9	2.62886633E-8	2.29626862E-6	1.14732175E-8
2.42500000E+2	5.52776351E-9	3.17858464E-8	2.34916878E-6	1.38723649E-8
2.43000000E+2	4.49608646E-9	2.19689973E-8	1.51406819E-6	9.58797647E-9
2.43500000E+2	4.31251434E-9	2.15438374E-8	1.73093801E-6	9.40242302E-9
2.44000000E+2	4.42298037E-9	2.61383577E-8	1.45942601E-6	1.14076194E-8
2.44500000E+2	4.70296154E-9	2.45329600E-8	1.98830730E-6	1.07069722E-8
2.45000000E+2	5.33514610E-9	1.93961088E-8	1.80250979E-6	8.46508525E-9
2.45500000E+2	7.05554717E-9	2.24191810E-8	2.12092196E-6	9.78445109E-9
2.46000000E+2	4.51647539E-9	1.87754572E-8	1.87597368E-6	8.19421295E-9
2.46500000E+2	5.83720680E-9	2.37216520E-8	1.75972942E-6	1.03528913E-8
2.47000000E+2	5.39164756E-9	2.48885885E-8	1.48192313E-6	1.08621799E-8
2.47500000E+2	4.23498157E-9	1.69161463E-8	1.68195937E-6	7.38274992E-9
2.48000000E+2	4.59466019E-9	2.11499693E-8	2.27832764E-6	9.23052633E-9
2.48500000E+2	5.11570844E-9	3.21927680E-8	2.23735163E-6	1.40499586E-8
2.49000000E+2	4.21678306E-9	2.18212445E-8	2.50820705E-6	9.52349243E-9
2.49500000E+2	4.75348396E-9	2.25606822E-8	2.56706722E-6	9.84620678E-9
2.50000000E+2	5.74010087E-9	2.45369486E-8	7.07110522E-6	1.07087130E-8
2.50500000E+2	7.20761184E-9	1.80457896E-8	1.86114371E-6	7.87576256E-9
2.51000000E+2	4.33183470E-9	2.75344451E-8	1.53282475E-6	1.20169168E-8
2.51500000E+2	5.60594209E-9	2.37466116E-8	1.73171689E-6	1.03637845E-8
2.52000000E+2	4.04688206E-9	2.64554153E-8	2.10214596E-6	1.15459935E-8
2.52500000E+2	5.72286108E-9	2.33604579E-8	1.43499325E-6	1.01952546E-8
2.53000000E+2	6.94049251E-9	2.20378333E-8	2.12600864E-6	9.61801870E-9
2.53500000E+2	5.52444904E-9	2.21894349E-8	1.44881754E-6	9.68418253E-9
2.54000000E+2	4.36768084E-9	1.85684799E-8	2.04142787E-6	8.10388141E-9
2.54500000E+2	4.88259267E-9	2.03943228E-8	1.58675485E-6	8.90073793E-9
2.55000000E+2	5.72610804E-9	3.76231257E-8	1.60526916E-6	1.64199412E-8
2.55500000E+2	4.63520095E-9	2.02143070E-8	1.47435795E-6	8.82217326E-9
2.56000000E+2	5.59856073E-9	2.42460701E-8	1.82644926E-6	1.05817642E-8
2.56500000E+2	7.14982039E-9	2.32229094E-8	1.69608070E-6	1.01352240E-8
2.57000000E+2	4.15869908E-9	2.14894863E-8	1.54870274E-6	9.37870245E-9
2.57500000E+2	4.07257235E-9	2.33837259E-8	2.05004171E-6	1.02054095E-8
2.58000000E+2	4.22307506E-9	1.97486111E-8	1.70240314E-6	8.61892856E-9
2.58500000E+2	5.40229113E-9	2.13635786E-8	1.36566137E-6	9.32375228E-9
2.59000000E+2	6.59600280E-9	1.88483737E-8	1.65639947E-6	8.22603605E-9
2.59500000E+2	4.78880197E-9	2.46897890E-8	1.30479024E-6	1.07754174E-8
2.60000000E+2	4.78567837E-9	2.38949362E-8	1.88678506E-6	1.04285181E-8
2.60500000E+2	5.64937207E-9	2.30920373E-8	1.47062245E-6	1.00781072E-8
2.61000000E+2	6.08670011E-9	2.10903178E-8	1.82288977E-6	9.20449252E-9
2.61500000E+2	5.18831722E-9	2.41934812E-8	1.68294773E-6	1.05588127E-8
2.62000000E+2	4.97150612E-9	1.85743994E-8	1.54294544E-6	8.10646485E-9
2.62500000E+2	4.73007995E-9	3.26883186E-8	1.63896931E-6	1.42662328E-8
2.63000000E+2	4.48305053E-9	2.19573454E-8	2.10480663E-6	9.58289121E-9
2.63500000E+2	4.39354179E-9	2.10998796E-8	1.45778712E-6	9.20866557E-9
2.64000000E+2	5.29142300E-9	2.10076626E-8	1.58375220E-6	9.16841914E-9
2.64500000E+2	4.71091324E-9	1.81621376E-8	2.32244058E-6	7.92654053E-9
2.65000000E+2	5.17831418E-9	2.09929827E-8	3.09786531E-6	9.16201232E-9
2.65500000E+2	5.47297746E-9	2.19218376E-8	2.06211047E-6	9.56739446E-9
2.66000000E+2	4.93395752E-9	2.72968231E-8	1.86257261E-6	1.19132109E-8
2.66500000E+2	4.68131279E-9	1.97114827E-8	1.68643304E-6	8.60272457E-9
2.67000000E+2	5.29625369E-9	2.20379953E-8	1.80704337E-6	9.61808943E-9
2.67500000E+2	4.83047069E-9	2.38103417E-8	1.22349565E-6	1.03915984E-8
2.68000000E+2	8.44719080E-9	2.32111647E-8	1.78791572E-6	1.01300983E-8
2.68500000E+2	5.10187468E-9	3.05440328E-8	1.96681185E-6	1.33303976E-8
2.69000000E+2	4.48511251E-9	1.99675705E-8	1.79386678E-6	8.71448950E-9
2.69500000E+2	5.31107749E-9	2.98723591E-8	1.62563313E-6	1.30372576E-8
2.70000000E+2	4.49763806E-9	1.91518479E-8	1.52030251E-6	8.35848193E-9
2.70500000E+2	4.18099637E-9	2.83473479E-8	2.31187567E-6	1.23716937E-8
2.71000000E+2	4.39616016E-9	2.16273002E-8	1.51566602E-6	9.43884886E-9
2.71500000E+2	5.08749234E-9	1.90817249E-8	1.69646972E-6	8.32787800E-9
2.72000000E+2	4.83688288E-9	1.86431774E-8	1.67226183E-6	8.13648179E-9
2.72500000E+2	4.49676381E-9	1.94967374E-8	1.61185712E-6	8.50900282E-9
2.73000000E+2	5.62019929E-9	2.04176449E-8	1.56053273E-6	8.91091641E-9
2.73500000E+2	5.01552888E-9	2.05494788E-8	1.39995409E-6	8.96845297E-9
2.74000000E+2	6.85494931E-9	1.84919584E-8	1.63819843E-6	8.07048495E-9
2.74500000E+2	6.00835485E-9	2.33481203E-8	1.89725028E-6	1.01898701E-8
2.75000000E+2	6.95138868E-9	1.81967992E-8	1.65352353E-6	7.94166800E-9
2.75500000E+2	5.55209923E-9	2.44539068E-8	1.80099160E-6	1.06724708E-8
2.76000000E+2	5.34510478E-9	2.23241005E-8	1.74584056E-6	9.74295492E-9
2.76500000E+2	4.14436687E-9	2.48737723E-8	1.81118134E-6	1.08557136E-8
2.77000000E+2	5.07591884E-9	2.98239493E-8	2.09694784E-6	1.30161300E-8
2.77500000E+2	5.28004370E-9	1.94727426E-8	1.71534488E-6	8.49853069E-9
2.78000000E+2	6.40250839E-9	2.11243601E-8	1.89918251E-6	9.21934965E-9
2.78500000E+2	4.33127570E-9	3.79115283E-8	1.61180747E-6	1.65458094E-8
2.79000000E+2	4.53833942E-9	2.44922598E-8	1.65614397E-6	1.06892093E-8
2.79500000E+2	4.96342435E-9	1.87576496E-8	1.66657145E-6	8.18644111E-9
2.80000000E+2	4.30828483E-9	1.82309707E-8	1.30012104E-6	7.95658154E-9
2.80500000E+2	4.13403616E-9	1.70779166E-8	1.40406561E-6	7.45335168E-9
2.81000000E+2	5.23399657E-9	1.84456798E-8	1.57242131E-6	8.05028747E-9
2.81500000E+2	5.73409374E-9	2.71202293E-8	1.74339630E-6	1.18361397E-8
2.82000000E+2	5.41427622E-9	2.61225625E-8	1.46387070E-6	1.14007258E-8
2.82500000E+2	4.78103096E-9	2.80825531E-8	1.42914639E-6	1.22561287E-8
2.83000000E+2	5.85455183E-9	1.95943374E-8	1.73109158E-6	8.55159857E-9
2.83500000E+2	4.40051532E-9	1.89647527E-8	1.24454526E-6	8.27682757E-9
2.84000000E+2	5.20320456E-9	1.80295734E-8	1.61194043E-6	7.86868528E-9
2.84500000E+2	4.63253632E-9	2.03984809E-8	1.76877254E-6	8.90255266E-9
2.85000000E+2	5.22756321E-9	1.96736447E-8	1.81872541E-6	8.58621084E-9
2.85500000E+2	4.09352910E-9	2.44466886E-8	1.48117314E-6	1.06693206E-8
2.86000000E+2	5.12948783E-9	2.89866521E-8	1.63075072E-6	1.26507066E-8
2.86500000E+2	4.41137405E-9	1.94003484E-8	1.43089037E-6	8.46693554E-9
2.87000000E+2	4.42738331E-9	2.40035914E-8	1.40846635E-6	1.04759387E-8
2.87500000E+2	5.46606404E-9	2.02474459E-8	1.49866273E-6	8.83663614E-9
2.88000000E+2	4.28761736E-9	1.82417396E-8	1.53533968E-6	7.96128144E-9
2.88500000E+2	5.28802531E-9	1.85515651E-8	1.90208864E-6	8.09649922E-9
2.89000000E+2	6.67269885E-9	2.29003215E-8	1.20977920E-6	9.99443631E-9
2.89500000E+2	4.61162368E-9	1.98506447E-8	1.47009692E-6	8.66345932E-9
2.90000000E+2	7.37425582E-9	2.41096165E-8	1.56885230E-6	1.05222115E-8
2.90500000E+2	4.95324671E-9	2.87260252E-8	1.52255516E-6	1.25369606E-8
2.91000000E+2	7.57679250E-9	2.46132850E-8	1.85011145E-6	1.07420286E-8
2.91500000E+2	6.09840999E-9	2.31851374E-8	1.82466956E-6	1.01187391E-8
2.92000000E+2	4.79784196E-9	1.98308384E-8	1.43667323E-6	8.65481523E-9
2.92500000E+2	6.68534070E-9	2.26109289E-8	2.07546698E-6	9.86813608E-9
2.93000000E+2	4.29681718E-9	2.58312542E-8	2.11531217E-6	1.12735895E-8
2.93500000E+2	4.83261090E-9	3.52336880E-8	2.64319916E-6	1.53771138E-8
2.94000000E+2	4.49252144E-9	2.30010477E-8	1.56413374E-6	1.00383965E-8
2.94500000E+2	4.49091611E-9	2.06698511E-8	1.41234056E-6	9.02098731E-9
2.95000000E+2	4.66967987E-9	1.93304925E-8	1.59255971E-6	8.43644817E-9
2.95500000E+2	5.60410381E-9	1.82663155E-8	1.71473707E-6	7.97200716E-9
2.96000000E+2	4.85855926E-9	2.13548310E-8	1.82768868E-6	9.31993458E-9
2.96500000E+2	4.78067085E-9	2.10546857E-8	1.33313630E-6	9.18894149E-9
2.97000000E+2	6.14804730E-9	1.72254429E-8	1.49698774E-6	7.51773690E-9
2.97500000E+2	6.20880583E-9	2.29184770E-8	1.67482770E-6	1.00023599E-8
2.98000000E+2	3.89624052E-9	3.06487336E-8	1.09096509E-6	1.33760923E-8
2.98500000E+2	5.40308124E-9	2.61919657E-8	1.29205922E-6	1.14310156E-8
2.99000000E+2	4.59470855E-9	1.98873668E-8	1.88490836E-6	8.67948602E-9
2.99500000E+2	5.00625636E-9	2.87764974E-8	1.55982913E-6	1.25589883E-8
3.00000000E+2	7.93793387E-9	1.97951892E-8	1.01923120E-6	8.63925675E-9
3.00500000E+2	4.69177957E-9	2.14419495E-8	1.61570245E-6	9.35795587E-9
3.01000000E+2	5.72267919E-9	1.99650334E-8	1.77258888E-6	8.71338223E-9
3.01500000E+2	4.50349817E-9	1.98338735E-8	1.44227243E-6	8.65613983E-9
3.02000000E+2	4.61059210E-9	2.83353382E-8	1.90143161E-6	1.23664522E-8
3.02500000E+2	5.06550082E-9	1.85701063E-8	1.34716642E-6	8.10459122E-9
3.03000000E+2	5.77626331E-9	2.77968708E-8	2.11512408E-6	1.21314478E-8
3.03500000E+2	6.77962125E-9	2.46951832E-8	1.45158485E-6	1.07777716E-8
3.04000000E+2	4.46860766E-9	1.75666344E-8	1.62656794E-6	7.66664381E-9
3.04500000E+2	5.76311809E-9	1.92936909E-8	1.82648885E-6	8.42038677E-9
3.05000000E+2	6.07274903E-9	1.97498620E-8	1.40724947E-6	8.61947453E-9
3.05500000E+2	4.91899202E-9	2.09895342E-8	1.72215512E-6	9.16050730E-9
3.06000000E+2	6.90183716E-9	1.92023904E-8	1.58018111E-6	8.38054031E-9
3.06500000E+2	7.67423088E-9	2.89101586E-8	1.20637931E-6	1.26173223E-8
3.07000000E+2	4.22465877E-9	2.00333391E-8	1.22666207E-6	8.74319302E-9
3.07500000E+2	4.61521507E-9	1.93968065E-8	1.88644983E-6	8.46538972E-9
3.08000000E+2	5.96268182E-9	2.60768784E-8	1.64797201E-6	1.13807878E-8
3.08500000E+2	4.73047347E-9	1.93972637E-8	1.41353030E-6	8.46558928E-9
3.09000000E+2	4.52699222E-9	2.38851522E-8	1.21133982E-6	1.04242480E-8
3.09500000E+2	8.43208784E-9	2.17595561E-8	1.77622961E-6	9.49656960E-9
3.10000000E+2	4.35765657E-9	1.84059852E-8	1.48488158E-6	8.03296350E-9
3.10500000E+2	5.17511622E-9	1.79936888E-8	1.64695798E-6	7.85302411E-9
3.11000000E+2	5.45585691E-9	2.62168393E-8	1.16608306E-6	1.14418712E-8
3.11500000E+2	6.01557537E-9	1.99580942E-8	1.64325255E-6	8.71035374E-9
3.12000000E+2	4.61705397E-9	2.03414268E-8	1.24143464E-6	8.87765240E-9
3.12500000E+2	5.47258621E-9	2.62046443E-8	1.46722057E-6	1.14365490E-8
3.13000000E+2	5.21436883E-9	1.68789201E-8	1.56396860E-6	7.36650321E-9
3.13500000E+2	4.24544929E-9	2.42344092E-8	1.21132093E-6	1.05766750E-8
3.14000000E+2	4.94361037E-9	1.70557104E-8	1.72430859E-6	7.44366015E-9
3.14500000E+2	4.86403847E-9	2.41296478E-8	1.72694580E-6	1.05309538E-8
3.15000000E+2	4.62743545E-9	1.64111862E-8	1.56800231E-6	7.16236909E-9
3.15500000E+2	4.51529662E-9	2.12117191E-8	1.34779159E-6	9.25747591E-9
3.16000000E+2	4.35811104E-9	1.86613030E-8	1.36240133E-6	8.14439239E-9
3.16500000E+2	4.59231479E-9	2.05233263E-8	1.17470822E-6	8.95703920E-9
3.17000000E+2	4.84756518E-9	2.39172014E-8	1.37106923E-6	1.04382354E-8
3.17500000E+2	5.45904637E-9	2.32305941E-8	1.38875024E-6	1.01385779E-8
3.18000000E+2	5.09903703E-9	1.74989132E-8	1.48864754E-6	7.63708812E-9
3.18500000E+2	4.49798021E-9	2.52030205E-8	1.08303926E-6	1.09994081E-8
3.19000000E+2	4.27592158E-9	2.19413378E-8	1.64126155E-6	9.57590497E-9
3.19500000E+2	4.63234391E-9	2.28308050E-8	1.29312583E-6	9.96409707E-9
3.20000000E+2	5.81039629E-9	2.21355871E-8	1.14381920E-6	9.66068160E-9
3.20500000E+2	4.43354600E-9	2.26266167E-8	1.83479909E-6	9.87498272E-9
3.21000000E+2	4.60929530E-9	1.97355227E-8	1.48356042E-6	8.61321638E-9
3.21500000E+2	4.65363790E-9	2.96132868E-8	1.76484337E-6	1.29241901E-8
3.22000000E+2	4.50504082E-9	2.02912710E-8	1.69508745E-6	8.85576281E-9
3.22500000E+2	4.80723782E-9	1.87296102E-8	1.60792348E-6	8.17420385E-9
3.23000000E+2	5.83102967E-9	1.79629065E-8	1.37520993E-6	7.83958968E-9
3.23500000E+2	4.32832193E-9	1.99368299E-8	1.46632420E-6	8.70107330E-9
3.24000000E+2	6.45114752E-9	2.08944053E-8	1.53919043E-6	9.11899000E-9
3.24500000E+2	4.99120884E-9	2.68426002E-8	1.76708819E-6	1.17149734E-8
3.25000000E+2	5.88303010E-9	2.54179682E-8	1.72758197E-6	1.10932182E-8
3.25500000E+2	4.45543259E-9	2.70376355E-8	1.81282086E-6	1.18000931E-8
3.26000000E+2	4.73805947E-9	2.03527379E-8	1.35852009E-6	8.88258894E-9
3.26500000E+2	6.50453130E-9	1.87949566E-8	1.50766344E-6	8.20272309E-9
3.27000000E+2	5.88190011E-9	1.67281432E-8	1.23604267E-6	7.30069929E-9
3.27500000E+2	6.22573614E-9	1.89651819E-8	1.70057399E-6	8.27701491E-9
3.28000000E+2	6.01336941E-9	2.14420777E-8	1.48961937E-6	9.35801185E-9
3.28500000E+2	4.95414485E-9	1.76439043E-8	1.26875277E-6	7.70036687E-9
3.29000000E+2	4.69275093E-9	1.92570216E-8	1.56139797E-6	8.40438314E-9
3.29500000E+2	5.90456305E-9	1.94658337E-8	1.58554760E-6	8.49551543E-9
3.30000000E+2	4.63030478E-9	2.26640857E-8	1.71726298E-6	9.89133539E-9
3.30500000E+2	6.59467034E-9	1.87601666E-8	1.49335099E-6	8.18753963E-9
3.31000000E+2	5.78111166E-9	2.18361610E-8	1.71971321E-6	9.53000246E-9
3.31500000E+2	6.24526083E-9	1.79248239E-8	1.31615493E-6	7.82296922E-9
3.32000000E+2	5.70879705E-9	2.19802435E-8	1.40094057E-6	9.59288466E-9
3.32500000E+2	5.02508356E-9	2.20972290E-8	1.17977561E-6	9.64394093E-9
3.33000000E+2	4.47354494E-9	1.95328451E-8	1.35808169E-6	8.52476137E-9
3.33500000E+2	5.17191413E-9	2.17994613E-8	1.25120186E-6	9.51398553E-9
3.34000000E+2	5.95273502E-9	2.11107761E-8	1.71582626E-6	9.21342116E-9
3.34500000E+2	5.44243284E-9	2.80509918E-8	1.89013448E-6	1.22423543E-8
3.35000000E+2	3.91396938E-9	2.36828900E-8	1.14578636E-6	1.03359743E-8
3.35500000E+2	4.74199644E-9	2.21004389E-8	1.84893964E-6	9.64534180E-9
3.36000000E+2	4.60516554E-9	2.05168497E-8	1.40055121E-6	8.95421261E-9
3.36500000E+2	4.98716616E-9	2.32439281E-8	1.63256452E-6	1.01443973E-8
3.37000000E+2	4.39818989E-9	2.47674419E-8	1.14483775E-6	1.08093076E-8
3.37500000E+2	4.94008337E-9	2.42422119E-8	1.15634523E-6	1.05800804E-8
3.38000000E+2	4.98643764E-9	1.74518391E-8	1.46120317E-6	7.61654347E-9
3.38500000E+2	5.11044963E-9	2.37754541E-8	1.55871588E-6	1.03763723E-8
3.39000000E+2	5.67063725E-9	2.62870638E-8	1.30743172E-6	1.14725195E-8
3.39500000E+2	7.23382719E-9	2.02249665E-8	1.55968028E-6	8.82682540E-9
3.40000000E+2	5.96056297E-9	2.29185379E-8	1.73485772E-6	1.00023865E-8
3.40500000E+2	4.61363217E-9	2.55328268E-8	1.57618987E-6	1.11433462E-8
3.41000000E+2	4.32435905E-9	1.73920481E-8	1.28587866E-6	7.59044877E-9
3.41500000E+2	4.80419391E-9	2.07096316E-8	1.41966550E-6	9.03834879E-9
3.42000000E+2	4.44585532E-9	2.04724377E-8	1.38166642E-6	8.93482977E-9
3.42500000E+2	4.88285476E-9	1.75100760E-8	1.28869926E-6	7.64195990E-9
3.43000000E+2	5.92673892E-9	2.23985081E-8	1.21881581E-6	9.77542881E-9
3.43500000E+2	5.49221035E-9	1.92619135E-8	1.43631117E-6	8.40651811E-9
3.44000000E+2	4.78728715E-9	1.77290320E-8	1.48046825E-6	7.73751934E-9
3.44500000E+2	6.74989490E-9	1.80985489E-8	1.35766295E-6	7.89878841E-9
3.45000000E+2	7.81042670E-9	3.31580333E-8	1.55652403E-6	1.44712314E-8
3.45500000E+2	5.71310395E-9	1.95001435E-8	1.72727783E-6	8.51048931E-9
3.46000000E+2	5.20025580E-9	2.12845770E-8	1.58411336E-6	9.28927344E-9
3.46500000E+2	4.70106435E-9	3.05117047E-8	1.98086746E-6	1.33162885E-8
3.47000000E+2	3.92025795E-9	2.01785403E-8	1.23777743E-6	8.80656349E-9
3.47500000E+2	5.31752945E-9	1.74548378E-8	1.32993640E-6	7.61785219E-9
3.48000000E+2	6.15893134E-9	2.29133984E-8	1.63214534E-6	1.00001435E-8
3.48500000E+2	4.39897697E-9	2.19492363E-8	1.56457985E-6	9.57935215E-9
3.49000000E+2	4.20075833E-9	1.76799520E-8	1.70094780E-6	7.71609927E-9
3.49500000E+2	4.40872509E-9	1.71772500E-8	1.51058568E-6	7.49670395E-9
3.50000000E+2	4.76692026E-9	2.06234144E-8	5.13462342E-6	9.00072087E-9
3.50500000E+2	3.92257083E-9	1.85384116E-8	2.75197428E-6	8.09075862E-9
3.51000000E+2	4.97993265E-9	2.05957728E-8	2.12449101E-6	8.98865718E-9
3.51500000E+2	5.39095471E-9	2.83128243E-8	2.08259129E-6	1.23566265E-8
3.52000000E+2	4.39580978E-9	2.45621365E-8	1.20446925E-6	1.07197058E-8
3.52500000E+2	4.06467985E-9	1.83005817E-8	1.40300695E-6	7.98696202E-9
3.53000000E+2	4.31170910E-9	1.72996095E-8	1.54383242E-6	7.55010557E-9
3.53500000E+2	4.54773050E-9	1.84603564E-8	1.72697910E-6	8.05669284E-9
3.54000000E+2	4.61937575E-9	1.97139335E-8	1.77666364E-6	8.60379417E-9
3.54500000E+2	5.57577872E-9	1.81320610E-8	1.50580906E-6	7.91341417E-9
3.55000000E+2	4.48894687E-9	1.90059606E-8	1.36625357E-6	8.29481205E-9
3.55500000E+2	5.44085501E-9	3.01109207E-8	1.60694493E-6	1.31413735E-8
3.56000000E+2	5.30934398E-9	2.38513387E-8	1.68123910E-6	1.04094907E-8
3.56500000E+2	3.97037934E-9	1.98097828E-8	1.73352622E-6	8.64562588E-9
3.57000000E+2	7.16411018E-9	1.94451494E-8	1.29135999E-6	8.48648814E-9
3.57500000E+2	6.05709445E-9	1.97763260E-8	1.55486444E-6	8.63102424E-9
3.58000000E+2	4.44077875E-9	1.89940239E-8	1.27559031E-6	8.28960247E-9
3.58500000E+2	4.50381674E-9	1.98923823E-8	1.52760634E-6	8.68167497E-9
3.59000000E+2	6.54495509E-9	2.04376567E-8	1.26966858E-6	8.91965020E-9
3.59500000E+2	4.70563984E-9	1.70062698E-8	1.27548380E-6	7.42208270E-9
3.60000000E+2	5.60277051E-9	2.00581918E-8	1.48562351E-6	8.75403955E-9
3.60500000E+2	4.68612072E-9	1.98421990E-8	1.60787653E-6	8.65977335E-9
3.61000000E+2	4.56009489E-9	2.32501576E-8	1.78834342E-6	1.01471160E-8
3.61500000E+2	6.40048838E-9	2.16623640E-8	1.33106599E-6	9.45415186E-9
3.62000000E+2	5.56896824E-9	2.78108674E-8	1.08705810E-6	1.21375563E-8
3.62500000E+2	5.60045390E-9	2.31565616E-8	1.47291984E-6	1.01062677E-8
3.63000000E+2	5.38990582E-9	1.99413857E-8	1.40597649E-6	8.70306162E-9
3.63500000E+2	4.29185008E-9	2.30336814E-8	1.57853541E-6	1.00526388E-8
3.64000000E+2	4.68636990E-9	2.08563406E-8	1.59169236E-6	9.10237734E-9
3.64500000E+2	7.30338791E-9	1.98523487E-8	1.07615104E-6	8.66420300E-9
3.65000000E+2	5.75244780E-9	2.02896497E-8	1.47907642E-6	8.85505520E-9
3.65500000E+2	5.69665186E-9	1.91456216E-8	1.39665223E-6	8.35576457E-9
3.66000000E+2	4.77688281E-9	2.02365610E-8	1.41307518E-6	8.83188559E-9
3.66500000E+2	7.50013548E-9	1.78163556E-8	1.29197877E-6	7.77563018E-9
3.67000000E+2	5.82985925E-9	2.36092380E-8	1.54967442E-6	1.03038302E-8
3.67500000E+2	4.25632423E-9	1.87638478E-8	1.21657042E-6	8.18914623E-9
3.68000000E+2	5.33304553E-9	2.21362566E-8	1.74968239E-6	9.66097379E-9
3.68500000E+2	4.22528272E-9	2.30913954E-8	1.12939517E-6	1.00778271E-8
3.69000000E+2	4.35139630E-9	2.57174640E-8	1.75596681E-6	1.12239278E-8
3.69500000E+2	5.00979377E-9	1.93039386E-8	1.07515549E-6	8.42485920E-9
3.70000000E+2	6.10887642E-9	1.81246054E-8	1.27815328E-6	7.91016030E-9
3.70500000E+2	4.47284234E-9	1.73805284E-8	1.45648120E-6	7.58542120E-9
3.71000000E+2	4.35869599E-9	1.89617196E-8	1.44980773E-6	8.27550383E-9
3.71500000E+2	8.03057610E-9	2.10704386E-8	1.36971702E-6	9.19581659E-9
3.72000000E+2	5.11727952E-9	1.50114371E-8	1.37520846E-6	6.55147360E-9
3.72500000E+2	5.70854704E-9	1.84369420E-8	1.49572016E-6	8.04647404E-9
3.73000000E+2	4.98319601E-9	2.16228257E-8	1.49814010E-6	9.43689609E-9
3.73500000E+2	4.69055296E-9	1.98408870E-8	1.42771666E-6	8.65920073E-9
3.74000000E+2	4.49460851E-9	1.79407854E-8	1.43202538E-6	7.82993533E-9
3.74500000E+2	5.54108062E-9	3.00154946E-8	1.83723096E-6	1.30997265E-8
3.75000000E+2	4.39582148E-9	1.64614560E-8	1.52571953E-6	7.18430843E-9
3.75500000E+2	6.12609629E-9	1.86104162E-8	1.28800856E-6	8.12218374E-9
3.76000000E+2	4.96804834E-9	1.77817595E-8	1.33571266E-6	7.76053134E-9
3.76500000E+2	5.06661647E-9	2.12693855E-8	1.30333947E-6	9.28264341E-9
3.77000000E+2	6.28674375E-9	2.09833247E-8	1.43918002E-6	9.15779726E-9
3.77500000E+2	5.35562865E-9	2.76071410E-8	1.43387466E-6	1.20486436E-8
3.78000000E+2	5.33979535E-9	2.51426075E-8	1.55707357E-6	1.09730419E-8
3.78500000E+2	8.46193308E-9	2.02535601E-8	1.55827474E-6	8.83930457E-9
3.79000000E+2	6.56155354E-9	1.90695983E-8	1.42991462E-6	8.32258556E-9
3.79500000E+2	4.46698475E-9	2.21515583E-8	1.39055424E-6	9.66765197E-9
3.80000000E+2	4.46866738E-9	2.23066115E-8	1.62902346E-6	9.73532218E-9
3.80500000E+2	4.27494165E-9	1.76473943E-8	1.42059514E-6	7.70189003E-9
3.81000000E+2	5.35893651E-9	2.10678202E-8	1.52276578E-6	9.19467384E-9
3.81500000E+2	6.09865756E-9	2.21384065E-8	1.14025642E-6	9.66191210E-9
3.82000000E+2	5.13020191E-9	2.21945500E-8	1.73328505E-6	9.68641494E-9
3.82500000E+2	5.22057718E-9	2.23911527E-8	1.65953001E-6	9.77221865E-9
3.83000000E+2	4.50998652E-9	1.84395898E-8	1.48029232E-6	8.04762960E-9
3.83500000E+2	5.94878197E-9	1.78733559E-8	1.25494348E-6	7.80050694E-9
3.84000000E+2	5.34129315E-9	1.85646850E-8	1.47092150E-6	8.10222519E-9
3.84500000E+2	6.44922386E-9	1.96273489E-8	1.60738733E-6	8.56600587E-9
3.85000000E+2	3.98941654E-9	1.88073701E-8	1.50730673E-6	8.20814074E-9
3.85500000E+2	5.65297942E-9	1.96786430E-8	1.27328862E-6	8.58839226E-9
3.86000000E+2	4.84549403E-9	2.35342848E-8	1.51309034E-6	1.02711182E-8
3.86500000E+2	4.64012703E-9	2.05384792E-8	1.58433095E-6	8.96365239E-9
3.87000000E+2	5.30017792E-9	1.72840295E-8	1.19414201E-6	7.54330597E-9
3.87500000E+2	5.55796160E-9	2.59186167E-8	1.59061589E-6	1.13117173E-8
3.88000000E+2	5.03577728E-9	2.05985108E-8	1.22217302E-6	8.98985212E-9
3.88500000E+2	4.42391142E-9	1.93093186E-8	1.82060748E-6	8.42720723E-9
3.89000000E+2	4.68403087E-9	1.94226346E-8	1.47377482E-6	8.47666195E-9
3.89500000E+2	4.86369151E-9	1.86622037E-8	1.25401407E-6	8.14478546E-9
3.90000000E+2	4.64153632E-9	2.40090845E-8	2.15357290E-6	1.04783361E-8
3.90500000E+2	4.24768481E-9	1.98882700E-8	9.43992088E-7	8.67988023E-9
3.91000000E+2	4.70074489E-9	1.69670666E-8	1.15051731E-6	7.40497318E-9
3.91500000E+2	5.80711452E-9	3.36404936E-8	1.14968971E-6	1.46817926E-8
3.92000000E+2	4.41749467E-9	2.45551238E-8	1.54651751E-6	1.07166452E-8
3.92500000E+2	4.09136911E-9	2.42162091E-8	1.91285857E-6	1.05687319E-8
3.93000000E+2	4.92213020E-9	1.93132329E-8	1.40796529E-6	8.42891554E-9
3.93500000E+2	4.94075322E-9	1.74339171E-8	1.50783866E-6	7.60872173E-9
3.94000000E+2	4.81423357E-9	1.88885861E-8	1.35483053E-6	8.24358603E-9
3.94500000E+2	4.15439211E-9	2.00612512E-8	1.08534909E-6	8.75537477E-9
3.95000000E+2	6.10842866E-9	1.79684253E-8	1.49749414E-6	7.84199829E-9
3.95500000E+2	4.00114337E-9	2.60607739E-8	1.37268125E-6	1.13737593E-8
3.96000000E+2	4.34480486E-9	1.85499170E-8	1.27588981E-6	8.09577996E-9
3.96500000E+2	5.68680585E-9	2.13715235E-8	1.30861590E-6	9.32721969E-9
3.97000000E+2	5.50254627E-9	2.30365990E-8	1.01338370E-6	1.00539122E-8
3.97500000E+2	5.04032243E-9	2.39196404E-8	1.00447288E-6	1.04392998E-8
3.98000000E+2	5.20483375E-9	1.87036694E-8	1.33670246E-6	8.16288244E-9
3.98500000E+2	4.61834072E-9	2.19450168E-8	1.22783396E-6	9.57751061E-9
3.99000000E+2	4.40990143E-9	2.66464726E-8	1.56065215E-6	1.16293770E-8
3.99500000E+2	5.36957695E-9	1.77269248E-8	1.43307811E-6	7.73659968E-9
4.00000000E+2	4.85493343E-9	2.38619022E-8	8.45607981E-7	1.04141010E-8
4.00500000E+2	5.01774731E-9	2.03022373E-8	1.91201196E-6	8.86054886E-9
4.01000000E+2	4.32537990E-9	1.76521662E-8	1.69924097E-6	7.70397265E-9
4.01500000E+2	4.74586948E-9	2.33614005E-8	1.25181172E-6	1.01956660E-8
4.02000000E+2	4.05167782E-9	1.92824394E-8	1.43990870E-6	8.41547627E-9
4.02500000E+2	3.95212569E-9	1.80296389E-8	1.03613984E-6	7.86871385E-9
4.03000000E+2	4.98913277E-9	2.00826303E-8	1.16252477E-6	8.76470531E-9
4.03500000E+2	4.61045105E-9	1.93521922E-8	1.45897348E-6	8.44591863E-9
4.04000000E+2	4.91735499E-9	2.01698323E-8	1.59317229E-6	8.80276306E-9
4.04500000E+2	7.37435861E-9	1.73471570E-8	1.40771544E-6	7.57085683E-9
4.05000000E+2	4.45729742E-9	1.61672418E-8	1.22861885E-6	7.05590391E-9
4.05500000E+2	6.03177761E-9	1.96724767E-8	1.31304832E-6	8.58570106E-9
4.06000000E+2	5.21552126E-9	2.16032639E-8	1.80729476E-6	9.42835865E-9
4.06500000E+2	4.45367515E-9	2.18272832E-8	1.58733219E-6	9.52612788E-9
4.07000000E+2	4.07491063E-9	2.24384211E-8	1.21918116E-6	9.79284812E-9
4.07500000E+2	5.26911986E-9	2.10987244E-8	1.81480470E-6	9.20816140E-9
4.08000000E+2	4.52237290E-9	2.34992760E-8	7.84481815E-7	1.02558393E-8
4.08500000E+2	4.25542899E-9	2.14230022E-8	1.15867314E-6	9.34968668E-9
4.09000000E+2	4.63109932E-9	2.14150768E-8	1.31584494E-6	9.34622777E-9
4.09500000E+2	5.62601610E-9	2.19155261E-8	2.15792777E-6	9.56463994E-9
4.10000000E+2	5.00546552E-9	1.82123081E-8	9.03930251E-7	7.94843657E-9
4.10500000E+2	5.22659067E-9	1.71915472E-8	1.36568885E-6	7.50294369E-9
4.11000000E+2	6.23236303E-9	1.69272206E-8	1.47518335E-6	7.38758310E-9
4.11500000E+2	6.00214514E-9	1.84328076E-8	1.46570042E-6	8.04466966E-9
4.12000000E+2	4.61323868E-9	2.03775524E-8	1.55785566E-6	8.89341877E-9
4.12500000E+2	4.76884062E-9	2.31453293E-8	1.54721212E-6	1.01013656E-8
4.13000000E+2	4.69855683E-9	1.77578537E-8	1.54379344E-6	7.75009807E-9
4.13500000E+2	4.86325609E-9	1.78322123E-8	1.35011088E-6	7.78255053E-9
4.14000000E+2	4.62326666E-9	3.05342970E-8	1.82590197E-6	1.33261485E-8
4.14500000E+2	5.78291410E-9	2.05729017E-8	1.02693590E-6	8.97867548E-9
4.15000000E+2	5.17233356E-9	1.95390947E-8	1.17894190E-6	8.52748890E-9
4.15500000E+2	5.08827197E-9	2.05221163E-8	1.39036955E-6	8.95651112E-9
4.16000000E+2	4.59105537E-9	1.99610585E-8	1.18867134E-6	8.71164744E-9
4.16500000E+2	7.45363267E-9	1.79332517E-8	1.29743568E-6	7.82664738E-9
4.17000000E+2	4.84263248E-9	2.01302537E-8	1.48354632E-6	8.78548967E-9
4.17500000E+2	5.16625616E-9	2.28817872E-8	9.27823496E-7	9.98634734E-9
4.18000000E+2	4.55438456E-9	1.88496874E-8	1.27238217E-6	8.22660939E-9
4.18500000E+2	4.61819487E-9	3.01347990E-8	1.51746446E-6	1.31517948E-8
4.19000000E+2	5.55656947E-9	2.31901175E-8	1.38514990E-6	1.01209126E-8
4.19500000E+2	4.94363318E-9	2.39789875E-8	1.15093086E-6	1.04652008E-8
4.20000000E+2	5.47676009E-9	2.20893948E-8	1.46654959E-6	9.64052183E-9
4.20500000E+2	6.00280542E-9	1.94138374E-8	1.33216569E-6	8.47282257E-9
4.21000000E+2	4.83148158E-9	2.00072493E-8	1.02514486E-6	8.73180659E-9
4.21500000E+2	5.17674286E-9	1.82178180E-8	1.28048780E-6	7.95084128E-9
4.22000000E+2	5.08877891E-9	1.81438482E-8	1.17395250E-6	7.91855848E-9
4.22500000E+2	4.25880537E-9	3.38794419E-8	1.81724205E-6	1.47860773E-8
4.23000000E+2	5.84450756E-9	1.96600029E-8	1.27554019E-6	8.58025713E-9
4.23500000E+2	4.68964731E-9	1.90460157E-8	1.16128913E-6	8.31229336E-9
4.24000000E+2	5.11221579E-9	1.96224008E-8	1.44537655E-6	8.56384637E-9
4.24500000E+2	5.67353268E-9	1.82511637E-8	1.47966954E-6	7.96539440E-9
4.25000000E+2	4.62172819E-9	1.86188089E-8	1.44512705E-6	8.12584659E-9
4.25500000E+2	5.51220099E-9	1.95652688E-8	1.22872943E-6	8.53891211E-9
4.26000000E+2	5.07564596E-9	1.54864810E-8	1.24599127E-6	6.75879804E-9
4.26500000E+2	4.64722262E-9	2.07293454E-8	1.37268032E-6	9.04695257E-9
4.27000000E+2	5.57807670E-9	1.94465561E-8	1.25977516E-6	8.48710209E-9
4.27500000E+2	4.30577007E-9	1.83353567E-8	1.32627115E-6	8.00213896E-9
4.28000000E+2	5.63148435E-9	1.86784401E-8	1.44615640E-6	8.15187157E-9
4.28500000E+2	4.70203071E-9	1.77257814E-8	1.44249825E-6	7.73610068E-9
4.29000000E+2	5.22329195E-9	2.24445771E-8	1.28967577E-6	9.79553479E-9
4.29500000E+2	7.00352024E-9	1.88437989E-8	1.37316514E-6	8.22403946E-9
4.30000000E+2	3.87500576E-9	1.88973706E-8	1.35413782E-6	8.24741986E-9
4.30500000E+2	6.46620580E-9	2.14996181E-8	1.15798717E-6	9.38312430E-9
4.31000000E+2	4.92784586E-9	1.90943482E-8	1.17541328E-6	8.33338723E-9
4.31500000E+2	4.53032364E-9	2.99585774E-8	1.26153266E-6	1.30748860E-8
4.32000000E+2	4.60228444E-9	1.83563059E-8	1.10895781E-6	8.01128184E-9
4.32500000E+2	4.92743934E-9	1.88000885E-8	1.23844838E-6	8.20496285E-9
4.33000000E+2	4.11617919E-9	1.61998939E-8	1.26961752E-6	7.07015432E-9
4.33500000E+2	4.84683527E-9	1.87059277E-8	1.40770106E-6	8.16386802E-9
4.34000000E+2	4.37156551E-9	2.06682273E-8	1.53802143E-6	9.02027863E-9
4.34500000E+2	4.57286826E-9	2.30232908E-8	1.64218719E-6	1.00481040E-8
4.35000000E+2	5.18387294E-9	1.92684887E-8	1.14518958E-6	8.40938775E-9
4.35500000E+2	5.29513531E-9	1.93532651E-8	1.44390761E-6	8.44638687E-9
4.36000000E+2	5.00031970E-9	2.08762852E-8	1.64694684E-6	9.11108181E-9
4.36500000E+2	4.75769774E-9	2.65128404E-8	1.14112781E-6	1.15710557E-8
4.37000000E+2	5.71190565E-9	2.69217271E-8	1.07959373E-6	1.17495069E-8
4.37500000E+2	4.79533664E-9	2.02112904E-8	1.20193703E-6	8.82085669E-9
4.38000000E+2	5.59475754E-9	1.94202899E-8	1.16392271E-6	8.47563864E-9
4.38500000E+2	4.62176504E-9	1.69315049E-8	1.40409027E-6	7.38945289E-9
4.39000000E+2	4.81205134E-9	2.52468637E-8	1.58652699E-6	1.10185427E-8
4.39500000E+2	6.01601064E-9	1.85982095E-8	1.28301266E-6	8.11685637E-9
4.40000000E+2	4.53676034E-9	1.55353824E-8	1.33612961E-6	6.78014016E-9
4.40500000E+2	4.72503784E-9	2.12002314E-8	1.10330570E-6	9.25246233E-9
4.41000000E+2	5.45710274E-9	1.86810504E-8	1.10785550E-6	8.15301079E-9
4.41500000E+2	5.50308340E-9	1.86547152E-8	1.05889607E-6	8.14151724E-9
4.42000000E+2	4.80674906E-9	2.98890724E-8	1.39944675E-6	1.30445518E-8
4.42500000E+2	7.21098438E-9	2.33613658E-8	1.69991305E-6	1.01956509E-8
4.43000000E+2	4.61162681E-9	1.80129117E-8	1.34060054E-6	7.86141360E-9
4.43500000E+2	5.35030651E-9	1.63792633E-8	1.17793363E-6	7.14843690E-9
4.44000000E+2	4.69236052E-9	1.91814315E-8	1.68059786E-6	8.37139317E-9
4.44500000E+2	4.51665120E-9	1.91113667E-8	1.33787218E-6	8.34081465E-9
4.45000000E+2	4.21067800E-9	2.08832676E-8	1.54671363E-6	9.11412914E-9
4.45500000E+2	5.14891254E-9	1.87633022E-8	1.45128473E-6	8.18890811E-9
4.46000000E+2	4.58251680E-9	2.29171882E-8	1.39569730E-6	1.00017974E-8
4.46500000E+2	7.40059876E-9	2.06677892E-8	1.17570226E-6	9.02008746E-9
4.47000000E+2	5.90092660E-9	2.41398563E-8	1.67370169E-6	1.05354091E-8
4.47500000E+2	5.88929734E-9	1.78675913E-8	1.14033721E-6	7.79799108E-9
4.48000000E+2	4.70521202E-9	1.89177054E-8	1.27999968E-6	8.25629462E-9
4.48500000E+2	5.12492991E-9	2.45741670E-8	1.62027558E-6	1.07249563E-8
4.49000000E+2	4.89649541E-9	1.77007796E-8	1.49072675E-6	7.72518911E-9
4.49500000E+2	4.51784581E-9	2.18473473E-8	2.30655173E-6	9.53488452E-9
4.50000000E+2	4.25221095E-9	2.59536243E-8	2.77445676E-6	1.13269958E-8
4.50500000E+2	5.20618055E-9	2.60225045E-8	1.25954407E-6	1.13570573E-8
4.51000000E+2	4.84810776E-9	2.04712503E-8	1.65765613E-6	8.93431156E-9
4.51500000E+2	4.41161311E-9	1.85662763E-8	1.19741468E-6	8.10291968E-9
4.52000000E+2	4.44674976E-9	1.78102289E-8	1.39541923E-6	7.77295629E-9
4.52500000E+2	6.17404397E-9	2.22944388E-8	8.57545469E-7	9.73000962E-9
4.53000000E+2	4.17160939E-9	2.05762293E-8	1.21177434E-6	8.98012778E-9
4.53500000E+2	4.81534139E-9	1.82621677E-8	1.19175385E-6	7.97019692E-9
4.54000000E+2	7.84211440E-9	1.92638926E-8	1.42425562E-6	8.40738185E-9
4.54500000E+2	5.20919094E-9	1.95064708E-8	1.34821176E-6	8.51325075E-9
4.55000000E+2	7.22135060E-9	2.18821101E-8	1.56198937E-6	9.55005610E-9
4.55500000E+2	3.97914531E-9	2.58705655E-8	1.08574009E-6	1.12907462E-8
4.56000000E+2	4.88458395E-9	1.64248399E-8	1.25272981E-6	7.16832799E-9
4.56500000E+2	4.94364546E-9	1.89854716E-8	1.23585062E-6	8.28586999E-9
4.57000000E+2	4.63405697E-9	1.93554673E-8	1.29371299E-6	8.44734800E-9
4.57500000E+2	5.65159881E-9	2.02158965E-8	1.12387390E-6	8.82286695E-9
4.58000000E+2	5.54811127E-9	1.89256581E-8	1.25760188E-6	8.25976546E-9
4.58500000E+2	5.11146026E-9	2.40044422E-8	1.06896409E-6	1.04763100E-8
4.59000000E+2	7.37163623E-9	3.24551766E-8	1.24739126E-6	1.41644821E-8
4.59500000E+2	4.88782859E-9	3.04038812E-8	7.79560374E-7	1.32692309E-8
4.60000000E+2	4.61545791E-9	1.95926779E-8	1.28025730E-6	8.55087433E-9
4.60500000E+2	4.94788244E-9	1.66693882E-8	1.09067956E-6	7.27505674E-9
4.61000000E+2	7.60351624E-9	1.63038397E-8	1.08617957E-6	7.11551963E-9
4.61500000E+2	4.87308865E-9	2.33834869E-8	1.28340477E-6	1.02053052E-8
4.62000000E+2	5.35501455E-9	1.87221634E-8	1.06101950E-6	8.17095382E-9
4.62500000E+2	4.74974153E-9	1.70109366E-8	1.41644709E-6	7.42411942E-9
4.63000000E+2	4.79806865E-9	1.70827355E-8	1.28475979E-6	7.45545478E-9
4.63500000E+2	5.59356035E-9	2.21773921E-8	1.60678247E-6	9.67892665E-9
4.64000000E+2	5.88120979E-9	1.80683544E-8	1.38116070E-6	7.88561056E-9
4.64500000E+2	6.88229039E-9	1.80300831E-8	1.09088125E-6	7.86890772E-9
4.65000000E+2	5.06378976E-9	1.75479649E-8	1.77425480E-6	7.65849586E-9
4.65500000E+2	5.81240539E-9	2.77637613E-8	1.51128976E-6	1.21169977E-8
4.66000000E+2	6.46146730E-9	1.92481840E-8	1.27594200E-6	8.40052612E-9
4.66500000E+2	6.44061384E-9	2.37950322E-8	1.52677565E-6	1.03849168E-8
4.67000000E+2	4.82490972E-9	1.80928563E-8	1.20240258E-6	7.89630396E-9
4.67500000E+2	4.90331928E-9	3.13124710E-8	7.88873914E-7	1.36657687E-8
4.68000000E+2	4.46137604E-9	2.27334733E-8	1.10122943E-6	9.92161839E-9
4.68500000E+2	8.13824747E-9	2.00839179E-8	1.43994712E-6	8.76526724E-9
4.69000000E+2	4.71458292E-9	1.94614607E-8	1.45737874E-6	8.49360690E-9
4.69500000E+2	5.60831080E-9	2.58431609E-8	1.50218857E-6	1.12787860E-8
4.70000000E+2	4.56375116E-9	2.73907585E-8	1.20246678E-6	1.19542073E-8
4.70500000E+2	4.16938112E-9	2.02818269E-8	1.61879283E-6	8.85164108E-9
4.71000000E+2	5.71151373E-9	2.50768425E-8	1.20382227E-6	1.09443400E-8
4.71500000E+2	5.30972852E-9	1.71232075E-8	1.14661451E-6	7.47311809E-9
4.72000000E+2	5.96770814E-9	1.77792765E-8	1.17228724E-6	7.75944769E-9
4.72500000E+2	5.41896246E-9	2.05673363E-8	1.48897737E-6	8.97624655E-9
4.73000000E+2	4.95524648E-9	1.68826839E-8	1.16330079E-6	7.36814584E-9
4.73500000E+2	5.58413885E-9	1.77678542E-8	1.14018972E-6	7.75446261E-9
4.74000000E+2	4.08973052E-9	2.39475134E-8	1.33608719E-6	1.04514645E-8
4.74500000E+2	5.07177582E-9	2.60369877E-8	1.48018790E-6	1.13633782E-8
4.75000000E+2	5.54949757E-9	2.03485297E-8	1.40072186E-6	8.88075232E-9
4.75500000E+2	4.69606173E-9	1.60723461E-8	1.08909859E-6	7.01448837E-9
4.76000000E+2	5.09717418E-9	2.15820524E-8	1.37234313E-6	9.41910127E-9
4.76500000E+2	7.08149160E-9	2.02250517E-8	1.29604126E-6	8.82686255E-9
4.77000000E+2	6.49985601E-9	1.85787778E-8	1.08972478E-6	8.10837572E-9
4.77500000E+2	4.36289427E-9	1.99144617E-8	1.29749298E-6	8.69131113E-9
4.78000000E+2	5.57275805E-9	2.48546612E-8	1.24780418E-6	1.08473729E-8
4.78500000E+2	4.62861848E-9	1.68367241E-8	1.37973773E-6	7.34808751E-9
4.79000000E+2	7.62179005E-9	2.26398382E-8	9.23097700E-7	9.88075300E-9
4.79500000E+2	5.84938274E-9	2.14431670E-8	1.59573262E-6	9.35848722E-9
4.80000000E+2	4.33261614E-9	1.88407002E-8	1.15046164E-6	8.22268706E-9
4.80500000E+2	4.29409563E-9	1.61121049E-8	1.23376282E-6	7.03184038E-9
4.81000000E+2	4.55417504E-9	2.25362548E-8	9.61391931E-7	9.83554589E-9
4.81500000E+2	5.29647950E-9	1.93349957E-8	1.10174265E-6	8.43841354E-9
4.82000000E+2	4.95344798E-9	1.93010151E-8	1.00427464E-6	8.42358330E-9
4.82500000E+2	4.82421304E-9	2.19580599E-8	9.57819375E-7	9.58320306E-9
4.83000000E+2	7.46041623E-9	2.11008807E-8	1.00984061E-6	9.20910247E-9
4.83500000E+2	5.73172304E-9	2.95475834E-8	1.43980694E-6	1.28955150E-8
4.84000000E+2	4.92226276E-9	2.43481524E-8	1.27545489E-6	1.06263162E-8
4.84500000E+2	4.77964507E-9	1.80980186E-8	1.38376746E-6	7.89855698E-9
4.85000000E+2	6.53670226E-9	1.61390617E-8	1.41161056E-6	7.04360520E-9
4.85500000E+2	5.90022724E-9	1.72965511E-8	1.39653512E-6	7.54877080E-9
4.86000000E+2	4.24184724E-9	1.90890947E-8	1.48248925E-6	8.33109444E-9
4.86500000E+2	5.45844732E-9	1.86320324E-8	1.33890034E-6	8.13161776E-9
4.87000000E+2	5.03004149E-9	2.35629619E-8	9.66270245E-7	1.02836339E-8
4.87500000E+2	7.44750386E-9	2.07200059E-8	1.13820635E-6	9.04287647E-9
4.88000000E+2	3.98554291E-9	1.89009194E-8	1.17525018E-6	8.24896867E-9
4.88500000E+2	4.58837706E-9	1.76895885E-8	1.30531512E-6	7.72030496E-9
4.89000000E+2	4.21397938E-9	2.47336319E-8	1.20381789E-6	1.07945518E-8
4.89500000E+2	5.60179947E-9	1.93835439E-8	1.42505066E-6	8.45960150E-9
4.90000000E+2	4.01938737E-9	1.84972033E-8	1.19363106E-6	8.07277401E-9
4.90500000E+2	6.99181187E-9	2.04320450E-8	1.62246188E-6	8.91720110E-9
4.91000000E+2	4.38346152E-9	2.74846130E-8	1.34854353E-6	1.19951684E-8
4.91500000E+2	4.74072611E-9	1.67353838E-8	9.92111990E-7	7.30385934E-9
4.92000000E+2	3.91500261E-9	1.93115668E-8	1.09787682E-6	8.42818838E-9
4.92500000E+2	4.62574516E-9	2.14606921E-8	1.27338337E-6	9.36613575E-9
4.93000000E+2	5.51481701E-9	2.20222276E-8	1.14995308E-6	9.61120787E-9
4.93500000E+2	5.33175727E-9	2.22503876E-8	1.27029949E-6	9.71078424E-9
4.94000000E+2	5.00102824E-9	2.06157746E-8	1.55538642E-6	8.99738658E-9
4.94500000E+2	6.44558602E-9	1.78820993E-8	1.29902800E-6	7.80432284E-9
4.95000000E+2	7.86526606E-9	2.22997081E-8	1.32353663E-6	9.73230931E-9
4.95500000E+2	4.33039376E-9	3.08792195E-8	8.13522986E-7	1.34766838E-8
4.96000000E+2	5.27048903E-9	2.35912706E-8	1.74334716E-6	1.02959887E-8
4.96500000E+2	6.61576422E-9	2.19352908E-8	1.42595068E-6	9.57326588E-9
4.97000000E+2	8.37551864E-9	1.79742039E-8	1.11788945E-6	7.84452025E-9
4.97500000E+2	4.63173751E-9	2.02397516E-8	1.26250818E-6	8.83327806E-9
4.98000000E+2	5.74218460E-9	1.97548195E-8	1.23429209E-6	8.62163813E-9
4.98500000E+2	6.05271098E-9	2.01340354E-8	1.24432568E-6	8.78714014E-9
4.99000000E+2	5.44337836E-9	2.16130320E-8	1.73754732E-6	9.43262177E-9
4.99500000E+2	6.01667357E-9	1.92297178E-8	1.08229567E-6	8.39246686E-9
