0.00000000E+0	3.34036153E-8	1.96497392E-7	3.49403417E-3	2.70196766E-3
5.00000000E-1	6.30721607E-9	3.20264713E-7	5.63682651E-5	4.40384929E-3
1.00000000E+0	4.54467436E-9	1.80635674E-7	2.89984423E-5	2.48385866E-3
1.50000000E+0	4.76903849E-9	1.75335327E-7	2.00383768E-5	2.41097543E-3
2.00000000E+0	4.27619049E-9	1.19652394E-7	1.44670239E-5	1.64529868E-3
2.50000000E+0	4.57039928E-9	1.65206906E-7	1.24896580E-5	2.27170302E-3
3.00000000E+0	6.21833916E-9	1.48369150E-7	1.88782928E-5	2.04017286E-3
3.50000000E+0	5.69891550E-9	9.58355036E-8	1.00160592E-5	1.31780086E-3
4.00000000E+0	5.45170500E-9	1.11280385E-7	7.21884127E-6	1.53017809E-3
4.50000000E+0	5.18922795E-9	1.19600156E-7	5.80988002E-6	1.64458037E-3
5.00000000E+0	3.43988283E-3	2.49878036E-7	1.51834392E-5	3.43598644E-3
5.50000000E+0	6.12951190E-9	9.41370199E-8	4.71092773E-6	1.29444560E-3
6.00000000E+0	5.17057267E-9	9.14745728E-8	4.51808882E-6	1.25783521E-3
6.50000000E+0	5.36536686E-9	7.76476719E-8	3.84206442E-6	1.06770628E-3
7.00000000E+0	6.02234401E-9	6.94497306E-8	3.63874174E-6	9.54979221E-4
7.50000000E+0	4.96963663E-9	6.40475816E-8	3.19060802E-6	8.80696139E-4
8.00000000E+0	4.47844272E-9	6.89042862E-8	2.93805506E-6	9.47479004E-4
8.50000000E+0	4.94120640E-9	1.02823814E-7	2.88571098E-6	1.41389470E-3
9.00000000E+0	5.38474438E-9	7.15212127E-8	2.81392241E-6	9.83463455E-4
9.50000000E+0	4.77648059E-9	5.88777356E-8	2.68189389E-6	8.09607375E-4
1.00000000E+1	4.95488859E-8	6.71807687E-8	2.45561837E-6	9.23779511E-4
1.05000000E+1	4.71505364E-9	6.17023983E-8	2.13199736E-6	8.48448335E-4
1.10000000E+1	4.37714752E-9	5.38242215E-8	2.03391531E-6	7.40118251E-4
1.15000000E+1	4.07994872E-9	5.90741391E-8	2.03705042E-6	8.12308051E-4
1.20000000E+1	6.47388820E-9	6.05728018E-8	1.94154031E-6	8.32915645E-4
1.25000000E+1	4.67584335E-9	5.35403783E-8	1.87648256E-6	7.36215222E-4
1.30000000E+1	4.94292307E-9	5.94347649E-8	1.69510033E-6	8.17266892E-4
1.35000000E+1	4.48283251E-9	5.02501678E-8	1.73336041E-6	6.90972675E-4
1.40000000E+1	6.50882999E-9	8.12407772E-8	1.62548180E-6	1.11711382E-3
1.45000000E+1	5.13027134E-9	7.68368385E-8	1.61127169E-6	1.05655679E-3
1.50000000E+1	5.26069927E-8	5.45124598E-8	1.63707005E-6	7.49581978E-4
1.55000000E+1	4.42736630E-9	4.86776051E-8	1.49048887E-6	6.69348910E-4
1.60000000E+1	4.53627335E-9	5.89459822E-8	1.44960516E-6	8.10545811E-4
1.65000000E+1	4.32392885E-9	4.84953419E-8	1.40004072E-6	6.66842671E-4
1.70000000E+1	4.42016490E-9	4.14778445E-8	1.48928235E-6	5.70347491E-4
1.75000000E+1	4.13572601E-9	6.87803390E-8	1.43616770E-6	9.45774649E-4
1.80000000E+1	4.38212588E-9	4.40407129E-8	1.29405082E-6	6.05588608E-4
1.85000000E+1	6.30978438E-9	4.77840503E-8	1.34924430E-6	6.57061947E-4
1.90000000E+1	4.54814542E-9	4.55326860E-8	1.39089658E-6	6.26104214E-4
1.95000000E+1	5.38172134E-9	5.25783466E-8	1.16699796E-6	7.22986657E-4
2.00000000E+1	6.51648535E-8	4.96010533E-8	1.35472109E-6	6.82046925E-4
2.05000000E+1	4.65369468E-9	5.31888708E-8	1.29445404E-6	7.31381764E-4
2.10000000E+1	5.71647296E-9	4.89438032E-8	1.26828412E-6	6.73009306E-4
2.15000000E+1	6.84543153E-9	6.99380219E-8	1.03530801E-6	9.61693546E-4
2.20000000E+1	5.63313123E-9	5.48811612E-8	1.15882683E-6	7.54651863E-4
2.25000000E+1	4.26950940E-9	3.73774927E-8	1.01325442E-6	5.13964972E-4
2.30000000E+1	5.34789198E-9	4.61594201E-8	1.09298089E-6	6.34722218E-4
2.35000000E+1	5.94368544E-9	4.37947889E-8	1.16177583E-6	6.02206993E-4
2.40000000E+1	5.71703101E-9	4.48783674E-8	1.12387907E-6	6.17106906E-4
2.45000000E+1	5.00603673E-9	5.78331996E-8	1.05055267E-6	7.95244321E-4
2.50000000E+1	2.48148460E-8	4.25669801E-8	1.08730021E-6	5.85323819E-4
2.55000000E+1	5.20530238E-9	4.01243141E-8	1.12253854E-6	5.51735563E-4
2.60000000E+1	7.06907291E-9	3.88326407E-8	1.10735091E-6	5.33974209E-4
2.65000000E+1	4.79811372E-9	3.96959861E-8	1.28623994E-6	5.45845773E-4
2.70000000E+1	6.10963980E-9	3.72817264E-8	1.04653487E-6	5.12648124E-4
2.75000000E+1	4.53498937E-9	5.03013725E-8	1.02991103E-6	6.91676773E-4
2.80000000E+1	4.55275836E-9	4.13712038E-8	9.95512481E-7	5.68881112E-4
2.85000000E+1	5.53475132E-9	5.03785461E-8	1.15670643E-6	6.92737960E-4
2.90000000E+1	5.00232368E-9	3.93189372E-8	1.06665247E-6	5.40661104E-4
2.95000000E+1	6.08950495E-9	4.98815665E-8	1.12891583E-6	6.85904165E-4
3.00000000E+1	4.14938542E-8	4.31451045E-8	1.10366803E-6	5.93273407E-4
3.05000000E+1	3.86856857E-9	4.03219063E-8	1.10957556E-6	5.54452585E-4
3.10000000E+1	6.37196018E-9	4.59444057E-8	1.06650838E-6	6.31765630E-4
3.15000000E+1	4.23160798E-9	4.74565850E-8	1.06333586E-6	6.52559084E-4
3.20000000E+1	5.25515719E-9	6.43440273E-8	1.13818107E-6	8.84772461E-4
3.25000000E+1	4.32394421E-9	4.48598927E-8	1.07124879E-6	6.16852867E-4
3.30000000E+1	5.47302188E-9	4.25996296E-8	1.21964556E-6	5.85772770E-4
3.35000000E+1	5.30351333E-9	4.18852696E-8	1.21770623E-6	5.75949853E-4
3.40000000E+1	4.90581200E-9	3.42647508E-8	1.16638259E-6	4.71162736E-4
3.45000000E+1	6.07835146E-9	3.71200570E-8	1.20161472E-6	5.10425063E-4
3.50000000E+1	6.31117474E-8	3.81336977E-8	1.15249386E-6	5.24363286E-4
3.55000000E+1	5.12932173E-9	3.49674303E-8	1.35009966E-6	4.80825039E-4
3.60000000E+1	6.27364703E-9	4.29296428E-8	1.41034947E-6	5.90310668E-4
3.65000000E+1	5.03441633E-9	3.56090457E-8	1.35507529E-6	4.89647669E-4
3.70000000E+1	6.65539046E-9	3.61592141E-8	1.39228734E-6	4.97212845E-4
3.75000000E+1	4.63729564E-9	3.76873775E-8	1.34311726E-6	5.18226092E-4
3.80000000E+1	5.12907988E-9	3.36648061E-8	1.19411885E-6	4.62913103E-4
3.85000000E+1	4.73144207E-9	3.81696808E-8	1.59876754E-6	5.24858077E-4
3.90000000E+1	4.87958994E-9	4.23519771E-8	1.38459998E-6	5.82367386E-4
3.95000000E+1	4.51429077E-9	3.51153765E-8	1.47147728E-6	4.82859395E-4
4.00000000E+1	5.07580575E-8	3.14367188E-8	1.53949854E-6	4.32275445E-4
4.05000000E+1	5.55045713E-9	4.66469047E-8	1.74356197E-6	6.41425451E-4
4.10000000E+1	4.99634823E-9	3.78430378E-8	1.61336448E-6	5.20366521E-4
4.15000000E+1	5.58175239E-9	3.30335855E-8	1.80555083E-6	4.54233407E-4
4.20000000E+1	6.08345509E-9	3.07380800E-8	1.82486512E-6	4.22668706E-4
4.25000000E+1	4.83364124E-9	3.80888771E-8	1.95107762E-6	5.23746973E-4
4.30000000E+1	5.09967425E-9	3.71590022E-8	2.11928362E-6	5.10960585E-4
4.35000000E+1	4.65032933E-9	3.38835442E-8	2.04497374E-6	4.65920895E-4
4.40000000E+1	6.08279022E-9	3.12787406E-8	2.40698135E-6	4.30103142E-4
4.45000000E+1	4.38361261E-9	4.68285072E-8	2.66226403E-6	6.43922603E-4
4.50000000E+1	6.86245209E-8	3.40050597E-8	2.91058982E-6	4.67591813E-4
4.55000000E+1	4.83911175E-9	3.10255532E-8	3.15383210E-6	4.26621650E-4
4.60000000E+1	4.84570269E-9	3.57018104E-8	3.40826764E-6	4.90923244E-4
4.65000000E+1	4.56024066E-9	3.32281189E-8	3.81554460E-6	4.56908368E-4
4.70000000E+1	4.27217862E-9	3.76167560E-8	4.59327766E-6	5.17254999E-4
4.75000000E+1	4.84269365E-9	3.56083960E-8	5.47056179E-6	4.89638735E-4
4.80000000E+1	5.58356384E-9	3.59178069E-8	6.67098191E-6	4.93893337E-4
4.85000000E+1	5.28911671E-9	3.95641666E-8	8.87562046E-6	5.44033169E-4
4.90000000E+1	5.14331795E-9	4.06966227E-8	1.32952879E-5	5.59605181E-4
4.95000000E+1	4.70067433E-9	3.77994608E-8	2.59951894E-5	5.19767310E-4
5.00000000E+1	8.37415664E-8	1.70305506E-7	5.37004312E-4	2.34181209E-3
5.05000000E+1	4.91992373E-9	3.40245744E-8	2.84633693E-5	4.67860153E-4
5.10000000E+1	4.26296122E-9	3.04690707E-8	1.38799555E-5	4.18969651E-4
5.15000000E+1	4.64608683E-9	3.41091073E-8	8.81418941E-6	4.69022536E-4
5.20000000E+1	5.11237710E-9	2.97661722E-8	6.40217735E-6	4.09304338E-4
5.25000000E+1	5.74697068E-9	3.38040088E-8	5.65835057E-6	4.64827231E-4
5.30000000E+1	5.28147257E-9	2.89140684E-8	4.61330101E-6	3.97587352E-4
5.35000000E+1	4.85506080E-9	2.72602920E-8	3.77876132E-6	3.74846845E-4
5.40000000E+1	5.69870954E-9	3.94748318E-8	3.88830507E-6	5.42804757E-4
5.45000000E+1	7.40426025E-9	2.81892617E-8	2.70733369E-6	3.87620786E-4
5.50000000E+1	2.73439126E-8	3.27340948E-8	2.52425641E-6	4.50115214E-4
5.55000000E+1	4.49155247E-9	3.21671626E-8	2.21584281E-6	4.42319525E-4
5.60000000E+1	5.41501286E-9	4.17245648E-8	2.46616315E-6	5.73740057E-4
5.65000000E+1	4.49010120E-9	3.79594822E-8	2.12213124E-6	5.21967708E-4
5.70000000E+1	4.79720547E-9	3.69908531E-8	1.79917047E-6	5.08648425E-4
5.75000000E+1	4.74049095E-9	4.42400579E-8	1.52513972E-6	6.08329733E-4
5.80000000E+1	4.28797160E-9	3.55738886E-8	1.62976617E-6	4.89164236E-4
5.85000000E+1	3.89652889E-9	3.90258832E-8	1.52229569E-6	5.36631420E-4
5.90000000E+1	5.26082635E-9	2.70504105E-8	1.59148048E-6	3.71960838E-4
5.95000000E+1	5.61394798E-9	2.90636304E-8	1.44186554E-6	3.99643928E-4
6.00000000E+1	4.54290909E-8	3.97259818E-8	1.46565690E-6	5.46258233E-4
6.05000000E+1	4.70610514E-9	3.93375333E-8	1.39267875E-6	5.40916813E-4
6.10000000E+1	8.51124436E-9	3.24191086E-8	1.19602282E-6	4.45783947E-4
6.15000000E+1	5.46375379E-9	3.42159116E-8	1.40190369E-6	4.70491165E-4
6.20000000E+1	5.18895388E-9	2.80445887E-8	9.82388745E-7	3.85631438E-4
6.25000000E+1	4.01833059E-9	3.33617452E-8	1.20403670E-6	4.58745818E-4
6.30000000E+1	3.60158909E-9	2.51119539E-8	1.15800908E-6	3.45305791E-4
6.35000000E+1	4.35767247E-9	3.09344877E-8	1.14903756E-6	4.25369440E-4
6.40000000E+1	3.97378485E-9	2.67863502E-8	1.07681261E-6	3.68329835E-4
6.45000000E+1	5.26670288E-9	3.64307704E-8	9.65087765E-7	5.00946922E-4
6.50000000E+1	3.66267148E-8	3.87555193E-8	9.23580962E-7	5.32913739E-4
6.55000000E+1	4.67660228E-9	2.81032281E-8	7.99965544E-7	3.86437768E-4
6.60000000E+1	4.30696654E-9	4.04669932E-8	9.69354437E-7	5.56447625E-4
6.65000000E+1	7.54418843E-9	2.73038919E-8	8.58661798E-7	3.75446373E-4
6.70000000E+1	7.49621162E-9	2.57426698E-8	8.48489883E-7	3.53978548E-4
6.75000000E+1	5.45101954E-9	2.59401278E-8	7.94705279E-7	3.56693724E-4
6.80000000E+1	4.45442909E-9	2.61751842E-8	8.10508814E-7	3.59925903E-4
6.85000000E+1	5.08386618E-9	2.44488754E-8	7.76490094E-7	3.36188028E-4
6.90000000E+1	5.56453401E-9	2.54761418E-8	8.01248588E-7	3.50313613E-4
6.95000000E+1	4.24704380E-9	3.11229060E-8	7.92567511E-7	4.27960314E-4
7.00000000E+1	6.57316249E-8	4.20489003E-8	6.54935089E-7	5.78199882E-4
7.05000000E+1	5.37587276E-9	2.37400853E-8	7.79039467E-7	3.26441700E-4
7.10000000E+1	4.71560471E-9	2.74872666E-8	6.44139197E-7	3.77967894E-4
7.15000000E+1	4.69592461E-9	3.59036404E-8	6.97352947E-7	4.93698539E-4
7.20000000E+1	6.06394148E-9	3.61260231E-8	6.88462339E-7	4.96756446E-4
7.25000000E+1	4.50735784E-9	2.52901333E-8	6.53807923E-7	3.47755875E-4
7.30000000E+1	4.20797045E-9	2.68156513E-8	5.90232001E-7	3.68732745E-4
7.35000000E+1	5.23437767E-9	3.67208187E-8	7.11791262E-7	5.04935275E-4
7.40000000E+1	4.79891985E-9	3.11758703E-8	6.10432850E-7	4.28688608E-4
7.45000000E+1	6.05085378E-9	2.60921798E-8	5.98076862E-7	3.58784538E-4
7.50000000E+1	2.32364433E-8	2.55864414E-8	6.07904343E-7	3.51830305E-4
7.55000000E+1	7.00717148E-9	2.17586361E-8	5.80593203E-7	2.99195478E-4
7.60000000E+1	3.99939972E-9	3.20768261E-8	5.19802738E-7	4.41077339E-4
7.65000000E+1	4.28862445E-9	3.42596050E-8	4.85285143E-7	4.71091977E-4
7.70000000E+1	5.61698724E-9	2.69501574E-8	6.13416671E-7	3.70582292E-4
7.75000000E+1	5.12979026E-9	3.75684133E-8	4.95173755E-7	5.16590255E-4
7.80000000E+1	7.43032048E-9	2.66069799E-8	5.68720566E-7	3.65863377E-4
7.85000000E+1	5.36085407E-9	3.68880807E-8	5.74813158E-7	5.07235237E-4
7.90000000E+1	4.21217652E-9	2.50911504E-8	5.30998796E-7	3.45019730E-4
7.95000000E+1	6.82742444E-9	3.99597005E-8	4.56840659E-7	5.49472018E-4
8.00000000E+1	8.00148197E-8	2.60356065E-8	5.37771624E-7	3.58006618E-4
8.05000000E+1	5.02461781E-9	2.85970614E-8	5.35824337E-7	3.93228299E-4
8.10000000E+1	5.70979061E-9	3.25301182E-8	5.32309117E-7	4.47310402E-4
8.15000000E+1	4.62315396E-9	3.63579935E-8	5.63459654E-7	4.99946192E-4
8.20000000E+1	5.03399196E-9	3.05249547E-8	4.88349506E-7	4.19738093E-4
8.25000000E+1	4.29660567E-9	2.64097993E-8	5.12476479E-7	3.63152014E-4
8.30000000E+1	4.07733088E-9	3.01251548E-8	4.81893464E-7	4.14240583E-4
8.35000000E+1	5.51651013E-9	2.34175655E-8	4.84090824E-7	3.22006843E-4
8.40000000E+1	4.35722328E-9	2.59445259E-8	4.88730048E-7	3.56754201E-4
8.45000000E+1	4.71985809E-9	2.76263113E-8	5.15064150E-7	3.79879850E-4
8.50000000E+1	5.05433612E-8	2.62047240E-8	4.76383888E-7	3.60332096E-4
8.55000000E+1	4.72353621E-9	2.67683501E-8	5.41138109E-7	3.68082323E-4
8.60000000E+1	4.37285695E-9	2.88526691E-8	5.56739518E-7	3.96743072E-4
8.65000000E+1	4.41693134E-9	2.73225698E-8	5.66920521E-7	3.75703206E-4
8.70000000E+1	4.53298991E-9	4.34919287E-8	4.26201627E-7	5.98042467E-4
8.75000000E+1	4.15273960E-9	2.40842273E-8	5.20201333E-7	3.31173878E-4
8.80000000E+1	5.93756571E-9	2.80731508E-8	4.22721415E-7	3.86024186E-4
8.85000000E+1	6.20012799E-9	2.33234419E-8	3.97205735E-7	3.20712582E-4
8.90000000E+1	6.78215191E-9	2.46686728E-8	4.73881756E-7	3.39210386E-4
8.95000000E+1	6.68616059E-9	3.02367669E-8	4.12159046E-7	4.15775321E-4
9.00000000E+1	6.98909248E-8	2.60190035E-8	5.15374665E-7	3.57778317E-4
9.05000000E+1	4.84229694E-9	2.73440285E-8	4.48873323E-7	3.75998277E-4
9.10000000E+1	4.13631034E-9	2.66060079E-8	3.42869681E-7	3.65850012E-4
9.15000000E+1	4.70046526E-9	3.01137262E-8	4.41077920E-7	4.14083431E-4
9.20000000E+1	6.78668264E-9	2.60315936E-8	4.25406760E-7	3.57951439E-4
9.25000000E+1	4.42803670E-9	2.77416636E-8	4.33993315E-7	3.81466019E-4
9.30000000E+1	8.89913749E-9	2.40771065E-8	3.71375886E-7	3.31075962E-4
9.35000000E+1	4.38314120E-9	2.22926652E-8	3.89446549E-7	3.06538727E-4
9.40000000E+1	3.86921877E-9	2.36195175E-8	3.26817020E-7	3.24783815E-4
9.45000000E+1	4.41301927E-9	2.79461890E-8	4.54108582E-7	3.84278377E-4
9.50000000E+1	2.52706221E-8	2.71650948E-8	4.09925807E-7	3.73537822E-4
9.55000000E+1	4.07156995E-9	2.63601759E-8	3.98719243E-7	3.62469660E-4
9.60000000E+1	6.34504925E-9	2.85702436E-8	4.17886231E-7	3.92859537E-4
9.65000000E+1	5.60993119E-9	2.36764756E-8	3.76012501E-7	3.25567026E-4
9.70000000E+1	4.98869461E-9	2.27457501E-8	4.04790813E-7	3.12768941E-4
9.75000000E+1	4.52878780E-9	3.61334636E-8	5.55311099E-7	4.96858758E-4
9.80000000E+1	5.22488178E-9	3.06435208E-8	4.11125865E-7	4.21368454E-4
9.85000000E+1	5.04538165E-9	2.31627254E-8	5.59105556E-7	3.18502624E-4
9.90000000E+1	4.15948939E-9	2.76980635E-8	7.71666523E-7	3.80866490E-4
9.95000000E+1	4.52732552E-9	2.10166962E-8	1.39958548E-6	2.88993319E-4
1.00000000E+2	6.14202997E-8	3.11852334E-8	1.44074063E-5	4.28817357E-4
1.00500000E+2	4.23027214E-9	2.69561192E-8	1.51198262E-6	3.70664270E-4
1.01000000E+2	5.02153680E-9	2.76835592E-8	8.87247880E-7	3.80667046E-4
1.01500000E+2	4.03208487E-9	2.43351785E-8	5.52269014E-7	3.34624621E-4
1.02000000E+2	5.41672357E-9	3.38898624E-8	4.32462089E-7	4.66007774E-4
1.02500000E+2	4.45773333E-9	2.25814831E-8	4.23567496E-7	3.10510162E-4
1.03000000E+2	4.26826007E-9	3.53647004E-8	3.83068753E-7	4.86287762E-4
1.03500000E+2	5.37649068E-9	3.48067806E-8	4.41699432E-7	4.78616000E-4
1.04000000E+2	4.40741431E-9	2.14687949E-8	3.93337775E-7	2.95209972E-4
1.04500000E+2	5.67545364E-9	2.75818515E-8	3.54878402E-7	3.79268499E-4
1.05000000E+2	6.51216101E-8	3.03717788E-8	4.50322275E-7	4.17631824E-4
1.05500000E+2	6.71515361E-9	2.35112124E-8	3.97824978E-7	3.23294548E-4
1.06000000E+2	6.58203884E-9	2.28553317E-8	3.78776869E-7	3.14275760E-4
1.06500000E+2	4.44193646E-9	2.45006482E-8	3.22486803E-7	3.36899937E-4
1.07000000E+2	4.63624072E-9	2.30605907E-8	3.17354600E-7	3.17098206E-4
1.07500000E+2	4.84172568E-9	2.78609291E-8	3.35608274E-7	3.83105998E-4
1.08000000E+2	4.19777889E-9	2.25528829E-8	3.59820800E-7	3.10116892E-4
1.08500000E+2	5.21544411E-9	3.15608822E-8	3.19221329E-7	4.33982774E-4
1.09000000E+2	4.64767774E-9	2.29363685E-8	3.15856910E-7	3.15390069E-4
1.09500000E+2	5.25786323E-9	3.18621932E-8	3.33226576E-7	4.38125997E-4
1.10000000E+2	4.08201581E-8	3.11178553E-8	3.82850536E-7	4.27890864E-4
1.10500000E+2	6.76572018E-9	2.83677818E-8	3.81960706E-7	3.90075554E-4
1.11000000E+2	4.82603895E-9	2.36884224E-8	3.73510579E-7	3.25731301E-4
1.11500000E+2	5.16434282E-9	4.73302231E-8	3.90221246E-7	6.50821525E-4
1.12000000E+2	5.59501771E-9	2.85823191E-8	3.96605197E-7	3.93025583E-4
1.12500000E+2	5.10266004E-9	2.55649835E-8	3.12885622E-7	3.51535244E-4
1.13000000E+2	5.19857493E-9	2.35828014E-8	3.37413649E-7	3.24278944E-4
1.13500000E+2	7.33781186E-9	2.28107633E-8	3.27207178E-7	3.13662915E-4
1.14000000E+2	7.78429717E-9	3.00023832E-8	3.27904814E-7	4.12552392E-4
1.14500000E+2	4.77488900E-9	3.24655391E-8	3.43873122E-7	4.46422398E-4
1.15000000E+2	4.86794709E-8	2.37686257E-8	3.08147699E-7	3.26834150E-4
1.15500000E+2	4.86938876E-9	2.09192614E-8	3.22178296E-7	2.87653527E-4
1.16000000E+2	6.16887564E-9	2.13257746E-8	3.51481762E-7	2.93243350E-4
1.16500000E+2	5.87854536E-9	3.41783030E-8	4.03800000E-7	4.69974021E-4
1.17000000E+2	5.20865590E-9	2.53849381E-8	2.83320460E-7	3.49059503E-4
1.17500000E+2	5.29210984E-9	3.23723205E-8	2.85474219E-7	4.45140581E-4
1.18000000E+2	5.10339254E-9	2.87996309E-8	3.36087797E-7	3.96013762E-4
1.18500000E+2	4.70426915E-9	2.16706351E-8	2.73110871E-7	2.97985407E-4
1.19000000E+2	7.59198187E-9	3.13383275E-8	2.72335078E-7	4.30922501E-4
1.19500000E+2	7.31033603E-9	2.04291467E-8	3.03590921E-7	2.80914129E-4
1.20000000E+2	7.81722155E-8	2.23174875E-8	2.87287687E-7	3.06880051E-4
1.20500000E+2	4.62730991E-9	2.75937542E-8	3.36431220E-7	3.79432168E-4
1.21000000E+2	6.18248777E-9	2.39894516E-8	3.00011016E-7	3.29870651E-4
1.21500000E+2	4.46767920E-9	2.09397177E-8	2.90943131E-7	2.87934814E-4
1.22000000E+2	5.02976958E-9	2.29152111E-8	3.37822375E-7	3.15099141E-4
1.22500000E+2	5.24550672E-9	2.94074593E-8	3.47389039E-7	4.04371800E-4
1.23000000E+2	4.62478445E-9	2.91212109E-8	3.32184099E-7	4.00435698E-4
1.23500000E+2	4.81032748E-9	2.19320526E-8	3.03758538E-7	3.01580068E-4
1.24000000E+2	5.47086976E-9	2.19783964E-8	3.28521688E-7	3.02217326E-4
1.24500000E+2	5.18050841E-9	2.62811464E-8	3.73694511E-7	3.61382952E-4
1.25000000E+2	4.50944173E-8	2.21310597E-8	2.62961287E-7	3.04316546E-4
1.25500000E+2	5.00748451E-9	2.28784092E-8	3.01881912E-7	3.14593090E-4
1.26000000E+2	5.82049980E-9	3.55827606E-8	3.04611101E-7	4.89286232E-4
1.26500000E+2	5.16895818E-9	3.05365136E-8	3.24211750E-7	4.19897036E-4
1.27000000E+2	4.30824317E-9	2.34649795E-8	2.87401495E-7	3.22658817E-4
1.27500000E+2	4.49319981E-9	2.15290782E-8	2.88530084E-7	2.96038907E-4
1.28000000E+2	4.11157709E-9	2.05979548E-8	4.12973027E-7	2.83235350E-4
1.28500000E+2	3.90881059E-9	2.10908054E-8	3.39112378E-7	2.90012369E-4
1.29000000E+2	4.12303950E-9	2.36629524E-8	3.03572134E-7	3.25381073E-4
1.29500000E+2	5.44422619E-9	2.62932868E-8	3.00589898E-7	3.61549891E-4
1.30000000E+2	3.36584473E-8	2.13166599E-8	3.30086872E-7	2.93118017E-4
1.30500000E+2	4.70695399E-9	2.15653531E-8	4.52572799E-7	2.96537710E-4
1.31000000E+2	4.82463774E-9	2.10322883E-8	2.94685847E-7	2.89207721E-4
1.31500000E+2	7.14756764E-9	2.59098548E-8	2.83349542E-7	3.56277451E-4
1.32000000E+2	6.81791151E-9	3.60415639E-8	2.79643160E-7	4.95595078E-4
1.32500000E+2	5.42292741E-9	2.34555883E-8	2.83104769E-7	3.22529681E-4
1.33000000E+2	5.46646769E-9	2.85661012E-8	2.53504130E-7	3.92802576E-4
1.33500000E+2	4.51110085E-9	2.56825233E-8	2.50491501E-7	3.53151493E-4
1.34000000E+2	4.76109228E-9	2.10380181E-8	2.44963468E-7	2.89286509E-4
1.34500000E+2	4.44664265E-9	3.21583286E-8	4.07177033E-7	4.42198053E-4
1.35000000E+2	3.37333563E-8	2.93411666E-8	2.58062142E-7	4.03460232E-4
1.35500000E+2	5.94141021E-9	2.96837430E-8	3.03449166E-7	4.08170882E-4
1.36000000E+2	5.42073740E-9	2.34435089E-8	3.46248166E-7	3.22363581E-4
1.36500000E+2	4.41259630E-9	3.21840956E-8	3.23269738E-7	4.42552365E-4
1.37000000E+2	6.02215896E-9	2.61201560E-8	3.02710674E-7	3.59169230E-4
1.37500000E+2	5.99550350E-9	2.34435295E-8	3.05134125E-7	3.22363865E-4
1.38000000E+2	5.05125203E-9	2.58088280E-8	3.30044914E-7	3.54888266E-4
1.38500000E+2	5.15621141E-9	2.30219953E-8	2.52457175E-7	3.16567494E-4
1.39000000E+2	4.93507100E-9	2.66165756E-8	2.62737108E-7	3.65995324E-4
1.39500000E+2	4.38114665E-9	2.36544542E-8	3.03769848E-7	3.25264217E-4
1.40000000E+2	5.76360915E-8	2.69063798E-8	2.80307917E-7	3.69980321E-4
1.40500000E+2	4.23450241E-9	4.33212608E-8	2.92977602E-7	5.95695672E-4
1.41000000E+2	5.02034211E-9	2.12946677E-8	3.18070164E-7	2.92815610E-4
1.41500000E+2	4.70384600E-9	2.31054456E-8	3.83894638E-7	3.17714990E-4
1.42000000E+2	4.27002952E-9	2.16891950E-8	3.00298463E-7	2.98240618E-4
1.42500000E+2	6.25036853E-9	2.66943599E-8	3.51335445E-7	3.67064908E-4
1.43000000E+2	6.48329200E-9	2.77817466E-8	3.36117297E-7	3.82017187E-4
1.43500000E+2	5.64014689E-9	4.19203389E-8	4.63400740E-7	5.76432079E-4
1.44000000E+2	4.53306228E-9	2.93605327E-8	2.68733296E-7	4.03726528E-4
1.44500000E+2	4.41208657E-9	4.00125707E-8	3.61328773E-7	5.50199019E-4
1.45000000E+2	3.01738295E-8	2.11555098E-8	3.61611491E-7	2.90902096E-4
1.45500000E+2	5.06306576E-9	2.23096518E-8	3.28588429E-7	3.06772304E-4
1.46000000E+2	4.83446593E-9	2.13660893E-8	4.28226266E-7	2.93797703E-4
1.46500000E+2	5.91762939E-9	2.11631258E-8	3.51951522E-7	2.91006822E-4
1.47000000E+2	5.24286538E-9	2.35541611E-8	4.07063691E-7	3.23885121E-4
1.47500000E+2	5.04705968E-9	2.56119483E-8	4.38479843E-7	3.52181042E-4
1.48000000E+2	4.49503072E-9	2.46452166E-8	6.23264774E-7	3.38887849E-4
1.48500000E+2	4.80292140E-9	2.27679989E-8	7.46259418E-7	3.13074876E-4
1.49000000E+2	5.57205214E-9	2.41967440E-8	6.36874764E-7	3.32721057E-4
1.49500000E+2	4.59957686E-9	2.78195470E-8	1.44152521E-6	3.82536967E-4
1.50000000E+2	6.27111343E-8	3.24369094E-8	9.95838590E-6	4.46028721E-4
1.50500000E+2	4.55220488E-9	3.32880591E-8	1.66584578E-6	4.57732585E-4
1.51000000E+2	5.25633097E-9	2.06540165E-8	8.62413011E-7	2.84006236E-4
1.51500000E+2	4.61561127E-9	2.16834485E-8	5.30143638E-7	2.98161600E-4
1.52000000E+2	5.70812325E-9	2.10771064E-8	4.30275232E-7	2.89823999E-4
1.52500000E+2	4.01700276E-9	2.42230237E-8	4.51394118E-7	3.33082420E-4
1.53000000E+2	5.23389575E-9	2.52818499E-8	3.54575462E-7	3.47641973E-4
1.53500000E+2	4.43536965E-9	2.37414675E-8	3.17336797E-7	3.26460706E-4
1.54000000E+2	4.26017891E-9	2.04793948E-8	3.17116306E-7	2.81605074E-4
1.54500000E+2	4.67466919E-9	3.57998518E-8	4.79425694E-7	4.92271378E-4
1.55000000E+2	3.18389231E-8	2.01939518E-8	2.88000788E-7	2.77680045E-4
1.55500000E+2	5.47956897E-9	2.18124283E-8	3.33497038E-7	2.99935156E-4
1.56000000E+2	4.96081017E-9	2.12873666E-8	2.53938825E-7	2.92715214E-4
1.56500000E+2	5.44499989E-9	2.17380152E-8	2.68273309E-7	2.98911927E-4
1.57000000E+2	7.60820089E-9	2.54221937E-8	2.50425551E-7	3.49571791E-4
1.57500000E+2	5.12535327E-9	2.01656438E-8	2.61263411E-7	2.77290792E-4
1.58000000E+2	4.32988045E-9	2.62963523E-8	2.46503178E-7	3.61592044E-4
1.58500000E+2	5.64755204E-9	1.93223855E-8	2.62204708E-7	2.65695439E-4
1.59000000E+2	4.37265355E-9	2.31736324E-8	3.08240586E-7	3.18652602E-4
1.59500000E+2	4.98950227E-9	1.93615101E-8	3.07079315E-7	2.66233427E-4
1.60000000E+2	4.57914615E-8	2.25997631E-8	3.18527018E-7	3.10761524E-4
1.60500000E+2	3.83513786E-9	2.62657756E-8	2.27431545E-7	3.61171594E-4
1.61000000E+2	6.05276691E-9	2.35216196E-8	2.55442973E-7	3.23437655E-4
1.61500000E+2	5.57311078E-9	2.43448569E-8	3.50468918E-7	3.34757706E-4
1.62000000E+2	6.39012385E-9	2.80633460E-8	3.13456703E-7	3.85889364E-4
1.62500000E+2	5.45295393E-9	2.36411195E-8	2.89463851E-7	3.25080857E-4
1.63000000E+2	5.89688668E-9	2.27544449E-8	2.91813781E-7	3.12888500E-4
1.63500000E+2	5.65580140E-9	1.76976318E-8	2.49191650E-7	2.43354013E-4
1.64000000E+2	6.21531604E-9	2.35815686E-8	2.69838544E-7	3.24261993E-4
1.64500000E+2	5.25137066E-9	2.13777332E-8	3.27499932E-7	2.93957814E-4
1.65000000E+2	3.52179746E-8	2.93414231E-8	2.45045815E-7	4.03463759E-4
1.65500000E+2	5.35386671E-9	2.82214047E-8	2.62085590E-7	3.88062774E-4
1.66000000E+2	4.04238595E-9	2.04485341E-8	2.81063133E-7	2.81180718E-4
1.66500000E+2	4.89861901E-9	2.12005982E-8	2.56839875E-7	2.91522091E-4
1.67000000E+2	4.20008245E-9	3.07154525E-8	3.64594977E-7	4.22357562E-4
1.67500000E+2	4.77569249E-9	2.44592553E-8	2.50231357E-7	3.36330759E-4
1.68000000E+2	5.44579571E-9	4.08882196E-8	2.90778449E-7	5.62239764E-4
1.68500000E+2	6.97779886E-9	2.06721347E-8	2.26451408E-7	2.84255373E-4
1.69000000E+2	5.12879507E-9	2.23235440E-8	2.32931565E-7	3.06963331E-4
1.69500000E+2	4.37951163E-9	2.09767395E-8	2.33616571E-7	2.88443889E-4
1.70000000E+2	5.27117979E-8	2.54529802E-8	2.51627044E-7	3.49995126E-4
1.70500000E+2	5.10757782E-9	2.27050754E-8	2.26960998E-7	3.12209637E-4
1.71000000E+2	4.29377765E-9	2.24783851E-8	2.21834743E-7	3.09092498E-4
1.71500000E+2	4.25562638E-9	1.78257147E-8	2.30269349E-7	2.45115236E-4
1.72000000E+2	5.47739539E-9	4.11133385E-8	2.86732977E-7	5.65335295E-4
1.72500000E+2	5.77479986E-9	2.34846042E-8	2.25915328E-7	3.22928669E-4
1.73000000E+2	4.86892790E-9	2.78519524E-8	2.37862459E-7	3.82982563E-4
1.73500000E+2	4.27894056E-9	2.10186180E-8	2.25131029E-7	2.89019745E-4
1.74000000E+2	5.03808504E-9	2.19290155E-8	2.21367470E-7	3.01538306E-4
1.74500000E+2	4.80418635E-9	2.66647204E-8	2.79286370E-7	3.66657346E-4
1.75000000E+2	2.59353712E-8	2.23709506E-8	2.70921438E-7	3.07615204E-4
1.75500000E+2	4.62226888E-9	1.84405952E-8	2.14001433E-7	2.53570246E-4
1.76000000E+2	4.78281797E-9	2.64234491E-8	2.40413274E-7	3.63339708E-4
1.76500000E+2	6.01565278E-9	2.61486917E-8	2.46814122E-7	3.59561615E-4
1.77000000E+2	4.77618749E-9	3.08048558E-8	2.50374566E-7	4.23586916E-4
1.77500000E+2	6.38625723E-9	2.48467098E-8	2.43342333E-7	3.41658511E-4
1.78000000E+2	5.86690050E-9	3.37454244E-8	2.76670843E-7	4.64021657E-4
1.78500000E+2	6.97032226E-9	2.46158409E-8	2.63884259E-7	3.38483913E-4
1.79000000E+2	1.01080661E-8	2.07994406E-8	2.19666885E-7	2.86005913E-4
1.79500000E+2	9.99590456E-9	3.63266056E-8	2.52955284E-7	4.99514588E-4
1.80000000E+2	8.32668579E-8	2.31713220E-8	2.24069390E-7	3.18620834E-4
1.80500000E+2	5.18129450E-9	2.02607029E-8	2.41589460E-7	2.78597917E-4
1.81000000E+2	8.12878026E-9	2.29237845E-8	2.97331036E-7	3.15217030E-4
1.81500000E+2	4.20198779E-9	3.07511658E-8	2.47751895E-7	4.22848643E-4
1.82000000E+2	4.52140884E-9	2.76983934E-8	2.30543048E-7	3.80871026E-4
1.82500000E+2	4.06715640E-9	2.09238995E-8	2.46373556E-7	2.87717305E-4
1.83000000E+2	4.52914415E-9	1.95805529E-8	2.25924322E-7	2.69245410E-4
1.83500000E+2	6.03562143E-9	2.35222360E-8	2.18871075E-7	3.23446131E-4
1.84000000E+2	5.26657977E-9	2.47456162E-8	3.15485633E-7	3.40268408E-4
1.84500000E+2	6.25875270E-9	2.41610758E-8	2.76212804E-7	3.32230596E-4
1.85000000E+2	2.86644433E-8	2.71085663E-8	2.33767321E-7	3.72760517E-4
1.85500000E+2	6.95285639E-9	2.37854758E-8	2.73770302E-7	3.27065850E-4
1.86000000E+2	4.62186248E-9	2.50070009E-8	2.30835713E-7	3.43862619E-4
1.86500000E+2	5.49387873E-9	2.07475482E-8	2.55415316E-7	2.85292358E-4
1.87000000E+2	4.63882967E-9	1.85403710E-8	2.61913422E-7	2.54942228E-4
1.87500000E+2	4.14337526E-9	2.50423698E-8	2.65885024E-7	3.44348965E-4
1.88000000E+2	5.24439937E-9	2.93090505E-8	2.49394605E-7	4.03018615E-4
1.88500000E+2	4.70056483E-9	1.93530800E-8	2.09515231E-7	2.66117508E-4
1.89000000E+2	6.65481348E-9	2.00198396E-8	2.18118475E-7	2.75285889E-4
1.89500000E+2	4.82626154E-9	1.85752622E-8	2.57188703E-7	2.55422004E-4
1.90000000E+2	7.31283316E-8	2.00593227E-8	2.28303765E-7	2.75828807E-4
1.90500000E+2	5.14656842E-9	2.47039131E-8	2.05746013E-7	3.39694964E-4
1.91000000E+2	7.67257714E-9	2.32349561E-8	2.33665792E-7	3.19495843E-4
1.91500000E+2	7.54202954E-9	1.91353974E-8	2.01698018E-7	2.63124231E-4
1.92000000E+2	5.56607204E-9	2.34487023E-8	2.63826663E-7	3.22434994E-4
1.92500000E+2	4.38392925E-9	1.77453522E-8	2.20646642E-7	2.44010199E-4
1.93000000E+2	5.06949609E-9	2.36657712E-8	2.44109072E-7	3.25419834E-4
1.93500000E+2	4.79177279E-9	2.00649683E-8	2.18150388E-7	2.75906438E-4
1.94000000E+2	4.18854977E-9	2.41899467E-8	2.92199652E-7	3.32627590E-4
1.94500000E+2	4.14478242E-9	3.01715287E-8	2.47949146E-7	4.14878254E-4
1.95000000E+2	5.70213786E-8	2.19217079E-8	2.05028515E-7	3.01437823E-4
1.95500000E+2	4.84962368E-9	2.20244044E-8	2.37690503E-7	3.02849966E-4
1.96000000E+2	4.52957428E-9	1.86545390E-8	2.27073706E-7	2.56512113E-4
1.96500000E+2	5.43954721E-9	1.89585503E-8	2.08584370E-7	2.60692467E-4
1.97000000E+2	4.49362992E-9	2.07496767E-8	2.34572050E-7	2.85321626E-4
1.97500000E+2	5.37094456E-9	2.38696275E-8	2.62810634E-7	3.28222991E-4
1.98000000E+2	5.69195031E-9	2.15480784E-8	2.24698031E-7	2.96300172E-4
1.98500000E+2	5.18735311E-9	2.30846654E-8	2.58186014E-7	3.17429248E-4
1.99000000E+2	5.83682261E-9	1.99177093E-8	3.59192884E-7	2.73881531E-4
1.99500000E+2	8.98953927E-9	2.12345448E-8	4.51376838E-7	2.91988879E-4
2.00000000E+2	4.70343876E-8	2.36959815E-8	1.06459574E-6	3.25835245E-4
2.00500000E+2	6.22745928E-9	2.35193103E-8	5.19561688E-7	3.23405899E-4
2.01000000E+2	6.81540340E-9	2.13794866E-8	3.04271987E-7	2.93981925E-4
2.01500000E+2	5.10687145E-9	1.83031735E-8	2.75758222E-7	2.51680608E-4
2.02000000E+2	5.57297675E-9	2.34348233E-8	2.04335615E-7	3.22244149E-4
2.02500000E+2	4.92218059E-9	1.80076356E-8	2.09524726E-7	2.47616768E-4
2.03000000E+2	4.49419387E-9	2.45391084E-8	2.16350512E-7	3.37428791E-4
2.03500000E+2	4.80676029E-9	2.99339440E-8	3.33847833E-7	4.11611309E-4
2.04000000E+2	7.24554151E-9	2.31569934E-8	2.64465481E-7	3.18423805E-4
2.04500000E+2	4.34417976E-9	2.66068516E-8	2.25206507E-7	3.65861613E-4
2.05000000E+2	3.39640155E-8	2.07211735E-8	1.99721390E-7	2.84929689E-4
2.05500000E+2	5.17280274E-9	2.99224859E-8	2.77415530E-7	4.11453753E-4
2.06000000E+2	5.01824794E-9	2.39286540E-8	2.14664626E-7	3.29034643E-4
2.06500000E+2	4.47337642E-9	2.29173376E-8	2.51576411E-7	3.15128381E-4
2.07000000E+2	5.58966350E-9	2.14817753E-8	2.26952013E-7	2.95388461E-4
2.07500000E+2	4.45871973E-9	2.04216017E-8	2.19946332E-7	2.80810381E-4
2.08000000E+2	4.48522379E-9	1.96331052E-8	2.21941046E-7	2.69968039E-4
2.08500000E+2	7.81860754E-9	1.99522181E-8	2.08749610E-7	2.74356049E-4
2.09000000E+2	6.01691227E-9	2.60734083E-8	1.95510460E-7	3.58526418E-4
2.09500000E+2	5.82391042E-9	2.73308246E-8	2.60770597E-7	3.75816715E-4
2.10000000E+2	3.90056531E-8	2.17107498E-8	2.15069482E-7	2.98537010E-4
2.10500000E+2	4.22918375E-9	1.95952576E-8	2.74472425E-7	2.69447608E-4
2.11000000E+2	6.00196983E-9	1.86525767E-8	2.28014762E-7	2.56485130E-4
2.11500000E+2	4.30660572E-9	3.00882058E-8	2.81542212E-7	4.13732510E-4
2.12000000E+2	4.14188309E-9	2.07060500E-8	2.08405433E-7	2.84721731E-4
2.12500000E+2	4.55572493E-9	2.29466204E-8	2.60179433E-7	3.15531039E-4
2.13000000E+2	5.15301558E-9	1.98096842E-8	2.20806695E-7	2.72396115E-4
2.13500000E+2	5.09117483E-9	2.20870995E-8	3.02382431E-7	3.03712064E-4
2.14000000E+2	5.01876827E-9	1.95366549E-8	2.22363545E-7	2.68641783E-4
2.14500000E+2	5.88972077E-9	2.61493436E-8	2.19516935E-7	3.59570578E-4
2.15000000E+2	4.47831634E-8	2.05188797E-8	2.84015716E-7	2.82148017E-4
2.15500000E+2	4.52225311E-9	2.68521392E-8	2.89252639E-7	3.69234478E-4
2.16000000E+2	4.73078759E-9	2.17697106E-8	2.56900902E-7	2.99347760E-4
2.16500000E+2	5.11981508E-9	2.27059088E-8	2.08282121E-7	3.12221097E-4
2.17000000E+2	6.21461542E-9	2.22499370E-8	2.10462896E-7	3.05951187E-4
2.17500000E+2	4.55987728E-9	1.85539197E-8	2.15325291E-7	2.55128531E-4
2.18000000E+2	4.49781814E-9	2.03499054E-8	3.28304479E-7	2.79824510E-4
2.18500000E+2	6.00246434E-9	2.21489945E-8	2.34155323E-7	3.04563162E-4
2.19000000E+2	6.78428812E-9	2.41691588E-8	2.29971045E-7	3.32341742E-4
2.19500000E+2	4.91807201E-9	1.91524167E-8	2.22263348E-7	2.63358257E-4
2.20000000E+2	5.81781409E-8	2.16621728E-8	2.13234345E-7	2.97869045E-4
2.20500000E+2	5.21189419E-9	1.98093937E-8	2.07436432E-7	2.72392121E-4
2.21000000E+2	4.99095463E-9	1.67629819E-8	2.06929663E-7	2.30501966E-4
2.21500000E+2	5.73571459E-9	2.26709629E-8	2.57004094E-7	3.11740568E-4
2.22000000E+2	5.86737477E-9	1.98612866E-8	2.15927760E-7	2.73105681E-4
2.22500000E+2	7.21570352E-9	1.81344672E-8	2.12427007E-7	2.49360786E-4
2.23000000E+2	4.70318596E-9	2.12453274E-8	1.88129396E-7	2.92137148E-4
2.23500000E+2	5.45384086E-9	1.83276595E-8	2.66252349E-7	2.52017306E-4
2.24000000E+2	4.29829103E-9	2.66846129E-8	2.04573564E-7	3.66930881E-4
2.24500000E+2	4.62834434E-9	2.21243544E-8	2.20728584E-7	3.04224345E-4
2.25000000E+2	3.92307999E-8	2.16214394E-8	2.78608327E-7	2.97308934E-4
2.25500000E+2	4.82429759E-9	2.33272437E-8	2.05776683E-7	3.20764858E-4
2.26000000E+2	6.40820975E-9	2.12916939E-8	2.36722842E-7	2.92774718E-4
2.26500000E+2	4.73583926E-9	1.89765937E-8	2.56133063E-7	2.60940576E-4
2.27000000E+2	4.83022141E-9	2.01895256E-8	2.05879225E-7	2.77619182E-4
2.27500000E+2	4.43863005E-9	1.92593732E-8	2.68877487E-7	2.64828979E-4
2.28000000E+2	5.24417861E-9	2.10183815E-8	2.63696563E-7	2.89016493E-4
2.28500000E+2	4.37997717E-9	2.24335262E-8	2.30213619E-7	3.08475659E-4
2.29000000E+2	6.19703108E-9	2.13054984E-8	2.24400089E-7	2.92964538E-4
2.29500000E+2	5.80717916E-9	1.93830129E-8	2.15969958E-7	2.66529105E-4
2.30000000E+2	5.75143083E-8	2.37186280E-8	3.65230142E-7	3.26146649E-4
2.30500000E+2	4.95275753E-9	2.54496326E-8	3.46748729E-7	3.49949094E-4
2.31000000E+2	4.83726990E-9	1.94806364E-8	2.15108901E-7	2.67871493E-4
2.31500000E+2	6.71127539E-9	2.37533996E-8	2.77276440E-7	3.26624782E-4
2.32000000E+2	5.66622872E-9	3.70927557E-8	2.67236411E-7	5.10049652E-4
2.32500000E+2	4.96108663E-9	2.03720855E-8	2.34929949E-7	2.80129501E-4
2.33000000E+2	4.55764759E-9	2.45399651E-8	2.08695068E-7	3.37440571E-4
2.33500000E+2	5.85825504E-9	2.77596321E-8	2.12284050E-7	3.81713098E-4
2.34000000E+2	4.09835425E-9	2.80333958E-8	3.00658807E-7	3.85477528E-4
2.34500000E+2	5.38668375E-9	2.00965004E-8	2.38817442E-7	2.76340025E-4
2.35000000E+2	6.77466296E-8	3.09468723E-8	2.28707340E-7	4.25539736E-4
2.35500000E+2	4.49365739E-9	3.11692358E-8	2.70438087E-7	4.28597380E-4
2.36000000E+2	4.71931046E-9	2.20263205E-8	1.98713455E-7	3.02876313E-4
2.36500000E+2	4.67401277E-9	1.76213857E-8	1.98191920E-7	2.42305580E-4
2.37000000E+2	6.01062813E-9	2.45729639E-8	2.44786558E-7	3.37894326E-4
2.37500000E+2	5.08638435E-9	2.10093497E-8	2.30017019E-7	2.88892299E-4
2.38000000E+2	5.83638127E-9	2.38468886E-8	2.13918950E-7	3.27910316E-4
2.38500000E+2	4.80890975E-9	2.67810777E-8	3.08756319E-7	3.68257336E-4
2.39000000E+2	7.37831874E-9	2.72300751E-8	2.69103656E-7	3.74431343E-4
2.39500000E+2	6.47516989E-9	2.13474637E-8	2.34940882E-7	2.93541588E-4
2.40000000E+2	4.79339279E-8	2.89701439E-8	2.64966115E-7	3.98358428E-4
2.40500000E+2	6.12212116E-9	2.54094914E-8	2.45707918E-7	3.49397126E-4
2.41000000E+2	6.67603776E-9	2.60113123E-8	2.39365274E-7	3.57672558E-4
2.41500000E+2	4.22324242E-9	2.59271500E-8	1.88402670E-7	3.56515271E-4
2.42000000E+2	5.73234641E-9	2.17716759E-8	3.88226042E-7	2.99374783E-4
2.42500000E+2	5.00299358E-9	2.22667624E-8	3.48938004E-7	3.06182547E-4
2.43000000E+2	4.65721461E-9	2.20096177E-8	2.65778545E-7	3.02646640E-4
2.43500000E+2	4.85361960E-9	2.84978539E-8	2.60339908E-7	3.91864132E-4
2.44000000E+2	5.63067901E-9	2.94013673E-8	2.48021433E-7	4.04288031E-4
2.44500000E+2	4.40752470E-9	2.54439173E-8	3.05932334E-7	3.49870505E-4
2.45000000E+2	6.54290784E-8	2.38449364E-8	2.75356977E-7	3.27883472E-4
2.45500000E+2	5.46222920E-9	1.89549177E-8	3.24090081E-7	2.60642517E-4
2.46000000E+2	4.81798738E-9	3.05314075E-8	2.73073981E-7	4.19826822E-4
2.46500000E+2	4.96329458E-9	1.56389230E-8	2.82224955E-7	2.15045421E-4
2.47000000E+2	5.17779846E-9	2.37924923E-8	2.83212022E-7	3.27162332E-4
2.47500000E+2	4.55212279E-9	1.96422606E-8	3.47826290E-7	2.70093931E-4
2.48000000E+2	4.12375985E-9	1.95382902E-8	4.56492590E-7	2.68664270E-4
2.48500000E+2	4.13610343E-9	3.32156494E-8	6.43267222E-7	4.56736905E-4
2.49000000E+2	6.41929211E-9	2.42777243E-8	7.30580264E-7	3.33834588E-4
2.49500000E+2	3.92595815E-9	2.61188723E-8	1.38009587E-6	3.59151578E-4
2.50000000E+2	4.69244508E-8	3.01856042E-8	5.99958944E-6	4.15071801E-4
2.50500000E+2	7.03175617E-9	1.96445004E-8	2.19963653E-6	2.70124730E-4
2.51000000E+2	4.00133682E-9	2.07814148E-8	8.52617271E-7	2.85758047E-4
2.51500000E+2	5.16026157E-9	2.21714494E-8	6.36292389E-7	3.04871930E-4
2.52000000E+2	4.28838944E-9	1.80756954E-8	5.21817266E-7	2.48552635E-4
2.52500000E+2	6.89414992E-9	2.24558899E-8	3.83485763E-7	3.08783174E-4
2.53000000E+2	5.66626541E-9	2.72689203E-8	2.95148249E-7	3.74965490E-4
2.53500000E+2	7.55953008E-9	1.87427143E-8	3.02572662E-7	2.57724581E-4
2.54000000E+2	4.87089217E-9	2.15095852E-8	2.45879610E-7	2.95770865E-4
2.54500000E+2	5.28008046E-9	2.27496470E-8	3.56331257E-7	3.12822527E-4
2.55000000E+2	3.72145375E-8	1.78388173E-8	2.96087994E-7	2.45295406E-4
2.55500000E+2	5.37192377E-9	2.13238414E-8	2.39291455E-7	2.93216766E-4
2.56000000E+2	6.27800138E-9	2.83064685E-8	2.68200933E-7	3.89232457E-4
2.56500000E+2	5.24831845E-9	2.53520171E-8	2.31270583E-7	3.48606817E-4
2.57000000E+2	4.52223753E-9	2.00241699E-8	2.68891238E-7	2.75345434E-4
2.57500000E+2	6.75428077E-9	2.29242272E-8	3.56751618E-7	3.15223119E-4
2.58000000E+2	4.20371182E-9	1.81281273E-8	2.88950958E-7	2.49273608E-4
2.58500000E+2	5.01821429E-9	1.77332345E-8	2.49373226E-7	2.43843573E-4
2.59000000E+2	5.46987016E-9	2.05042656E-8	2.93437586E-7	2.81947063E-4
2.59500000E+2	4.84456421E-9	2.19128246E-8	2.07156454E-7	3.01315670E-4
2.60000000E+2	2.37932307E-8	2.74802979E-8	3.64476899E-7	3.77872070E-4
2.60500000E+2	4.98196741E-9	2.59009836E-8	2.16111636E-7	3.56155465E-4
2.61000000E+2	4.87719988E-9	2.10230040E-8	3.34063492E-7	2.89080055E-4
2.61500000E+2	4.52103947E-9	2.83008254E-8	2.65649979E-7	3.89154861E-4
2.62000000E+2	4.74250146E-9	2.05967090E-8	2.12655634E-7	2.83218220E-4
2.62500000E+2	4.05473529E-9	1.77487278E-8	2.04381653E-7	2.44056616E-4
2.63000000E+2	3.94101389E-9	1.91057719E-8	2.06719010E-7	2.62716860E-4
2.63500000E+2	4.57065579E-9	2.70017404E-8	2.25498955E-7	3.71291592E-4
2.64000000E+2	4.82036725E-9	2.03098524E-8	3.41940779E-7	2.79273754E-4
2.64500000E+2	4.58839242E-9	2.09230522E-8	5.64311674E-7	2.87705653E-4
2.65000000E+2	5.50417356E-8	2.17426246E-8	3.90887789E-7	2.98975310E-4
2.65500000E+2	5.73910962E-9	2.24650817E-8	2.43378941E-7	3.08909567E-4
2.66000000E+2	5.10270177E-9	1.90873026E-8	2.28247494E-7	2.62462895E-4
2.66500000E+2	4.05785997E-9	3.00992492E-8	2.77054163E-7	4.13884364E-4
2.67000000E+2	5.59378536E-9	1.84704626E-8	2.45180630E-7	2.53980942E-4
2.67500000E+2	6.72755524E-9	1.96801789E-8	2.32285121E-7	2.70615333E-4
2.68000000E+2	5.00544049E-9	1.90070199E-8	2.08461019E-7	2.61358956E-4
2.68500000E+2	4.98336733E-9	2.23689917E-8	2.15681306E-7	3.07588268E-4
2.69000000E+2	4.23103742E-9	1.90599230E-8	2.17703061E-7	2.62086408E-4
2.69500000E+2	4.46299606E-9	1.89769257E-8	2.34543201E-7	2.60945141E-4
2.70000000E+2	3.86465629E-8	1.87651493E-8	2.09973556E-7	2.58033077E-4
2.70500000E+2	3.96185421E-9	1.82935239E-8	2.10985570E-7	2.51547918E-4
2.71000000E+2	5.01060354E-9	2.65566755E-8	1.88656468E-7	3.65171659E-4
2.71500000E+2	4.81125914E-9	2.21361090E-8	1.91469016E-7	3.04385978E-4
2.72000000E+2	3.90965931E-9	2.41235926E-8	2.19693527E-7	3.31715177E-4
2.72500000E+2	4.85308193E-9	2.07262438E-8	2.39394693E-7	2.84999409E-4
2.73000000E+2	5.35108424E-9	2.15250248E-8	2.06402244E-7	2.95983169E-4
2.73500000E+2	6.17308985E-9	1.78287254E-8	1.97028262E-7	2.45156636E-4
2.74000000E+2	4.39605139E-9	1.74128681E-8	1.93625284E-7	2.39438325E-4
2.74500000E+2	4.41914317E-9	1.68169400E-8	1.86739453E-7	2.31243925E-4
2.75000000E+2	5.30874432E-8	2.10824055E-8	1.97607553E-7	2.89896865E-4
2.75500000E+2	5.00232476E-9	2.17111147E-8	1.98622064E-7	2.98542028E-4
2.76000000E+2	4.57183532E-9	1.99589047E-8	3.05936923E-7	2.74447994E-4
2.76500000E+2	4.69644725E-9	3.02486735E-8	2.78283431E-7	4.15939046E-4
2.77000000E+2	4.67078274E-9	2.56126253E-8	1.86871028E-7	3.52190350E-4
2.77500000E+2	4.81706942E-9	2.93866583E-8	1.72123433E-7	4.04085772E-4
2.78000000E+2	4.56652178E-9	2.82617917E-8	2.74040083E-7	3.88618121E-4
2.78500000E+2	4.15828182E-9	2.02130268E-8	2.04922086E-7	2.77942339E-4
2.79000000E+2	4.72622194E-9	2.13721139E-8	2.63840847E-7	2.93880545E-4
2.79500000E+2	6.31217522E-9	2.21198181E-8	2.39593600E-7	3.04161967E-4
2.80000000E+2	3.61122520E-8	1.78410781E-8	2.23001743E-7	2.45326493E-4
2.80500000E+2	4.48313147E-9	3.33922582E-8	2.71384272E-7	4.59165392E-4
2.81000000E+2	6.06588750E-9	1.64375754E-8	2.07449257E-7	2.26027414E-4
2.81500000E+2	6.30783099E-9	1.88658789E-8	2.09115348E-7	2.59418175E-4
2.82000000E+2	5.79512134E-9	2.06667240E-8	2.43442986E-7	2.84180972E-4
2.82500000E+2	4.85415854E-9	2.53613901E-8	2.02447294E-7	3.48735702E-4
2.83000000E+2	4.36817398E-9	2.30114363E-8	2.71827994E-7	3.16422300E-4
2.83500000E+2	4.71115137E-9	2.12846900E-8	2.24325081E-7	2.92678409E-4
2.84000000E+2	5.37751082E-9	2.41907051E-8	2.12939988E-7	3.32638018E-4
2.84500000E+2	4.20777283E-9	2.98317175E-8	2.17560248E-7	4.10205628E-4
2.85000000E+2	3.73247598E-8	1.86828067E-8	2.18809491E-7	2.56900812E-4
2.85500000E+2	4.85360505E-9	1.90273297E-8	1.95935661E-7	2.61638229E-4
2.86000000E+2	6.49302853E-9	1.83204141E-8	2.10702377E-7	2.51917677E-4
2.86500000E+2	5.98983292E-9	2.86104437E-8	2.35380803E-7	3.93412315E-4
2.87000000E+2	5.38072980E-9	2.23231765E-8	2.19870709E-7	3.06958278E-4
2.87500000E+2	6.40437494E-9	2.43784294E-8	2.06066681E-7	3.35219349E-4
2.88000000E+2	6.48492678E-9	1.73697585E-8	1.99113300E-7	2.38845541E-4
2.88500000E+2	4.71249848E-9	3.19663398E-8	2.33768483E-7	4.39558080E-4
2.89000000E+2	5.49078181E-9	2.46443283E-8	2.60709076E-7	3.38875633E-4
2.89500000E+2	4.88538681E-9	2.15087551E-8	2.94677566E-7	2.95759452E-4
2.90000000E+2	3.08403712E-8	2.29074771E-8	2.60314609E-7	3.14992793E-4
2.90500000E+2	5.66518443E-9	2.31450105E-8	1.91907870E-7	3.18259034E-4
2.91000000E+2	4.83691120E-9	2.47130703E-8	2.00669117E-7	3.39820881E-4
2.91500000E+2	5.29954221E-9	2.13073145E-8	2.25699720E-7	2.92989511E-4
2.92000000E+2	6.45508954E-9	2.22154738E-8	2.15841360E-7	3.05477295E-4
2.92500000E+2	5.77632369E-9	2.49555223E-8	2.12580062E-7	3.43154754E-4
2.93000000E+2	4.42313062E-9	2.01620176E-8	2.61728906E-7	2.77240929E-4
2.93500000E+2	4.10593037E-9	2.17281242E-8	2.23504761E-7	2.98775919E-4
2.94000000E+2	3.90074725E-9	2.16121137E-8	2.37742522E-7	2.97180699E-4
2.94500000E+2	4.15371011E-9	2.83928308E-8	2.76498802E-7	3.90419995E-4
2.95000000E+2	3.26421277E-8	1.61915013E-8	2.05978182E-7	2.22643733E-4
2.95500000E+2	6.08047587E-9	2.22542053E-8	2.10107397E-7	3.06009878E-4
2.96000000E+2	4.35627132E-9	2.30362027E-8	1.94447661E-7	3.16762854E-4
2.96500000E+2	4.60778708E-9	1.83329041E-8	1.92134764E-7	2.52089423E-4
2.97000000E+2	6.36311754E-9	2.46898411E-8	2.18066308E-7	3.39501464E-4
2.97500000E+2	4.68443080E-9	1.84510633E-8	2.17223201E-7	2.53714189E-4
2.98000000E+2	4.97222145E-9	2.08965931E-8	2.82058794E-7	2.87341823E-4
2.98500000E+2	5.73171214E-9	1.88226212E-8	2.29445287E-7	2.58823353E-4
2.99000000E+2	5.13348061E-9	2.88493652E-8	2.19721032E-7	3.96697641E-4
2.99500000E+2	4.24595264E-9	2.90973460E-8	3.73901409E-7	4.00107540E-4
3.00000000E+2	4.31759428E-8	1.92035229E-8	4.55680903E-7	2.64061001E-4
3.00500000E+2	5.17686068E-9	2.06400487E-8	3.12875241E-7	2.83814170E-4
3.01000000E+2	4.84170232E-9	2.24512473E-8	2.35780001E-7	3.08719335E-4
3.01500000E+2	4.75094816E-9	2.46447668E-8	3.24508871E-7	3.38881663E-4
3.02000000E+2	4.90062402E-9	1.71772424E-8	2.01658374E-7	2.36198318E-4
3.02500000E+2	4.37082174E-9	2.28428532E-8	2.32927587E-7	3.14104172E-4
3.03000000E+2	5.90539452E-9	2.17061342E-8	2.00235513E-7	2.98473543E-4
3.03500000E+2	4.95962936E-9	2.39458183E-8	1.95665325E-7	3.29270664E-4
3.04000000E+2	4.72988869E-9	2.70862956E-8	2.85413379E-7	3.72454281E-4
3.04500000E+2	5.85418236E-9	2.71504198E-8	2.45420277E-7	3.73336030E-4
3.05000000E+2	9.79224128E-8	3.26603217E-8	2.59998496E-7	4.49100786E-4
3.05500000E+2	4.49650836E-9	1.64572372E-8	1.79256716E-7	2.26297775E-4
3.06000000E+2	5.21149794E-9	2.02888540E-8	1.89964467E-7	2.78985013E-4
3.06500000E+2	5.26738114E-9	1.81402834E-8	2.12485790E-7	2.49440762E-4
3.07000000E+2	5.55185926E-9	2.11395687E-8	1.95089261E-7	2.90682897E-4
3.07500000E+2	4.78310224E-9	2.78905057E-8	3.05821645E-7	3.83512696E-4
3.08000000E+2	6.05954845E-9	3.05560681E-8	2.44850162E-7	4.20165922E-4
3.08500000E+2	5.52407856E-9	1.88599371E-8	1.98506783E-7	2.59336471E-4
3.09000000E+2	4.68365344E-9	1.87155047E-8	1.85098224E-7	2.57350432E-4
3.09500000E+2	4.37509406E-9	2.32027679E-8	2.72866918E-7	3.19053236E-4
3.10000000E+2	3.45760991E-8	2.85532114E-8	2.25465888E-7	3.92625333E-4
3.10500000E+2	6.34248112E-9	2.31831784E-8	1.97029972E-7	3.18783867E-4
3.11000000E+2	5.33513171E-9	2.15134699E-8	1.91724374E-7	2.95824283E-4
3.11500000E+2	5.20567916E-9	1.98108852E-8	2.15653943E-7	2.72412630E-4
3.12000000E+2	3.84620354E-9	2.41832993E-8	1.89048510E-7	3.32536183E-4
3.12500000E+2	6.08229902E-9	2.16775964E-8	2.22621984E-7	2.98081129E-4
3.13000000E+2	4.99353595E-9	2.56283016E-8	2.58095919E-7	3.52405909E-4
3.13500000E+2	5.40135069E-9	3.20429790E-8	3.13043032E-7	4.40611920E-4
3.14000000E+2	5.29439982E-9	2.27454212E-8	2.25738809E-7	3.12764419E-4
3.14500000E+2	5.30759374E-9	1.72627763E-8	2.24205386E-7	2.37374466E-4
3.15000000E+2	7.00034333E-8	2.49879500E-8	1.80078747E-7	3.43600657E-4
3.15500000E+2	4.42213534E-9	2.00121977E-8	2.18156628E-7	2.75180808E-4
3.16000000E+2	4.49786207E-9	2.29055395E-8	1.94697658E-7	3.14966150E-4
3.16500000E+2	4.63202708E-9	1.90649074E-8	1.73977183E-7	2.62154947E-4
3.17000000E+2	4.20420050E-9	1.93198374E-8	1.98981007E-7	2.65660402E-4
3.17500000E+2	5.53763387E-9	1.73914518E-8	1.85075113E-7	2.39143837E-4
3.18000000E+2	4.79174387E-9	2.15900169E-8	2.15415258E-7	2.96876854E-4
3.18500000E+2	5.65497694E-9	2.94587594E-8	2.35238831E-7	4.05077210E-4
3.19000000E+2	4.27650654E-9	2.10828554E-8	1.96260879E-7	2.89903052E-4
3.19500000E+2	5.22166304E-9	2.35462555E-8	2.02331137E-7	3.23776414E-4
3.20000000E+2	5.57780885E-8	2.36564029E-8	1.85440736E-7	3.25291013E-4
3.20500000E+2	4.74890457E-9	1.80774852E-8	1.96822959E-7	2.48577245E-4
3.21000000E+2	7.96968237E-9	1.79568769E-8	1.96501665E-7	2.46918802E-4
3.21500000E+2	4.66559444E-9	1.87836979E-8	2.13961529E-7	2.58288133E-4
3.22000000E+2	4.39629955E-9	2.10393678E-8	2.39749990E-7	2.89305069E-4
3.22500000E+2	4.58775798E-9	2.58619369E-8	2.34532533E-7	3.55618549E-4
3.23000000E+2	5.02729672E-9	2.75983263E-8	2.45391653E-7	3.79495039E-4
3.23500000E+2	5.06661194E-9	1.69896105E-8	1.89535609E-7	2.33618257E-4
3.24000000E+2	4.78399359E-9	2.01415047E-8	2.03897417E-7	2.76958863E-4
3.24500000E+2	5.33380555E-9	2.29872574E-8	1.99814846E-7	3.16089825E-4
3.25000000E+2	9.11468900E-8	1.81942832E-8	2.06897003E-7	2.50183295E-4
3.25500000E+2	4.79038204E-9	2.62678048E-8	2.90060747E-7	3.61199498E-4
3.26000000E+2	5.38451468E-9	1.78258678E-8	2.18571312E-7	2.45117342E-4
3.26500000E+2	5.63530066E-9	1.82015765E-8	2.02093559E-7	2.50283583E-4
3.27000000E+2	4.42209008E-9	2.19798293E-8	2.40130944E-7	3.02237029E-4
3.27500000E+2	5.77363366E-9	1.98000052E-8	2.53869241E-7	2.72263023E-4
3.28000000E+2	4.56977004E-9	2.09333008E-8	2.47356213E-7	2.87846577E-4
3.28500000E+2	6.51434408E-9	1.96061630E-8	1.81637964E-7	2.69597565E-4
3.29000000E+2	4.37735688E-9	1.94430850E-8	2.16018263E-7	2.67355136E-4
3.29500000E+2	4.02940996E-9	1.77355992E-8	2.39909617E-7	2.43876090E-4
3.30000000E+2	5.95877347E-8	2.44456811E-8	1.97202460E-7	3.36144105E-4
3.30500000E+2	4.92175349E-9	2.04707517E-8	2.17350844E-7	2.81486225E-4
3.31000000E+2	5.10339697E-9	1.98768542E-8	1.82858219E-7	2.73319747E-4
3.31500000E+2	4.73057592E-9	1.85646724E-8	2.08723149E-7	2.55276388E-4
3.32000000E+2	4.98606556E-9	2.24752126E-8	2.01032762E-7	3.09048874E-4
3.32500000E+2	4.87848454E-9	2.84240526E-8	2.49796740E-7	3.90849315E-4
3.33000000E+2	5.83970693E-9	1.82094507E-8	3.98319554E-7	2.50391858E-4
3.33500000E+2	5.12075517E-9	2.59956271E-8	6.00482774E-7	3.57456876E-4
3.34000000E+2	5.13181817E-9	2.11159294E-8	2.66041170E-7	2.90357841E-4
3.34500000E+2	5.47819232E-9	1.87592151E-8	2.11549523E-7	2.57951478E-4
3.35000000E+2	5.64538395E-8	1.89003957E-8	2.17698181E-7	2.59892803E-4
3.35500000E+2	5.95452128E-9	2.32428497E-8	2.07841420E-7	3.19604386E-4
3.36000000E+2	6.75734392E-9	2.65312314E-8	1.88749567E-7	3.64821785E-4
3.36500000E+2	3.76653442E-9	1.72706897E-8	1.95303443E-7	2.37483279E-4
3.37000000E+2	4.41638931E-9	1.81304120E-8	2.25964014E-7	2.49305024E-4
3.37500000E+2	4.36893716E-9	2.35607173E-8	1.98000710E-7	3.23975274E-4
3.38000000E+2	4.34546859E-9	1.76783324E-8	1.67203416E-7	2.43088634E-4
3.38500000E+2	5.10276080E-9	2.23557806E-8	2.51893015E-7	3.07406606E-4
3.39000000E+2	4.66413109E-9	1.93127745E-8	2.16681848E-7	2.65563281E-4
3.39500000E+2	4.02865989E-9	2.26465293E-8	1.92461364E-7	3.11404591E-4
3.40000000E+2	3.41799056E-8	2.11051266E-8	1.94475873E-7	2.90209296E-4
3.40500000E+2	5.22188491E-9	3.21449124E-8	2.11244914E-7	4.42013571E-4
3.41000000E+2	4.60646382E-9	2.11794407E-8	2.72226158E-7	2.91231163E-4
3.41500000E+2	4.57912275E-9	3.06287636E-8	3.13061956E-7	4.21165534E-4
3.42000000E+2	4.43611267E-9	2.60318094E-8	2.05009115E-7	3.57954407E-4
3.42500000E+2	5.51727958E-9	2.51836964E-8	2.83161767E-7	3.46292297E-4
3.43000000E+2	6.05352557E-9	1.80207802E-8	2.40575841E-7	2.47797515E-4
3.43500000E+2	4.40040710E-9	3.44627161E-8	2.38454859E-7	4.73884887E-4
3.44000000E+2	4.16145556E-9	2.20848874E-8	2.02049590E-7	3.03681647E-4
3.44500000E+2	4.42540773E-9	1.99848339E-8	2.31334837E-7	2.74804537E-4
3.45000000E+2	3.97792450E-8	2.36430125E-8	3.82418690E-7	3.25106886E-4
3.45500000E+2	4.23430247E-9	1.84963386E-8	2.53444207E-7	2.54336753E-4
3.46000000E+2	4.22630389E-9	2.03503524E-8	3.51707228E-7	2.79830657E-4
3.46500000E+2	6.39040184E-9	1.69489633E-8	3.42722612E-7	2.33059331E-4
3.47000000E+2	5.43123438E-9	1.99792321E-8	3.64715549E-7	2.74727509E-4
3.47500000E+2	4.40871225E-9	1.81582267E-8	3.15772438E-7	2.49687495E-4
3.48000000E+2	4.41222117E-9	1.90299494E-8	3.99025479E-7	2.61674252E-4
3.48500000E+2	5.04882409E-9	1.73227146E-8	6.72696811E-7	2.38198656E-4
3.49000000E+2	6.29191287E-9	2.44148298E-8	5.82341597E-7	3.35719879E-4
3.49500000E+2	4.64332403E-9	2.02752643E-8	1.86112323E-6	2.78798146E-4
3.50000000E+2	5.80535616E-8	2.42848409E-8	4.87610903E-6	3.33932446E-4
3.50500000E+2	4.03390028E-9	2.44481660E-8	2.24625987E-6	3.36178274E-4
3.51000000E+2	5.72591581E-9	1.86668579E-8	9.54157980E-7	2.56681505E-4
3.51500000E+2	4.75638208E-9	2.13249277E-8	7.71004708E-7	2.93231704E-4
3.52000000E+2	4.72883672E-9	1.85351650E-8	4.17695058E-7	2.54870643E-4
3.52500000E+2	6.33971529E-9	2.48814214E-8	3.77468909E-7	3.42135818E-4
3.53000000E+2	4.37056653E-9	2.09799697E-8	4.33364170E-7	2.88488306E-4
3.53500000E+2	4.89186010E-9	2.50297570E-8	2.93959431E-7	3.44175530E-4
3.54000000E+2	5.76651696E-9	2.05612707E-8	4.25951631E-7	2.82730921E-4
3.54500000E+2	4.53795993E-9	2.10023187E-8	2.59410306E-7	2.88795620E-4
3.55000000E+2	3.07016568E-8	2.73722868E-8	3.04781787E-7	3.76386847E-4
3.55500000E+2	4.47692155E-9	1.90356134E-8	2.77668924E-7	2.61752135E-4
3.56000000E+2	4.65745944E-9	2.17313020E-8	2.81958978E-7	2.98819616E-4
3.56500000E+2	4.91203827E-9	1.69678745E-8	2.25563730E-7	2.33319373E-4
3.57000000E+2	7.24863589E-9	3.20800251E-8	1.84436531E-7	4.41121328E-4
3.57500000E+2	4.88357677E-9	1.91713748E-8	2.25585900E-7	2.63618943E-4
3.58000000E+2	4.69073418E-9	1.71174885E-8	1.95528678E-7	2.35376663E-4
3.58500000E+2	4.17976944E-9	1.97513217E-8	2.28885617E-7	2.71593592E-4
3.59000000E+2	4.47533516E-9	1.94326610E-8	2.90523694E-7	2.67211799E-4
3.59500000E+2	5.81927560E-9	3.03684440E-8	2.29174367E-7	4.17585968E-4
3.60000000E+2	8.21728133E-8	1.75692055E-8	1.87786317E-7	2.41588068E-4
3.60500000E+2	4.69266883E-9	2.56853120E-8	3.23528282E-7	3.53189840E-4
3.61000000E+2	4.52106886E-9	2.45234550E-8	1.89069158E-7	3.37213546E-4
3.61500000E+2	4.44077486E-9	1.89126466E-8	2.42371439E-7	2.60061260E-4
3.62000000E+2	4.94626250E-9	1.91624513E-8	2.28789076E-7	2.63496239E-4
3.62500000E+2	4.26928794E-9	1.90524283E-8	1.91741597E-7	2.61983351E-4
3.63000000E+2	4.94959775E-9	1.86817334E-8	1.90996849E-7	2.56886054E-4
3.63500000E+2	4.47713376E-9	2.37148389E-8	1.92147241E-7	3.26094546E-4
3.64000000E+2	5.80885972E-9	1.89136577E-8	3.08699192E-7	2.60075164E-4
3.64500000E+2	4.90289160E-9	2.12247794E-8	2.24688628E-7	2.91854599E-4
3.65000000E+2	8.96233129E-8	1.92681511E-8	2.30208653E-7	2.64949680E-4
3.65500000E+2	8.29608292E-9	2.11535886E-8	2.09635624E-7	2.90875680E-4
3.66000000E+2	4.16612163E-9	3.12299928E-8	2.26074610E-7	4.29432828E-4
3.66500000E+2	4.31392723E-9	2.92866259E-8	1.98997266E-7	4.02710262E-4
3.67000000E+2	4.32303103E-9	2.10197615E-8	1.96927010E-7	2.89035469E-4
3.67500000E+2	5.85918167E-9	2.19029764E-8	2.25975766E-7	3.01180252E-4
3.68000000E+2	4.55769512E-9	1.74853388E-8	2.05566548E-7	2.40434846E-4
3.68500000E+2	4.60120158E-9	2.26771782E-8	2.22078593E-7	3.11826032E-4
3.69000000E+2	4.56744992E-9	1.73075155E-8	1.84400320E-7	2.37989658E-4
3.69500000E+2	5.04033427E-9	1.82227618E-8	2.04953229E-7	2.50574894E-4
3.70000000E+2	8.09053364E-8	2.21397460E-8	2.21431333E-7	3.04435989E-4
3.70500000E+2	4.83326944E-9	2.16398146E-8	2.15433039E-7	2.97561605E-4
3.71000000E+2	6.34318139E-9	1.76240453E-8	2.16255293E-7	2.42342150E-4
3.71500000E+2	5.78804033E-9	1.60051995E-8	1.83451767E-7	2.20081962E-4
3.72000000E+2	4.65654330E-9	1.75465322E-8	1.92166923E-7	2.41276294E-4
3.72500000E+2	5.36265300E-9	2.01861001E-8	1.88786884E-7	2.77572080E-4
3.73000000E+2	4.52123638E-9	1.75046512E-8	2.26809585E-7	2.40700404E-4
3.73500000E+2	5.16341579E-9	1.78735558E-8	1.77860697E-7	2.45773082E-4
3.74000000E+2	4.93535860E-9	1.77739599E-8	1.67218917E-7	2.44403574E-4
3.74500000E+2	4.49339295E-9	1.80503957E-8	1.86045380E-7	2.48204748E-4
3.75000000E+2	4.81103627E-8	2.98383750E-8	2.86620793E-7	4.10297173E-4
3.75500000E+2	5.01282991E-9	2.01487791E-8	2.50195183E-7	2.77058892E-4
3.76000000E+2	4.50726372E-9	1.88874463E-8	1.99986229E-7	2.59714740E-4
3.76500000E+2	5.79167448E-9	1.98749090E-8	1.82599012E-7	2.73292998E-4
3.77000000E+2	4.56870761E-9	2.39458731E-8	1.72625495E-7	3.29271417E-4
3.77500000E+2	4.78579622E-9	2.61713382E-8	2.15072137E-7	3.59873018E-4
3.78000000E+2	5.47356882E-9	1.86864613E-8	1.82370241E-7	2.56951065E-4
3.78500000E+2	3.96849135E-9	2.46221806E-8	2.36675198E-7	3.38571088E-4
3.79000000E+2	7.34650763E-9	2.08496653E-8	1.86414372E-7	2.86696535E-4
3.79500000E+2	5.11687393E-9	2.61946837E-8	2.33852717E-7	3.60194034E-4
3.80000000E+2	3.77442501E-8	1.82983866E-8	2.00481874E-7	2.51614784E-4
3.80500000E+2	4.36838125E-9	2.54301782E-8	1.84399517E-7	3.49681584E-4
3.81000000E+2	6.26015024E-9	1.85152710E-8	2.18812510E-7	2.54597087E-4
3.81500000E+2	4.48725705E-9	2.02672714E-8	1.79457530E-7	2.78688239E-4
3.82000000E+2	6.53789283E-9	2.02547863E-8	2.13678057E-7	2.78516560E-4
3.82500000E+2	7.15698773E-9	2.15143449E-8	2.32866717E-7	2.95836314E-4
3.83000000E+2	4.76238074E-9	1.70464934E-8	1.80456743E-7	2.34400434E-4
3.83500000E+2	4.10951553E-9	1.83810447E-8	2.03778332E-7	2.52751387E-4
3.84000000E+2	6.70481703E-9	1.82299444E-8	2.07176693E-7	2.50673659E-4
3.84500000E+2	5.27670837E-9	1.61580301E-8	1.86898835E-7	2.22183482E-4
3.85000000E+2	7.13681905E-8	2.54929687E-8	2.07472641E-7	3.50544995E-4
3.85500000E+2	6.26542421E-9	3.24361912E-8	2.19103327E-7	4.46018845E-4
3.86000000E+2	4.32633820E-9	2.02583496E-8	2.08387481E-7	2.78565557E-4
3.86500000E+2	4.99922968E-9	1.81024206E-8	2.42495507E-7	2.48920123E-4
3.87000000E+2	3.80887785E-9	1.52669330E-8	2.18691282E-7	2.09930314E-4
3.87500000E+2	4.82730700E-9	1.86436720E-8	2.33166725E-7	2.56362684E-4
3.88000000E+2	5.82810323E-9	2.14400369E-8	2.00304517E-7	2.94814531E-4
3.88500000E+2	5.62839287E-9	1.98082161E-8	1.74717321E-7	2.72375928E-4
3.89000000E+2	4.95797437E-9	1.92743665E-8	2.18624178E-7	2.65035146E-4
3.89500000E+2	3.98176831E-9	1.87811879E-8	2.05971426E-7	2.58253617E-4
3.90000000E+2	1.02419736E-7	2.43092517E-8	2.16454848E-7	3.34268111E-4
3.90500000E+2	5.23706853E-9	2.64788271E-8	2.09292131E-7	3.64101191E-4
3.91000000E+2	4.93463225E-9	2.02406132E-8	1.84397144E-7	2.78321670E-4
3.91500000E+2	5.26361360E-9	1.84686184E-8	1.73743129E-7	2.53955582E-4
3.92000000E+2	4.68799479E-9	2.52231323E-8	1.90522300E-7	3.46834567E-4
3.92500000E+2	4.78120546E-9	1.93841821E-8	1.76654907E-7	2.66545182E-4
3.93000000E+2	4.81258631E-9	1.79243095E-8	1.69888283E-7	2.46470980E-4
3.93500000E+2	8.91975659E-9	2.85186301E-8	2.48274826E-7	3.92149817E-4
3.94000000E+2	4.76350313E-9	1.81775521E-8	1.91399806E-7	2.49953231E-4
3.94500000E+2	5.98253407E-9	1.99436474E-8	1.96002996E-7	2.74238197E-4
3.95000000E+2	2.69548180E-8	1.86348623E-8	1.72588304E-7	2.56241546E-4
3.95500000E+2	6.73995301E-9	2.50869509E-8	2.45357232E-7	3.44961984E-4
3.96000000E+2	4.45922195E-9	2.27264317E-8	1.76614680E-7	3.12503301E-4
3.96500000E+2	4.39982925E-9	2.22298138E-8	2.21994816E-7	3.05674480E-4
3.97000000E+2	4.71679647E-9	1.71036204E-8	1.90789015E-7	2.35185968E-4
3.97500000E+2	5.38885845E-9	1.82146061E-8	1.88770702E-7	2.50462748E-4
3.98000000E+2	4.74163102E-9	2.22192344E-8	1.95632984E-7	3.05529006E-4
3.98500000E+2	6.20997103E-9	2.10631649E-8	1.86200616E-7	2.89632295E-4
3.99000000E+2	4.33727919E-9	1.96954347E-8	2.34555210E-7	2.70825109E-4
3.99500000E+2	5.46155028E-9	1.82185332E-8	2.54331280E-7	2.50516747E-4
4.00000000E+2	5.53122322E-8	2.07340243E-8	3.70153238E-7	2.85106396E-4
4.00500000E+2	6.06140149E-9	2.87779999E-8	2.75819940E-7	3.95716321E-4
4.01000000E+2	4.29652526E-9	2.69125603E-8	2.03750972E-7	3.70065308E-4
4.01500000E+2	4.38952539E-9	3.11768244E-8	2.30877740E-7	4.28701728E-4
4.02000000E+2	6.08214164E-9	2.97675729E-8	1.82476955E-7	4.09323598E-4
4.02500000E+2	5.40227245E-9	2.26442783E-8	1.75923957E-7	3.11373638E-4
4.03000000E+2	5.44640380E-9	2.39322142E-8	1.82577227E-7	3.29083598E-4
4.03500000E+2	4.92033622E-9	1.89399480E-8	1.74454446E-7	2.60436673E-4
4.04000000E+2	5.86143289E-9	3.17146475E-8	2.28771994E-7	4.36097147E-4
4.04500000E+2	4.34219107E-9	2.00772486E-8	1.76182700E-7	2.76075301E-4
4.05000000E+2	4.57787892E-8	2.25521336E-8	1.80253683E-7	3.10106588E-4
4.05500000E+2	5.88254069E-9	3.47347419E-8	2.62941365E-7	4.77625420E-4
4.06000000E+2	4.76357920E-9	2.12136105E-8	2.08888493E-7	2.91701020E-4
4.06500000E+2	4.80600106E-9	1.83255782E-8	1.93177145E-7	2.51988687E-4
4.07000000E+2	5.65486987E-9	2.89528322E-8	1.88409297E-7	3.98120380E-4
4.07500000E+2	4.34167820E-9	2.02466794E-8	1.77537738E-7	2.78405084E-4
4.08000000E+2	4.73773087E-9	1.84602024E-8	1.98566637E-7	2.53839858E-4
4.08500000E+2	4.54396498E-9	1.82135859E-8	1.97844205E-7	2.50448719E-4
4.09000000E+2	5.16987385E-9	2.61108954E-8	2.27342480E-7	3.59041890E-4
4.09500000E+2	4.62867377E-9	1.88554314E-8	2.06262129E-7	2.59274515E-4
4.10000000E+2	4.81217396E-8	1.79746836E-8	1.80681038E-7	2.47163656E-4
4.10500000E+2	6.50949356E-9	1.86068985E-8	2.09278618E-7	2.55857024E-4
4.11000000E+2	4.01401278E-9	1.91393387E-8	1.76802620E-7	2.63178426E-4
4.11500000E+2	4.25477864E-9	2.10121033E-8	1.73723729E-7	2.88930163E-4
4.12000000E+2	5.11924670E-9	3.25037300E-8	2.65060719E-7	4.46947547E-4
4.12500000E+2	3.94133359E-9	1.90946161E-8	2.46458949E-7	2.62563461E-4
4.13000000E+2	4.78590474E-9	2.17205603E-8	2.12580250E-7	2.98671911E-4
4.13500000E+2	5.44966998E-9	2.28743322E-8	2.01859779E-7	3.14537030E-4
4.14000000E+2	5.67780837E-9	1.79269440E-8	1.75002715E-7	2.46507206E-4
4.14500000E+2	5.23064978E-9	2.30970186E-8	2.44765756E-7	3.17599112E-4
4.15000000E+2	4.61299824E-8	2.27385298E-8	2.23624115E-7	3.12669657E-4
4.15500000E+2	7.90023038E-9	1.72860829E-8	1.91092812E-7	2.37694946E-4
4.16000000E+2	4.63500657E-9	2.37364963E-8	1.98139526E-7	3.26392349E-4
4.16500000E+2	6.25537918E-9	2.05691039E-8	2.32964342E-7	2.82838633E-4
4.17000000E+2	4.88405300E-9	3.01977292E-8	1.97552846E-7	4.15238528E-4
4.17500000E+2	5.00856465E-9	1.56887725E-8	1.79396118E-7	2.15730883E-4
4.18000000E+2	4.32585509E-9	1.70284522E-8	1.77422058E-7	2.34152356E-4
4.18500000E+2	6.06083984E-9	1.74321778E-8	2.15000377E-7	2.39703847E-4
4.19000000E+2	4.07582849E-9	2.01352113E-8	2.02185086E-7	2.76872326E-4
4.19500000E+2	5.59351737E-9	2.10476173E-8	2.99777114E-7	2.89418504E-4
4.20000000E+2	6.54502438E-8	2.37263634E-8	2.55325550E-7	3.26253016E-4
4.20500000E+2	4.74857293E-9	2.40870596E-8	2.00258964E-7	3.31212824E-4
4.21000000E+2	4.75349580E-9	1.82484381E-8	1.67795179E-7	2.50927959E-4
4.21500000E+2	7.07508773E-9	1.91385732E-8	1.77347478E-7	2.63167900E-4
4.22000000E+2	4.48661056E-9	2.17014759E-8	2.40543264E-7	2.98409489E-4
4.22500000E+2	3.84951331E-9	1.97390067E-8	1.99279633E-7	2.71424253E-4
4.23000000E+2	5.47073201E-9	2.18994312E-8	1.92945301E-7	3.01131503E-4
4.23500000E+2	4.53921404E-9	2.36778576E-8	1.87625938E-7	3.25586029E-4
4.24000000E+2	5.66619530E-9	2.24832078E-8	1.85480398E-7	3.09158813E-4
4.24500000E+2	5.15797757E-9	1.67514300E-8	1.72893607E-7	2.30343119E-4
4.25000000E+2	4.09445569E-8	2.71019167E-8	1.96762879E-7	3.72669081E-4
4.25500000E+2	5.36287978E-9	3.59687425E-8	2.62715060E-7	4.94593736E-4
4.26000000E+2	5.06058456E-9	1.69789223E-8	1.66778343E-7	2.33471287E-4
4.26500000E+2	4.63355891E-9	2.48496436E-8	1.83295838E-7	3.41698853E-4
4.27000000E+2	6.34010225E-9	2.23523213E-8	1.99392808E-7	3.07359037E-4
4.27500000E+2	4.75981311E-9	1.73603356E-8	1.74462982E-7	2.38715969E-4
4.28000000E+2	4.03091104E-9	1.69704332E-8	1.92323534E-7	2.33354557E-4
4.28500000E+2	4.70529901E-9	2.24319080E-8	1.73529075E-7	3.08453407E-4
4.29000000E+2	4.65619957E-9	2.09213555E-8	1.67000311E-7	2.87682322E-4
4.29500000E+2	4.72253737E-9	1.66278455E-8	1.74524948E-7	2.28643751E-4
4.30000000E+2	3.55198725E-8	2.28601015E-8	1.73736884E-7	3.14341348E-4
4.30500000E+2	4.33368819E-9	2.96113814E-8	1.97450977E-7	4.07175863E-4
4.31000000E+2	6.36397019E-9	1.78895944E-8	1.69977257E-7	2.45993625E-4
4.31500000E+2	5.31501019E-9	1.87376756E-8	2.03466421E-7	2.57655296E-4
4.32000000E+2	4.79434984E-9	1.63288974E-8	1.52243409E-7	2.24533020E-4
4.32500000E+2	5.75434817E-9	2.88336803E-8	1.98951065E-7	3.96481964E-4
4.33000000E+2	4.78697976E-9	1.98884053E-8	2.27250393E-7	2.73478582E-4
4.33500000E+2	5.02947786E-9	1.97959587E-8	2.49884279E-7	2.72207381E-4
4.34000000E+2	5.16686111E-9	1.92562193E-8	1.83956374E-7	2.64785610E-4
4.34500000E+2	5.05216313E-9	1.88533728E-8	1.93372183E-7	2.59246207E-4
4.35000000E+2	2.38506569E-8	3.05100931E-8	2.31028341E-7	4.19533736E-4
4.35500000E+2	5.18585318E-9	1.79825343E-8	2.21510485E-7	2.47271609E-4
4.36000000E+2	4.65572071E-9	1.84908588E-8	1.92070899E-7	2.54261403E-4
4.36500000E+2	6.66665161E-9	1.65764987E-8	1.70375435E-7	2.27937700E-4
4.37000000E+2	4.53135280E-9	2.01481171E-8	2.34291123E-7	2.77049789E-4
4.37500000E+2	4.38940957E-9	1.95489417E-8	2.10445064E-7	2.68810735E-4
4.38000000E+2	4.37007807E-9	2.01316039E-8	1.92223694E-7	2.76822722E-4
4.38500000E+2	4.82934496E-9	2.39189854E-8	2.25417232E-7	3.28901694E-4
4.39000000E+2	5.24265737E-9	1.84199494E-8	1.73647778E-7	2.53286353E-4
4.39500000E+2	5.72148597E-9	2.56223282E-8	2.18563062E-7	3.52323772E-4
4.40000000E+2	5.50498457E-8	1.72591851E-8	2.02425986E-7	2.37325084E-4
4.40500000E+2	4.30607340E-9	2.14802345E-8	1.70336351E-7	2.95367274E-4
4.41000000E+2	4.63051011E-9	1.60933999E-8	2.50223988E-7	2.21294775E-4
4.41500000E+2	5.49575177E-9	2.85936429E-8	3.29582954E-7	3.93181292E-4
4.42000000E+2	4.81176551E-9	2.41283502E-8	1.97722039E-7	3.31780597E-4
4.42500000E+2	4.13451342E-9	1.81338242E-8	1.80266341E-7	2.49351944E-4
4.43000000E+2	4.27605244E-9	2.13072382E-8	2.46261611E-7	2.92988462E-4
4.43500000E+2	4.90374326E-9	2.04475016E-8	2.19727219E-7	2.81166522E-4
4.44000000E+2	8.08681003E-9	2.17807113E-8	2.91039763E-7	2.99499026E-4
4.44500000E+2	4.99634902E-9	1.97048390E-8	1.92985819E-7	2.70954425E-4
4.45000000E+2	6.01359528E-8	1.71281328E-8	2.55401297E-7	2.35523028E-4
4.45500000E+2	4.24315011E-9	1.69941854E-8	1.86015800E-7	2.33681165E-4
4.46000000E+2	4.44226572E-9	1.97799136E-8	2.23138642E-7	2.71986750E-4
4.46500000E+2	6.31813161E-9	1.89416000E-8	2.28323419E-7	2.60459389E-4
4.47000000E+2	5.72123156E-9	3.54055698E-8	4.50705862E-7	4.86849743E-4
4.47500000E+2	6.67064768E-9	1.80078663E-8	2.54595555E-7	2.47619940E-4
4.48000000E+2	4.63418776E-9	2.13661849E-8	2.89663499E-7	2.93799018E-4
4.48500000E+2	4.45167816E-9	1.67914059E-8	2.98557346E-7	2.30892814E-4
4.49000000E+2	4.20596392E-9	2.43661222E-8	4.94303992E-7	3.35050118E-4
4.49500000E+2	4.77319544E-9	2.22972104E-8	8.72082106E-7	3.06601227E-4
4.50000000E+2	7.47771888E-8	2.21679673E-8	1.96595732E-6	3.04824050E-4
4.50500000E+2	6.25954548E-9	1.97644935E-8	1.52904265E-6	2.71774713E-4
4.51000000E+2	4.86894811E-9	2.76748539E-8	7.51069530E-7	3.80547343E-4
4.51500000E+2	4.79229737E-9	2.43644205E-8	3.88528824E-7	3.35026719E-4
4.52000000E+2	5.42267844E-9	1.81624846E-8	2.79884563E-7	2.49746042E-4
4.52500000E+2	4.93075506E-9	1.98646170E-8	2.41174761E-7	2.73151477E-4
4.53000000E+2	6.64313780E-9	1.79562404E-8	2.72112707E-7	2.46910050E-4
4.53500000E+2	6.48890353E-9	1.94629739E-8	2.36550773E-7	2.67628621E-4
4.54000000E+2	4.78178798E-9	2.10839320E-8	2.13630542E-7	2.89917855E-4
4.54500000E+2	5.19367850E-9	1.78657760E-8	2.27287339E-7	2.45666105E-4
4.55000000E+2	5.39244138E-8	2.93461943E-8	2.25071026E-7	4.03529367E-4
4.55500000E+2	4.31463047E-9	1.81507760E-8	2.16681214E-7	2.49585042E-4
4.56000000E+2	4.43549839E-9	2.10438633E-8	2.16915135E-7	2.89366885E-4
4.56500000E+2	5.13144512E-9	2.04902966E-8	2.25860918E-7	2.81754980E-4
4.57000000E+2	7.31105456E-9	2.04097180E-8	2.19606856E-7	2.80646972E-4
4.57500000E+2	5.02649522E-9	2.11814875E-8	1.75558434E-7	2.91259308E-4
4.58000000E+2	4.27581037E-9	2.58444615E-8	2.19952083E-7	3.55378249E-4
4.58500000E+2	3.79527383E-9	2.45653683E-8	2.18758876E-7	3.37789882E-4
4.59000000E+2	4.83744337E-9	1.71233848E-8	1.97915298E-7	2.35457741E-4
4.59500000E+2	4.68249810E-9	2.68517222E-8	2.30898723E-7	3.69228744E-4
4.60000000E+2	1.02627446E-7	1.85050634E-8	1.66315596E-7	2.54456726E-4
4.60500000E+2	5.21291660E-9	1.91800470E-8	2.74145054E-7	2.63738192E-4
4.61000000E+2	5.25411224E-9	1.94026690E-8	1.99882726E-7	2.66799390E-4
4.61500000E+2	4.93297179E-9	1.84907330E-8	1.78280058E-7	2.54259674E-4
4.62000000E+2	5.39497618E-9	2.50975820E-8	1.97583489E-7	3.45108168E-4
4.62500000E+2	5.66517532E-9	2.10109210E-8	1.79805300E-7	2.88913906E-4
4.63000000E+2	5.39304568E-9	2.02390939E-8	2.03820935E-7	2.78300779E-4
4.63500000E+2	5.87736455E-9	1.57869443E-8	2.07980264E-7	2.17080809E-4
4.64000000E+2	3.40653597E-9	2.60725299E-8	2.56901239E-7	3.58514339E-4
4.64500000E+2	4.77815144E-9	1.74506881E-8	2.05697198E-7	2.39958375E-4
4.65000000E+2	6.19064843E-8	1.90276194E-8	2.07016419E-7	2.61642212E-4
4.65500000E+2	5.16327283E-9	1.79140147E-8	1.66495008E-7	2.46329419E-4
4.66000000E+2	4.78266646E-9	2.39223729E-8	2.11414604E-7	3.28948275E-4
4.66500000E+2	4.02218013E-9	2.22560672E-8	1.83390941E-7	3.06035481E-4
4.67000000E+2	4.15775917E-9	2.68460655E-8	1.92871234E-7	3.69150960E-4
4.67500000E+2	6.27959975E-9	2.42636997E-8	1.98881975E-7	3.33641742E-4
4.68000000E+2	5.60433234E-9	3.57602451E-8	2.32242997E-7	4.91726761E-4
4.68500000E+2	4.65452931E-9	2.15300062E-8	2.32241394E-7	2.96051668E-4
4.69000000E+2	4.61640893E-9	1.80672216E-8	1.73035212E-7	2.48436115E-4
4.69500000E+2	4.74068492E-9	1.75055133E-8	1.86186825E-7	2.40712258E-4
4.70000000E+2	5.20745694E-8	1.76221563E-8	2.16723268E-7	2.42316176E-4
4.70500000E+2	6.95546618E-9	2.45739708E-8	1.62145511E-7	3.37908172E-4
4.71000000E+2	5.33225369E-9	2.04477125E-8	2.17137879E-7	2.81169421E-4
4.71500000E+2	4.83096150E-9	1.79535510E-8	1.81016534E-7	2.46873069E-4
4.72000000E+2	5.37832097E-9	1.99331916E-8	1.91001055E-7	2.74094422E-4
4.72500000E+2	6.24738063E-9	2.53708462E-8	1.66094210E-7	3.48865729E-4
4.73000000E+2	4.38077915E-9	1.75290135E-8	1.68862710E-7	2.41035401E-4
4.73500000E+2	8.27677393E-9	2.40567593E-8	2.02804657E-7	3.30796175E-4
4.74000000E+2	4.63642746E-9	1.62918792E-8	1.89608032E-7	2.24023995E-4
4.74500000E+2	4.18401844E-9	1.90148530E-8	1.76560994E-7	2.61466666E-4
4.75000000E+2	4.81813572E-8	2.18990436E-8	1.92636985E-7	3.01126174E-4
4.75500000E+2	5.73502241E-9	1.97159437E-8	1.94387547E-7	2.71107122E-4
4.76000000E+2	4.39723202E-9	1.88909200E-8	1.92304559E-7	2.59762506E-4
4.76500000E+2	6.45193037E-9	1.89330759E-8	1.86720080E-7	2.60342178E-4
4.77000000E+2	4.15797679E-9	2.23184576E-8	1.75088793E-7	3.06893390E-4
4.77500000E+2	4.57467018E-9	2.28632104E-8	2.13972611E-7	3.14384098E-4
4.78000000E+2	6.50453106E-9	1.76690275E-8	1.78562771E-7	2.42960685E-4
4.78500000E+2	5.25489113E-9	1.87083110E-8	1.78012892E-7	2.57251512E-4
4.79000000E+2	4.68329173E-9	1.98811417E-8	1.88897106E-7	2.73378703E-4
4.79500000E+2	4.87402824E-9	1.79610589E-8	1.83236491E-7	2.46976308E-4
4.80000000E+2	5.08105951E-8	2.40078663E-8	2.70013221E-7	3.30123865E-4
4.80500000E+2	6.02928739E-9	1.96146230E-8	2.03792732E-7	2.69713896E-4
4.81000000E+2	5.13457327E-9	1.80434265E-8	1.93908155E-7	2.48108917E-4
4.81500000E+2	4.81115918E-9	1.94155005E-8	1.71012787E-7	2.66975832E-4
4.82000000E+2	6.48422737E-9	2.03763301E-8	1.78666067E-7	2.80187867E-4
4.82500000E+2	6.65314971E-9	1.91601236E-8	2.00438312E-7	2.63464232E-4
4.83000000E+2	6.09285783E-9	1.71616637E-8	1.80426181E-7	2.35984101E-4
4.83500000E+2	5.92240072E-9	2.04227463E-8	2.55412032E-7	2.80826120E-4
4.84000000E+2	4.89437170E-9	2.19858112E-8	2.47721591E-7	3.02319285E-4
4.84500000E+2	5.82479280E-9	3.22791701E-8	1.93332283E-7	4.43859702E-4
4.85000000E+2	3.36814888E-8	1.88996060E-8	2.69524563E-7	2.59881945E-4
4.85500000E+2	5.04320867E-9	1.80678430E-8	1.74834810E-7	2.48444659E-4
4.86000000E+2	4.91932705E-9	2.11199548E-8	2.37444234E-7	2.90413192E-4
4.86500000E+2	5.41769700E-9	1.84121753E-8	1.86789006E-7	2.53179454E-4
4.87000000E+2	4.76394047E-9	1.81450252E-8	2.24346695E-7	2.49505965E-4
4.87500000E+2	5.23544684E-9	2.29665730E-8	2.12747442E-7	3.15805401E-4
4.88000000E+2	4.69205458E-9	1.82153644E-8	2.41970506E-7	2.50473175E-4
4.88500000E+2	5.11790721E-9	2.14835588E-8	2.48231702E-7	2.95412986E-4
4.89000000E+2	6.69954938E-9	1.98308839E-8	2.83046705E-7	2.72687624E-4
4.89500000E+2	6.13878229E-9	1.94024798E-8	3.01495851E-7	2.66796788E-4
4.90000000E+2	6.61092184E-8	1.96589397E-8	2.87959099E-7	2.70323279E-4
4.90500000E+2	5.60612320E-9	1.80000597E-8	3.40192482E-7	2.47512594E-4
4.91000000E+2	4.79577467E-9	1.82254795E-8	3.74986379E-7	2.50612264E-4
4.91500000E+2	6.17602131E-9	1.59962211E-8	3.61653857E-7	2.19958503E-4
4.92000000E+2	4.80459514E-9	2.36227766E-8	4.41176535E-7	3.24828630E-4
4.92500000E+2	5.66192091E-9	2.24002211E-8	4.22438356E-7	3.08017691E-4
4.93000000E+2	6.91325050E-9	1.75302457E-8	4.60276935E-7	2.41052344E-4
4.93500000E+2	5.48170201E-9	1.65744272E-8	5.12690833E-7	2.27909215E-4
4.94000000E+2	6.95074027E-9	2.11619856E-8	3.16507727E-7	2.90991144E-4
4.94500000E+2	5.81694881E-9	1.80290642E-8	3.54614390E-7	2.47911425E-4
4.95000000E+2	7.61358098E-8	2.75231668E-8	3.90216121E-7	3.78461545E-4
4.95500000E+2	5.66639706E-9	1.70963726E-8	4.16853422E-7	2.35086306E-4
4.96000000E+2	6.08872016E-9	1.80709162E-8	4.70011786E-7	2.48486917E-4
4.96500000E+2	7.16577334E-9	2.02980888E-8	3.18454283E-7	2.79111997E-4
4.97000000E+2	4.42517928E-9	2.30494208E-8	4.19614378E-7	3.16944612E-4
4.97500000E+2	5.05727177E-9	2.83674644E-8	2.58095341E-7	3.90071190E-4
4.98000000E+2	4.57846665E-9	1.79948783E-8	2.93005275E-7	2.47441346E-4
4.98500000E+2	4.49162090E-9	2.41873100E-8	3.36557870E-7	3.32591332E-4
4.99000000E+2	5.72636409E-9	1.92897300E-8	3.98763627E-7	2.65246405E-4
4.99500000E+2	6.42282765E-9	2.26582334E-8	5.67277444E-7	3.11565530E-4
