0.00000000E+0	1.95347061E-8	1.49635987E-7	3.41894997E-3	1.61721523E-3
5.00000000E-1	6.01378458E-9	2.08653636E-7	1.30244580E-4	2.25505806E-3
1.00000000E+0	6.41354216E-9	1.53911107E-7	7.94759041E-5	1.66341928E-3
1.50000000E+0	4.73015639E-9	1.68292943E-7	5.54018202E-5	1.81885331E-3
2.00000000E+0	9.03036153E-9	1.54818788E-7	3.82818451E-5	1.67322919E-3
2.50000000E+0	4.27356055E-9	1.35469013E-7	2.74490381E-5	1.46410336E-3
3.00000000E+0	4.93958032E-9	1.43081287E-7	2.02402875E-5	1.54637425E-3
3.50000000E+0	6.76370298E-9	1.00633523E-7	1.66938312E-5	1.08761314E-3
4.00000000E+0	5.19151267E-9	1.38043948E-7	1.50134996E-5	1.49193239E-3
4.50000000E+0	4.58653434E-9	9.25342892E-8	1.45408990E-5	1.00007936E-3
5.00000000E+0	3.43991392E-3	3.18201051E-7	2.17308273E-5	3.43900953E-3
5.50000000E+0	4.89184911E-9	1.09585017E-7	1.29793305E-5	1.18435787E-3
6.00000000E+0	4.56830959E-9	7.52625067E-8	1.19922254E-5	8.13411763E-4
6.50000000E+0	4.81677369E-9	7.21819889E-8	1.05216724E-5	7.80118567E-4
7.00000000E+0	4.94966412E-9	8.55507440E-8	9.77284802E-6	9.24603559E-4
7.50000000E+0	3.68324109E-9	1.39400979E-7	8.57039226E-6	1.50659872E-3
8.00000000E+0	6.02698534E-9	8.10027155E-8	8.49140364E-6	8.75450002E-4
8.50000000E+0	4.68893300E-9	6.55729820E-8	7.86484706E-6	7.08690651E-4
9.00000000E+0	4.70081629E-9	8.50372132E-8	7.15038818E-6	9.19053491E-4
9.50000000E+0	7.61790181E-9	5.99140879E-8	6.93199683E-6	6.47531234E-4
1.00000000E+1	1.85802691E-8	5.95101514E-8	6.81375832E-6	6.43165625E-4
1.05000000E+1	5.02798471E-9	6.12970870E-8	6.33418051E-6	6.62478222E-4
1.10000000E+1	7.00518542E-9	5.07677437E-8	6.29935717E-6	5.48680634E-4
1.15000000E+1	4.33880373E-9	6.88960312E-8	5.74398871E-6	7.44605046E-4
1.20000000E+1	6.19217427E-9	7.55942298E-8	5.47609181E-6	8.16996914E-4
1.25000000E+1	4.96448467E-9	5.67339732E-8	5.42538908E-6	6.13161628E-4
1.30000000E+1	6.27031340E-9	4.76730338E-8	4.98542338E-6	5.15234055E-4
1.35000000E+1	5.34840235E-9	8.86739523E-8	5.02049800E-6	9.58358140E-4
1.40000000E+1	4.46153999E-9	7.76847178E-8	4.86739518E-6	8.39590204E-4
1.45000000E+1	4.68794172E-9	5.24015929E-8	4.60440886E-6	5.66338725E-4
1.50000000E+1	1.50612266E-8	5.79546414E-8	4.55911113E-6	6.26354199E-4
1.55000000E+1	4.52921452E-9	7.07217124E-8	4.48640830E-6	7.64336392E-4
1.60000000E+1	4.74558124E-9	4.44541660E-8	4.21011029E-6	4.80445618E-4
1.65000000E+1	5.07776493E-9	7.31640322E-8	3.95800598E-6	7.90732160E-4
1.70000000E+1	6.47931853E-9	7.82056768E-8	4.08563855E-6	8.45220553E-4
1.75000000E+1	4.29145799E-9	5.71604206E-8	3.99043347E-6	6.17770528E-4
1.80000000E+1	5.36820853E-9	4.16837983E-8	3.80183537E-6	4.50504419E-4
1.85000000E+1	5.32455182E-9	4.40944073E-8	3.66959287E-6	4.76557467E-4
1.90000000E+1	4.41944782E-9	5.74388191E-8	3.51487019E-6	6.20779365E-4
1.95000000E+1	5.58826921E-9	4.96813814E-8	3.40006096E-6	5.36939598E-4
2.00000000E+1	2.51406787E-8	4.77356511E-8	3.22750960E-6	5.15910801E-4
2.05000000E+1	6.36732536E-9	4.75368347E-8	3.15913317E-6	5.13762061E-4
2.10000000E+1	4.79164651E-9	3.69765517E-8	3.22722650E-6	3.99630087E-4
2.15000000E+1	4.68194209E-9	5.71344669E-8	2.96270029E-6	6.17490030E-4
2.20000000E+1	4.75176863E-9	4.39658476E-8	3.19909385E-6	4.75168037E-4
2.25000000E+1	4.80160463E-9	4.06511022E-8	2.98432381E-6	4.39343388E-4
2.30000000E+1	4.49346273E-9	5.31501664E-8	3.05500735E-6	5.74429055E-4
2.35000000E+1	5.36718255E-9	5.61937537E-8	2.88569828E-6	6.07323119E-4
2.40000000E+1	4.52251679E-9	3.94134385E-8	2.93853915E-6	4.25967137E-4
2.45000000E+1	4.90166326E-9	4.00950799E-8	2.92057238E-6	4.33334088E-4
2.50000000E+1	1.83665280E-8	4.32208517E-8	2.77920734E-6	4.67116374E-4
2.55000000E+1	5.16937019E-9	4.04029670E-8	2.77429776E-6	4.36661627E-4
2.60000000E+1	5.18825026E-9	3.79636806E-8	2.70173642E-6	4.10298643E-4
2.65000000E+1	4.07836234E-9	3.78148671E-8	2.64115028E-6	4.08690317E-4
2.70000000E+1	6.18800733E-9	5.36380846E-8	2.56336084E-6	5.79702310E-4
2.75000000E+1	5.00089198E-9	4.63859757E-8	2.59390782E-6	5.01323965E-4
2.80000000E+1	4.65185269E-9	3.79693856E-8	2.54501632E-6	4.10360301E-4
2.85000000E+1	4.57697708E-9	5.21787759E-8	2.63310107E-6	5.63930594E-4
2.90000000E+1	5.22034296E-9	5.01252839E-8	2.39293390E-6	5.41737146E-4
2.95000000E+1	4.80964668E-9	4.45561761E-8	2.49740555E-6	4.81548109E-4
3.00000000E+1	2.81592187E-8	5.11508234E-8	2.44000246E-6	5.52820830E-4
3.05000000E+1	6.48012690E-9	5.37318571E-8	2.31610902E-6	5.80715772E-4
3.10000000E+1	5.39278635E-9	4.65822570E-8	2.38268640E-6	5.03445308E-4
3.15000000E+1	6.53663773E-9	4.26635235E-8	2.36404218E-6	4.61092959E-4
3.20000000E+1	5.72427644E-9	4.70956943E-8	2.28541344E-6	5.08994364E-4
3.25000000E+1	4.73260065E-9	5.72224744E-8	2.33271713E-6	6.18441185E-4
3.30000000E+1	4.22467276E-9	3.54489956E-8	2.32892821E-6	3.83120776E-4
3.35000000E+1	5.10177486E-9	3.55314138E-8	2.17484415E-6	3.84011525E-4
3.40000000E+1	4.54337824E-9	4.25414356E-8	2.10622735E-6	4.59773474E-4
3.45000000E+1	5.06266870E-9	3.23711266E-8	2.21912507E-6	3.49856208E-4
3.50000000E+1	2.50768131E-8	4.33825726E-8	2.04885638E-6	4.68864198E-4
3.55000000E+1	4.33894891E-9	3.69235379E-8	2.14055767E-6	3.99057132E-4
3.60000000E+1	5.13767202E-9	3.85481918E-8	2.09850549E-6	4.16615843E-4
3.65000000E+1	5.11340599E-9	3.04014706E-8	2.14867635E-6	3.28568831E-4
3.70000000E+1	5.33868761E-9	5.21900680E-8	1.93976342E-6	5.64052636E-4
3.75000000E+1	5.17903219E-9	3.73639234E-8	2.18009469E-6	4.03816670E-4
3.80000000E+1	4.62739975E-9	3.38226824E-8	2.09796527E-6	3.65544133E-4
3.85000000E+1	4.10525853E-9	3.23206246E-8	2.04224345E-6	3.49310400E-4
3.90000000E+1	4.19680944E-9	3.68414878E-8	2.11906323E-6	3.98170362E-4
3.95000000E+1	4.71793540E-9	3.18550184E-8	2.04566624E-6	3.44278284E-4
4.00000000E+1	2.96207503E-8	5.76454217E-8	2.18619135E-6	6.23012256E-4
4.05000000E+1	5.19828973E-9	3.82430940E-8	2.01743263E-6	4.13318449E-4
4.10000000E+1	5.29640554E-9	3.54408538E-8	2.07415448E-6	3.83032783E-4
4.15000000E+1	5.87123678E-9	3.09686452E-8	2.06784992E-6	3.34698662E-4
4.20000000E+1	4.88275888E-9	2.90754824E-8	2.20426301E-6	3.14237998E-4
4.25000000E+1	4.08995518E-9	3.09547744E-8	2.19290519E-6	3.34548751E-4
4.30000000E+1	4.51022424E-9	3.30230895E-8	2.26400387E-6	3.56902403E-4
4.35000000E+1	5.57771449E-9	3.11333258E-8	2.27343767E-6	3.36478474E-4
4.40000000E+1	4.90366041E-9	2.58348823E-8	2.31495654E-6	2.79214686E-4
4.45000000E+1	5.09362961E-9	4.55660966E-8	2.29037895E-6	4.92462989E-4
4.50000000E+1	3.12740951E-8	4.38361618E-8	2.34718532E-6	4.73766438E-4
4.55000000E+1	4.35118874E-9	3.97161309E-8	2.54516881E-6	4.29238534E-4
4.60000000E+1	5.32324557E-9	3.37353434E-8	2.79612370E-6	3.64600202E-4
4.65000000E+1	5.11940299E-9	3.61859687E-8	3.20112789E-6	3.91085733E-4
4.70000000E+1	4.44268287E-9	2.98074679E-8	3.30794260E-6	3.22149050E-4
4.75000000E+1	5.94754751E-9	3.03827625E-8	3.66452986E-6	3.28366639E-4
4.80000000E+1	4.11673680E-9	3.13700479E-8	4.44763615E-6	3.39036887E-4
4.85000000E+1	4.49230910E-9	4.02742953E-8	5.49063986E-6	4.35270987E-4
4.90000000E+1	4.04775516E-9	2.99429234E-8	7.66372436E-6	3.23613007E-4
4.95000000E+1	4.42725270E-9	3.69077504E-8	1.52478230E-5	3.98886506E-4
5.00000000E+1	4.57576827E-8	1.35253456E-7	5.41503842E-4	1.46177369E-3
5.05000000E+1	4.58199976E-9	3.35195887E-8	1.52174292E-5	3.62268398E-4
5.10000000E+1	5.68465941E-9	2.74283270E-8	7.20225755E-6	2.96436099E-4
5.15000000E+1	4.70924124E-9	2.82196840E-8	4.85606561E-6	3.04988817E-4
5.20000000E+1	4.91137799E-9	3.76726756E-8	3.49809165E-6	4.07153559E-4
5.25000000E+1	6.58725012E-9	3.38202997E-8	2.66641732E-6	3.65518382E-4
5.30000000E+1	5.09743580E-9	2.66601601E-8	2.37027122E-6	2.88134010E-4
5.35000000E+1	5.34520931E-9	5.15335508E-8	1.98269096E-6	5.56957219E-4
5.40000000E+1	6.34564964E-9	2.81571879E-8	1.81946645E-6	3.04313381E-4
5.45000000E+1	5.46374125E-9	2.89252770E-8	1.64889875E-6	3.12614629E-4
5.50000000E+1	1.84003119E-8	3.10425805E-8	1.53123423E-6	3.35497730E-4
5.55000000E+1	4.57877320E-9	3.17896352E-8	1.45623277E-6	3.43571645E-4
5.60000000E+1	5.83801050E-9	3.19735649E-8	1.36921424E-6	3.45559495E-4
5.65000000E+1	4.31034036E-9	4.94794417E-8	1.35449861E-6	5.34757101E-4
5.70000000E+1	4.86378974E-9	3.53738111E-8	1.23147688E-6	3.82308208E-4
5.75000000E+1	5.63956496E-9	2.67188436E-8	1.21532033E-6	2.88768241E-4
5.80000000E+1	3.98956299E-9	3.23408447E-8	1.17385123E-6	3.49528931E-4
5.85000000E+1	5.30001056E-9	3.02284782E-8	1.08147326E-6	3.26699187E-4
5.90000000E+1	5.13162433E-9	3.47508432E-8	1.13769918E-6	3.75575381E-4
5.95000000E+1	5.27110672E-9	2.54444088E-8	1.09527055E-6	2.74994581E-4
6.00000000E+1	1.78875765E-8	2.97384518E-8	1.08814637E-6	3.21403147E-4
6.05000000E+1	4.42571198E-9	3.31473248E-8	1.11496365E-6	3.58245095E-4
6.10000000E+1	5.24836639E-9	2.79212933E-8	1.05845167E-6	3.01763912E-4
6.15000000E+1	4.58400956E-9	2.68597939E-8	1.02589028E-6	2.90291584E-4
6.20000000E+1	5.80586636E-9	4.11156805E-8	1.06911038E-6	4.44364394E-4
6.25000000E+1	4.38459184E-9	2.83696439E-8	1.00839458E-6	3.06609534E-4
6.30000000E+1	5.72737386E-9	4.51858003E-8	1.08330522E-6	4.88352874E-4
6.35000000E+1	6.29442281E-9	3.63369698E-8	1.05739471E-6	3.92717702E-4
6.40000000E+1	4.85283065E-9	2.94523713E-8	9.75209329E-7	3.18311285E-4
6.45000000E+1	4.43088306E-9	2.46105675E-8	9.46693694E-7	2.65982705E-4
6.50000000E+1	2.15786936E-8	2.76531310E-8	9.51650053E-7	2.98865704E-4
6.55000000E+1	5.44004762E-9	3.25569783E-8	9.30572161E-7	3.51864831E-4
6.60000000E+1	4.67128762E-9	3.09669129E-8	8.90568951E-7	3.34679941E-4
6.65000000E+1	5.22321980E-9	3.34006356E-8	1.04347016E-6	3.60982793E-4
6.70000000E+1	4.31640076E-9	3.07427663E-8	9.63715669E-7	3.32257439E-4
6.75000000E+1	4.25132459E-9	3.62196318E-8	9.39194439E-7	3.91449553E-4
6.80000000E+1	5.93247522E-9	2.71582067E-8	8.53163418E-7	2.93516729E-4
6.85000000E+1	5.56053381E-9	2.57091956E-8	9.18347168E-7	2.77856307E-4
6.90000000E+1	5.20055991E-9	2.77218667E-8	8.73043671E-7	2.99608576E-4
6.95000000E+1	5.01202340E-9	4.46569335E-8	9.51249677E-7	4.82637061E-4
7.00000000E+1	3.26731929E-8	3.80003076E-8	9.06546274E-7	4.10694495E-4
7.05000000E+1	5.63721655E-9	3.72836568E-8	9.24558733E-7	4.02949176E-4
7.10000000E+1	4.94732327E-9	2.56893252E-8	8.09887978E-7	2.77641553E-4
7.15000000E+1	5.19410854E-9	2.76556703E-8	8.92231721E-7	2.98893148E-4
7.20000000E+1	4.35724304E-9	3.78454230E-8	8.26916177E-7	4.09020555E-4
7.25000000E+1	3.92714847E-9	2.45936451E-8	8.76100093E-7	2.65799813E-4
7.30000000E+1	5.86296626E-9	2.72402507E-8	9.00485414E-7	2.94403433E-4
7.35000000E+1	4.10582842E-9	2.70830365E-8	8.86749642E-7	2.92704315E-4
7.40000000E+1	5.80786730E-9	2.96684276E-8	8.10748950E-7	3.20646349E-4
7.45000000E+1	4.90317795E-9	2.94145664E-8	8.02726940E-7	3.17902703E-4
7.50000000E+1	1.96314520E-8	3.00785777E-8	8.26172789E-7	3.25079113E-4
7.55000000E+1	4.69962824E-9	3.06138512E-8	8.62988621E-7	3.30864169E-4
7.60000000E+1	5.84029470E-9	2.63201683E-8	7.65559094E-7	2.84459493E-4
7.65000000E+1	4.96029532E-9	3.25020021E-8	8.09161904E-7	3.51270666E-4
7.70000000E+1	5.37946299E-9	3.58881132E-8	8.14968763E-7	3.87866612E-4
7.75000000E+1	4.43398290E-9	2.49864953E-8	8.54456090E-7	2.70045606E-4
7.80000000E+1	4.01932825E-9	2.38540131E-8	7.96361177E-7	2.57806121E-4
7.85000000E+1	5.38370770E-9	3.23751726E-8	8.94826726E-7	3.49899935E-4
7.90000000E+1	7.38246222E-9	2.88513282E-8	8.15784833E-7	3.11815414E-4
7.95000000E+1	4.41612638E-9	3.29380094E-8	7.93207159E-7	3.55982886E-4
8.00000000E+1	3.23222044E-8	3.21556857E-8	8.64414588E-7	3.47527795E-4
8.05000000E+1	5.31835077E-9	2.40663001E-8	7.53330917E-7	2.60100447E-4
8.10000000E+1	5.24353836E-9	2.58231850E-8	7.62640635E-7	2.79088266E-4
8.15000000E+1	4.25768694E-9	3.70190903E-8	7.37809010E-7	4.00089830E-4
8.20000000E+1	4.50067977E-9	2.46579749E-8	7.79070376E-7	2.66495068E-4
8.25000000E+1	4.42082112E-9	2.47631643E-8	7.52607241E-7	2.67631919E-4
8.30000000E+1	4.80757019E-9	2.78247646E-8	7.47426488E-7	3.00720662E-4
8.35000000E+1	4.30339950E-9	2.60277579E-8	7.27633918E-7	2.81299220E-4
8.40000000E+1	5.05154491E-9	2.82468665E-8	7.59634610E-7	3.05282597E-4
8.45000000E+1	6.35575320E-9	3.50809666E-8	6.53616373E-7	3.79143244E-4
8.50000000E+1	1.54029230E-8	2.58053089E-8	7.34529866E-7	2.78895067E-4
8.55000000E+1	4.22219545E-9	2.71858831E-8	7.40719607E-7	2.93815847E-4
8.60000000E+1	4.45285185E-9	2.92578280E-8	7.14977002E-7	3.16208728E-4
8.65000000E+1	4.46779194E-9	2.52193826E-8	7.34492409E-7	2.72562573E-4
8.70000000E+1	4.59845431E-9	2.57470373E-8	7.04430840E-7	2.78265287E-4
8.75000000E+1	5.76440015E-9	2.61695975E-8	7.22350937E-7	2.82832175E-4
8.80000000E+1	4.08436887E-9	2.39309117E-8	7.17790233E-7	2.58637215E-4
8.85000000E+1	5.58468664E-9	2.57113930E-8	6.74485148E-7	2.77880055E-4
8.90000000E+1	4.92303589E-9	3.20155566E-8	7.53782275E-7	3.46013327E-4
8.95000000E+1	3.81399647E-9	2.68323956E-8	7.46583222E-7	2.89995473E-4
9.00000000E+1	3.15958085E-8	2.39997443E-8	7.05039525E-7	2.59381134E-4
9.05000000E+1	4.33877598E-9	3.10154542E-8	6.57702406E-7	3.35204558E-4
9.10000000E+1	4.56325610E-9	2.49604564E-8	6.85774179E-7	2.69764186E-4
9.15000000E+1	5.13826968E-9	2.82656359E-8	7.19623147E-7	3.05485450E-4
9.20000000E+1	4.76648373E-9	2.55162523E-8	7.24090293E-7	2.75771041E-4
9.25000000E+1	4.79755197E-9	2.29102964E-8	6.60205813E-7	2.47606749E-4
9.30000000E+1	5.11320634E-9	3.25930933E-8	7.47680505E-7	3.52255149E-4
9.35000000E+1	9.13369061E-9	2.38730217E-8	6.91022780E-7	2.58011559E-4
9.40000000E+1	5.48116396E-9	2.47174849E-8	6.42905009E-7	2.67138232E-4
9.45000000E+1	5.49192947E-9	2.88741016E-8	7.27536553E-7	3.12061542E-4
9.50000000E+1	1.97109208E-8	2.33362560E-8	7.09046266E-7	2.52210376E-4
9.55000000E+1	4.25083702E-9	2.55276222E-8	6.84903253E-7	2.75893922E-4
9.60000000E+1	4.50571907E-9	2.19874338E-8	6.74244011E-7	2.37632761E-4
9.65000000E+1	5.70660495E-9	2.10622341E-8	6.86234147E-7	2.27633515E-4
9.70000000E+1	6.60247878E-9	3.42388171E-8	6.96331101E-7	3.70041576E-4
9.75000000E+1	4.87287298E-9	2.48754721E-8	6.65472289E-7	2.68845705E-4
9.80000000E+1	4.88926238E-9	3.03079369E-8	6.55453411E-7	3.27557950E-4
9.85000000E+1	6.16119391E-9	2.91705466E-8	6.48910310E-7	3.15265419E-4
9.90000000E+1	4.50425805E-9	2.39033809E-8	7.45980178E-7	2.58339671E-4
9.95000000E+1	5.04875258E-9	2.69409517E-8	9.58700208E-7	2.91168711E-4
1.00000000E+2	2.63408997E-8	2.55174669E-8	1.44244105E-5	2.75784168E-4
1.00500000E+2	4.55094594E-9	3.29898764E-8	1.02825625E-6	3.56543446E-4
1.01000000E+2	3.73097455E-9	2.22300365E-8	8.00732280E-7	2.40254730E-4
1.01500000E+2	5.71985035E-9	2.96502286E-8	6.27893750E-7	3.20449660E-4
1.02000000E+2	6.14694018E-9	2.88575839E-8	7.40573541E-7	3.11883024E-4
1.02500000E+2	4.82521245E-9	2.80405717E-8	7.37703952E-7	3.03053032E-4
1.03000000E+2	5.60024378E-9	3.55789531E-8	5.79923353E-7	3.84525314E-4
1.03500000E+2	4.64357902E-9	2.38027010E-8	6.73233034E-7	2.57251556E-4
1.04000000E+2	5.83843259E-9	2.47440131E-8	6.04989610E-7	2.67424940E-4
1.04500000E+2	4.63101399E-9	2.18143341E-8	6.04856523E-7	2.35761959E-4
1.05000000E+2	2.52862701E-8	2.23980516E-8	5.80160048E-7	2.42070580E-4
1.05500000E+2	4.56378343E-9	2.24729152E-8	6.07588961E-7	2.42879681E-4
1.06000000E+2	5.10313090E-9	2.29270883E-8	6.59765187E-7	2.47788230E-4
1.06500000E+2	4.09346668E-9	2.48285870E-8	5.86676900E-7	2.68338986E-4
1.07000000E+2	4.38390461E-9	3.37014046E-8	5.98807979E-7	3.64233403E-4
1.07500000E+2	5.63349881E-9	3.23903535E-8	6.83447580E-7	3.50064006E-4
1.08000000E+2	4.39776723E-9	2.08332091E-8	5.68769122E-7	2.25158290E-4
1.08500000E+2	4.63564076E-9	3.06435724E-8	6.40989023E-7	3.31185385E-4
1.09000000E+2	5.24292836E-9	2.56704947E-8	5.90773362E-7	2.77438040E-4
1.09500000E+2	5.26074321E-9	2.37478736E-8	6.16442846E-7	2.56659000E-4
1.10000000E+2	2.53150065E-8	2.47554720E-8	5.39587935E-7	2.67548783E-4
1.10500000E+2	7.05081824E-9	2.21514788E-8	5.59348372E-7	2.39405704E-4
1.11000000E+2	5.97210282E-9	2.61180238E-8	5.62535998E-7	2.82274783E-4
1.11500000E+2	4.53633573E-9	2.26724736E-8	6.00737826E-7	2.45036440E-4
1.12000000E+2	4.40725517E-9	2.65100800E-8	5.80767611E-7	2.86511994E-4
1.12500000E+2	4.31095743E-9	2.50914013E-8	5.52330717E-7	2.71179395E-4
1.13000000E+2	4.67815802E-9	3.48759699E-8	6.45952997E-7	3.76927709E-4
1.13500000E+2	7.00839183E-9	2.91545445E-8	6.11827408E-7	3.15092475E-4
1.14000000E+2	4.04295961E-9	2.27561866E-8	5.94998273E-7	2.45941182E-4
1.14500000E+2	4.93255256E-9	2.06808940E-8	5.91700374E-7	2.23512121E-4
1.15000000E+2	2.08905936E-8	3.62454278E-8	5.57588714E-7	3.91728347E-4
1.15500000E+2	5.46732804E-9	2.39233667E-8	5.34097810E-7	2.58555670E-4
1.16000000E+2	6.20418757E-9	2.43380199E-8	5.71665012E-7	2.63037102E-4
1.16500000E+2	5.94297829E-9	2.60444358E-8	5.53612736E-7	2.81479469E-4
1.17000000E+2	4.42257211E-9	2.46028804E-8	5.63933309E-7	2.65899625E-4
1.17500000E+2	5.37612122E-9	2.92255350E-8	6.10981271E-7	3.15859716E-4
1.18000000E+2	4.01206461E-9	2.15255277E-8	5.25440257E-7	2.32640636E-4
1.18500000E+2	4.32397997E-9	3.13313742E-8	5.96127388E-7	3.38618914E-4
1.19000000E+2	4.28052392E-9	2.17559027E-8	5.89177585E-7	2.35130451E-4
1.19500000E+2	4.91509583E-9	2.23650116E-8	6.15184408E-7	2.41713495E-4
1.20000000E+2	3.32885264E-8	2.24860345E-8	5.75346737E-7	2.43021470E-4
1.20500000E+2	6.00003447E-9	2.25114478E-8	5.39212886E-7	2.43296127E-4
1.21000000E+2	5.86028513E-9	2.29151705E-8	5.61789307E-7	2.47659427E-4
1.21500000E+2	5.29543856E-9	2.71883630E-8	4.99777313E-7	2.93842648E-4
1.22000000E+2	7.10710019E-9	2.18800193E-8	5.49453272E-7	2.36471862E-4
1.22500000E+2	5.52650095E-9	2.47706666E-8	5.32441783E-7	2.67713002E-4
1.23000000E+2	4.86579242E-9	2.42438526E-8	5.23871503E-7	2.62019374E-4
1.23500000E+2	4.52538397E-9	2.50065375E-8	5.95477027E-7	2.70262215E-4
1.24000000E+2	4.95656308E-9	2.28352856E-8	5.19012159E-7	2.46796057E-4
1.24500000E+2	5.47371725E-9	3.12568713E-8	4.56763816E-7	3.37813713E-4
1.25000000E+2	1.53444208E-8	2.30667135E-8	4.96140256E-7	2.49297252E-4
1.25500000E+2	6.27232133E-9	2.01455218E-8	5.44808208E-7	2.17725999E-4
1.26000000E+2	6.79518251E-9	2.95003913E-8	4.48136195E-7	3.18830270E-4
1.26500000E+2	4.07365847E-9	2.20156437E-8	5.15198189E-7	2.37937644E-4
1.27000000E+2	5.01280297E-9	2.03146705E-8	4.79580611E-7	2.19554101E-4
1.27500000E+2	4.45369883E-9	2.37666567E-8	4.79936677E-7	2.56862002E-4
1.28000000E+2	4.30915919E-9	2.25876812E-8	5.82111712E-7	2.44120033E-4
1.28500000E+2	6.74159287E-9	2.66354924E-8	5.00361361E-7	2.87867410E-4
1.29000000E+2	5.83883491E-9	2.70825855E-8	5.43574764E-7	2.92699441E-4
1.29500000E+2	4.25038543E-9	2.26730776E-8	5.17146916E-7	2.45042968E-4
1.30000000E+2	1.64700006E-8	2.26796018E-8	4.90115234E-7	2.45113479E-4
1.30500000E+2	4.60869711E-9	2.46025055E-8	6.41068826E-7	2.65895574E-4
1.31000000E+2	4.36522076E-9	2.78832533E-8	5.53148756E-7	3.01352788E-4
1.31500000E+2	4.30485605E-9	2.30669041E-8	5.44132055E-7	2.49299312E-4
1.32000000E+2	4.31038256E-9	3.22512648E-8	6.01623426E-7	3.48560782E-4
1.32500000E+2	5.83375397E-9	2.35645063E-8	4.94615630E-7	2.54677229E-4
1.33000000E+2	4.31905500E-9	2.42109867E-8	4.42249018E-7	2.61664171E-4
1.33500000E+2	6.43641191E-9	2.56459295E-8	5.36082958E-7	2.77172548E-4
1.34000000E+2	6.49748581E-9	2.60456892E-8	4.98900375E-7	2.81493015E-4
1.34500000E+2	4.32155611E-9	2.88923314E-8	5.02497682E-7	3.12258563E-4
1.35000000E+2	2.33889895E-8	2.86693329E-8	4.30998118E-7	3.09848471E-4
1.35500000E+2	6.90808323E-9	2.71787523E-8	4.55640684E-7	2.93738779E-4
1.36000000E+2	5.46396578E-9	2.34612161E-8	4.94968485E-7	2.53560903E-4
1.36500000E+2	4.88566311E-9	4.22279640E-8	6.08689077E-7	4.56385578E-4
1.37000000E+2	4.55104247E-9	2.31904123E-8	5.53644582E-7	2.50634147E-4
1.37500000E+2	4.35280283E-9	3.22530761E-8	6.24446644E-7	3.48580358E-4
1.38000000E+2	4.51768539E-9	2.18835880E-8	5.59119241E-7	2.36510431E-4
1.38500000E+2	4.63955740E-9	2.72731703E-8	4.40720175E-7	2.94759217E-4
1.39000000E+2	5.42253335E-9	2.29156180E-8	4.95588449E-7	2.47664262E-4
1.39500000E+2	6.20168354E-9	2.66209384E-8	4.82036971E-7	2.87710114E-4
1.40000000E+2	1.80945521E-8	2.04943436E-8	5.00443798E-7	2.21495947E-4
1.40500000E+2	4.87383125E-9	2.98527568E-8	4.60600155E-7	3.22638517E-4
1.41000000E+2	4.04547538E-9	2.09033961E-8	5.20032709E-7	2.25916848E-4
1.41500000E+2	4.03969075E-9	2.60131620E-8	4.91901686E-7	2.81141473E-4
1.42000000E+2	4.48505988E-9	2.26234221E-8	4.81058097E-7	2.44506308E-4
1.42500000E+2	4.63044049E-9	1.96534195E-8	5.09122813E-7	2.12407523E-4
1.43000000E+2	5.01445541E-9	3.02783033E-8	4.15569753E-7	3.27237680E-4
1.43500000E+2	5.12930668E-9	2.52918342E-8	5.16704581E-7	2.73345605E-4
1.44000000E+2	4.97727288E-9	2.47995439E-8	5.21912322E-7	2.68025098E-4
1.44500000E+2	5.02621120E-9	2.61834530E-8	4.73040350E-7	2.82981920E-4
1.45000000E+2	2.77724838E-8	2.50737862E-8	4.49140658E-7	2.70989016E-4
1.45500000E+2	5.02226231E-9	2.16973829E-8	4.82114547E-7	2.34497990E-4
1.46000000E+2	5.14715360E-9	2.24729056E-8	5.10351453E-7	2.42879577E-4
1.46500000E+2	4.82094014E-9	2.20611903E-8	4.60420829E-7	2.38429897E-4
1.47000000E+2	5.41314414E-9	2.33103341E-8	5.64710041E-7	2.51930221E-4
1.47500000E+2	4.27058542E-9	2.21066700E-8	4.86299037E-7	2.38921426E-4
1.48000000E+2	5.19494527E-9	2.49747647E-8	5.54742277E-7	2.69918825E-4
1.48500000E+2	5.46580766E-9	2.77075701E-8	8.68796142E-7	2.99454063E-4
1.49000000E+2	5.71251449E-9	1.96098978E-8	7.51518143E-7	2.11937155E-4
1.49500000E+2	4.33621759E-9	2.20548379E-8	1.01955946E-6	2.38361243E-4
1.50000000E+2	2.66239196E-8	3.16463849E-8	1.05232179E-5	3.42023444E-4
1.50500000E+2	4.32558245E-9	2.99613870E-8	1.07969525E-6	3.23812556E-4
1.51000000E+2	5.47776937E-9	3.03857345E-8	6.26286942E-7	3.28398760E-4
1.51500000E+2	5.18538941E-9	1.99311746E-8	5.66981435E-7	2.15409406E-4
1.52000000E+2	4.27200910E-9	3.08166728E-8	5.06228157E-7	3.33056196E-4
1.52500000E+2	5.19486097E-9	2.19305449E-8	5.15024584E-7	2.37017925E-4
1.53000000E+2	4.78487804E-9	2.14782510E-8	4.47789510E-7	2.32129685E-4
1.53500000E+2	5.08836734E-9	2.01479786E-8	4.49856434E-7	2.17752551E-4
1.54000000E+2	4.72833346E-9	2.22230547E-8	4.38211888E-7	2.40179272E-4
1.54500000E+2	4.52559420E-9	2.13618455E-8	5.60425099E-7	2.30871615E-4
1.55000000E+2	3.09407509E-8	2.24087715E-8	5.16378204E-7	2.42186437E-4
1.55500000E+2	6.25376186E-9	2.59398694E-8	4.26073359E-7	2.80349351E-4
1.56000000E+2	4.59715328E-9	2.93227557E-8	5.04802782E-7	3.16910444E-4
1.56500000E+2	4.68506905E-9	2.68841254E-8	5.87740626E-7	2.90554552E-4
1.57000000E+2	5.02964212E-9	2.34525968E-8	3.67318875E-7	2.53467749E-4
1.57500000E+2	4.20160766E-9	3.14423129E-8	3.96934557E-7	3.39817902E-4
1.58000000E+2	5.21354268E-9	2.00333230E-8	4.48156177E-7	2.16513391E-4
1.58500000E+2	5.62583227E-9	2.43958379E-8	4.79846079E-7	2.63661980E-4
1.59000000E+2	5.34208620E-9	2.81131391E-8	4.99184256E-7	3.03837316E-4
1.59500000E+2	5.10428878E-9	2.01380733E-8	4.50177954E-7	2.17645497E-4
1.60000000E+2	2.05672818E-8	2.44485043E-8	4.11038608E-7	2.64231181E-4
1.60500000E+2	6.78118231E-9	2.75802576E-8	4.69027910E-7	2.98078113E-4
1.61000000E+2	4.98752327E-9	2.11835073E-8	3.78460522E-7	2.28944195E-4
1.61500000E+2	4.80225675E-9	2.72580767E-8	3.88244717E-7	2.94596090E-4
1.62000000E+2	4.68187165E-9	2.54994766E-8	4.79933727E-7	2.75589735E-4
1.62500000E+2	5.09623259E-9	2.46109626E-8	5.14376308E-7	2.65986975E-4
1.63000000E+2	5.51281690E-9	2.10332155E-8	4.13061432E-7	2.27319892E-4
1.63500000E+2	5.17681724E-9	2.26058705E-8	5.37044935E-7	2.44316616E-4
1.64000000E+2	5.50871830E-9	2.61929986E-8	4.36454048E-7	2.83085086E-4
1.64500000E+2	4.90392233E-9	2.13925648E-8	4.51081222E-7	2.31203618E-4
1.65000000E+2	2.20232315E-8	2.32291139E-8	4.08386568E-7	2.51052421E-4
1.65500000E+2	5.27444143E-9	2.38533377E-8	4.57848322E-7	2.57798821E-4
1.66000000E+2	4.18672552E-9	1.87018666E-8	4.61881164E-7	2.02123460E-4
1.66500000E+2	4.53251029E-9	2.31580619E-8	4.30865109E-7	2.50284515E-4
1.67000000E+2	5.09039648E-9	1.96039980E-8	5.05783824E-7	2.11873392E-4
1.67500000E+2	4.43503484E-9	2.28299962E-8	4.10232271E-7	2.46738891E-4
1.68000000E+2	5.68762584E-9	2.22639599E-8	3.74328526E-7	2.40621362E-4
1.68500000E+2	4.56456152E-9	2.35869734E-8	4.22136111E-7	2.54920045E-4
1.69000000E+2	4.63176167E-9	1.94099511E-8	4.37523284E-7	2.09776198E-4
1.69500000E+2	5.24075030E-9	1.95936682E-8	4.50071086E-7	2.11761751E-4
1.70000000E+2	3.02855014E-8	2.58098624E-8	4.36472296E-7	2.78944279E-4
1.70500000E+2	4.09508557E-9	1.94399191E-8	4.58377484E-7	2.10100083E-4
1.71000000E+2	6.11070587E-9	3.11362626E-8	4.63693008E-7	3.36510214E-4
1.71500000E+2	5.46335682E-9	2.28475313E-8	4.70776837E-7	2.46928405E-4
1.72000000E+2	4.73034975E-9	2.04385620E-8	4.24044547E-7	2.20893078E-4
1.72500000E+2	5.60871126E-9	2.81153091E-8	4.24611012E-7	3.03860769E-4
1.73000000E+2	3.95210855E-9	2.63895890E-8	4.70764716E-7	2.85209768E-4
1.73500000E+2	6.30599977E-9	2.36040356E-8	4.04336381E-7	2.55104448E-4
1.74000000E+2	4.95532823E-9	2.17658784E-8	3.62921841E-7	2.35238265E-4
1.74500000E+2	5.07797249E-9	1.94651966E-8	4.13739761E-7	2.10373274E-4
1.75000000E+2	2.60091846E-8	2.28307456E-8	3.92337226E-7	2.46746991E-4
1.75500000E+2	3.98484693E-9	2.89137737E-8	3.62476515E-7	3.12490305E-4
1.76000000E+2	4.67302854E-9	1.95128315E-8	3.47547712E-7	2.10888095E-4
1.76500000E+2	4.86422879E-9	2.40100162E-8	3.62081832E-7	2.59492149E-4
1.77000000E+2	7.23855012E-9	2.88977979E-8	4.38590559E-7	3.12317643E-4
1.77500000E+2	4.59048801E-9	3.18073335E-8	4.19345269E-7	3.43762922E-4
1.78000000E+2	6.04748255E-9	2.33788641E-8	6.43018294E-7	2.52670870E-4
1.78500000E+2	1.01119377E-8	1.85437146E-8	5.53881643E-7	2.00414207E-4
1.79000000E+2	7.41719729E-9	1.87072536E-8	4.25403634E-7	2.02181681E-4
1.79500000E+2	5.81398301E-9	2.26168080E-8	4.62796079E-7	2.44434826E-4
1.80000000E+2	2.16751548E-8	2.28315134E-8	4.66409168E-7	2.46755289E-4
1.80500000E+2	5.96929361E-9	2.37185959E-8	4.50643604E-7	2.56342577E-4
1.81000000E+2	5.13920855E-9	2.20541942E-8	4.24600019E-7	2.38354285E-4
1.81500000E+2	6.35722741E-9	2.39118240E-8	4.99871445E-7	2.58430921E-4
1.82000000E+2	4.88905840E-9	2.10358490E-8	4.28170966E-7	2.27348355E-4
1.82500000E+2	5.98650874E-9	1.91821220E-8	4.34457310E-7	2.07313899E-4
1.83000000E+2	5.40256571E-9	2.52430205E-8	3.76404620E-7	2.72818043E-4
1.83500000E+2	6.28590675E-9	2.20333959E-8	3.76663606E-7	2.38129504E-4
1.84000000E+2	7.49606587E-9	2.64075063E-8	4.45447560E-7	2.85403413E-4
1.84500000E+2	4.08447895E-9	2.25756451E-8	3.86015623E-7	2.43989951E-4
1.85000000E+2	1.84747647E-8	3.12151838E-8	3.69883005E-7	3.37363168E-4
1.85500000E+2	4.16240421E-9	2.39343120E-8	4.67453474E-7	2.58673963E-4
1.86000000E+2	5.13766641E-9	1.89834094E-8	3.78019018E-7	2.05166280E-4
1.86500000E+2	4.50198333E-9	1.90480664E-8	4.10689389E-7	2.05865071E-4
1.87000000E+2	4.40919908E-9	2.02698727E-8	4.22340883E-7	2.19069941E-4
1.87500000E+2	4.63470425E-9	1.95544913E-8	3.61952039E-7	2.11338340E-4
1.88000000E+2	3.97230921E-9	2.22070743E-8	4.00175363E-7	2.40006562E-4
1.88500000E+2	4.17923948E-9	1.89963481E-8	4.25485204E-7	2.05306117E-4
1.89000000E+2	4.89603871E-9	1.96286416E-8	3.44266543E-7	2.12139732E-4
1.89500000E+2	4.71432015E-9	2.24700763E-8	4.13621138E-7	2.42848998E-4
1.90000000E+2	4.81229583E-8	2.66111530E-8	3.37672204E-7	2.87604358E-4
1.90500000E+2	6.24461036E-9	3.91526263E-8	3.59675596E-7	4.23148367E-4
1.91000000E+2	5.63556298E-9	2.27038164E-8	3.60052479E-7	2.45375182E-4
1.91500000E+2	4.76672646E-9	3.21079415E-8	4.38247935E-7	3.47011791E-4
1.92000000E+2	6.51209266E-9	1.90132357E-8	3.65507061E-7	2.05488633E-4
1.92500000E+2	5.72113412E-9	2.12145879E-8	4.07051024E-7	2.29280104E-4
1.93000000E+2	6.20866199E-9	1.97622065E-8	3.59786417E-7	2.13583257E-4
1.93500000E+2	4.01472373E-9	2.19836954E-8	3.19423528E-7	2.37592359E-4
1.94000000E+2	4.91896741E-9	2.28124229E-8	4.39014551E-7	2.46548965E-4
1.94500000E+2	4.39138431E-9	2.08941139E-8	3.68246102E-7	2.25816529E-4
1.95000000E+2	3.58196530E-8	2.03293759E-8	4.42766699E-7	2.19713032E-4
1.95500000E+2	8.08064279E-9	2.58277618E-8	3.44294185E-7	2.79137730E-4
1.96000000E+2	5.12188855E-9	2.16246875E-8	3.97501602E-7	2.33712322E-4
1.96500000E+2	4.79680522E-9	2.10434698E-8	4.02129497E-7	2.27430717E-4
1.97000000E+2	4.51259712E-9	1.88901247E-8	3.62844775E-7	2.04158090E-4
1.97500000E+2	5.52200627E-9	2.34239668E-8	3.53133481E-7	2.53158325E-4
1.98000000E+2	4.89983968E-9	2.42470945E-8	3.44045590E-7	2.62054411E-4
1.98500000E+2	4.35594547E-9	2.45623782E-8	3.04528062E-7	2.65461892E-4
1.99000000E+2	4.27005450E-9	2.81474940E-8	3.96986930E-7	3.04208612E-4
1.99500000E+2	4.91179758E-9	2.31789827E-8	5.27271263E-7	2.50510620E-4
2.00000000E+2	2.76788721E-8	2.10691170E-8	1.11704611E-6	2.27707903E-4
2.00500000E+2	4.53732554E-9	2.42069911E-8	5.46780976E-7	2.61620988E-4
2.01000000E+2	7.37583296E-9	2.12099459E-8	3.77042813E-7	2.29229934E-4
2.01500000E+2	6.87779670E-9	2.01400392E-8	4.50856883E-7	2.17666744E-4
2.02000000E+2	5.79284484E-9	1.92072874E-8	4.29578837E-7	2.07585877E-4
2.02500000E+2	4.60208414E-9	1.90035282E-8	3.19008718E-7	2.05383717E-4
2.03000000E+2	5.39339395E-9	2.45018887E-8	3.98335939E-7	2.64808141E-4
2.03500000E+2	5.23865102E-9	2.17184591E-8	3.33104467E-7	2.34725773E-4
2.04000000E+2	6.05884348E-9	2.28421381E-8	3.67887151E-7	2.46870117E-4
2.04500000E+2	4.49995731E-9	2.85522958E-8	3.59370157E-7	3.08583573E-4
2.05000000E+2	1.97693303E-8	2.02918031E-8	4.41130559E-7	2.19306957E-4
2.05500000E+2	4.11913077E-9	2.10347245E-8	3.56844525E-7	2.27336201E-4
2.06000000E+2	5.28897405E-9	1.95048828E-8	3.43676537E-7	2.10802188E-4
2.06500000E+2	5.75867953E-9	1.88819994E-8	3.62819439E-7	2.04070275E-4
2.07000000E+2	4.85533813E-9	1.97098066E-8	3.81602256E-7	2.13016936E-4
2.07500000E+2	4.91432527E-9	2.21750031E-8	3.95403420E-7	2.39659947E-4
2.08000000E+2	5.67053529E-9	2.36626048E-8	4.09704227E-7	2.55737445E-4
2.08500000E+2	4.67013922E-9	2.29537193E-8	4.08049877E-7	2.48076049E-4
2.09000000E+2	5.65993162E-9	1.95848747E-8	3.70757504E-7	2.11666714E-4
2.09500000E+2	6.61959126E-9	2.15854181E-8	3.06569106E-7	2.33287912E-4
2.10000000E+2	2.55061001E-8	3.26550764E-8	3.92209588E-7	3.52925041E-4
2.10500000E+2	5.52273702E-9	2.18277722E-8	3.28677149E-7	2.35907193E-4
2.11000000E+2	6.03557788E-9	2.13612806E-8	4.12493614E-7	2.30865509E-4
2.11500000E+2	5.64527100E-9	2.87163743E-8	3.58061424E-7	3.10356879E-4
2.12000000E+2	5.53171866E-9	1.90141037E-8	3.41443754E-7	2.05498014E-4
2.12500000E+2	4.37433204E-9	2.49232719E-8	3.80214153E-7	2.69362308E-4
2.13000000E+2	5.58908404E-9	1.83602431E-8	3.30014235E-7	1.98431309E-4
2.13500000E+2	7.95128580E-9	2.30054231E-8	4.34318829E-7	2.48634846E-4
2.14000000E+2	4.01868768E-9	2.76359973E-8	4.54722596E-7	2.98680529E-4
2.14500000E+2	4.69158698E-9	2.02594498E-8	4.13353034E-7	2.18957293E-4
2.15000000E+2	2.93264819E-8	2.23886464E-8	4.03451534E-7	2.41968932E-4
2.15500000E+2	8.37640547E-9	2.51151610E-8	3.36986744E-7	2.71436181E-4
2.16000000E+2	4.50046575E-9	2.56107840E-8	3.55687471E-7	2.76792707E-4
2.16500000E+2	4.65054035E-9	2.14485589E-8	3.46268595E-7	2.31808783E-4
2.17000000E+2	6.06708530E-9	1.90855106E-8	4.50503949E-7	2.06269755E-4
2.17500000E+2	4.65576359E-9	2.37796251E-8	3.72357536E-7	2.57002160E-4
2.18000000E+2	6.33523049E-9	1.95716473E-8	3.67655722E-7	2.11523756E-4
2.18500000E+2	4.16658324E-9	3.52093245E-8	3.87863009E-7	3.80530492E-4
2.19000000E+2	7.19192244E-9	1.76502778E-8	4.07146442E-7	1.90758244E-4
2.19500000E+2	4.21643162E-9	2.45099650E-8	3.57783042E-7	2.64895428E-4
2.20000000E+2	4.17435301E-8	2.29414929E-8	3.52287540E-7	2.47943910E-4
2.20500000E+2	4.56232189E-9	1.99710283E-8	3.81994842E-7	2.15840132E-4
2.21000000E+2	4.91757031E-9	2.07183159E-8	4.46321601E-7	2.23916564E-4
2.21500000E+2	6.03226820E-9	1.97282290E-8	4.47860092E-7	2.13216038E-4
2.22000000E+2	5.92935686E-9	2.49248325E-8	3.14350652E-7	2.69379175E-4
2.22500000E+2	3.78427855E-9	2.03951192E-8	3.26200452E-7	2.20423563E-4
2.23000000E+2	4.44990332E-9	1.91646747E-8	4.57456391E-7	2.07125334E-4
2.23500000E+2	5.36704263E-9	2.59259985E-8	4.92888044E-7	2.80199439E-4
2.24000000E+2	5.05093612E-9	1.91903254E-8	3.46537171E-7	2.07402558E-4
2.24500000E+2	5.00473021E-9	2.38220728E-8	2.95481440E-7	2.57460920E-4
2.25000000E+2	3.41166422E-8	1.94906252E-8	3.40406786E-7	2.10648097E-4
2.25500000E+2	4.73301172E-9	3.27608591E-8	3.88406879E-7	3.54068305E-4
2.26000000E+2	5.33460970E-9	2.26927108E-8	4.12704054E-7	2.45255157E-4
2.26500000E+2	5.32476955E-9	1.99385575E-8	3.00777230E-7	2.15489198E-4
2.27000000E+2	4.73000421E-9	2.05155899E-8	3.17996900E-7	2.21725569E-4
2.27500000E+2	4.64513936E-9	3.46978572E-8	3.21263783E-7	3.75002727E-4
2.28000000E+2	6.41077080E-9	1.86094327E-8	4.03490263E-7	2.01124466E-4
2.28500000E+2	5.00701132E-9	2.27671649E-8	3.29636665E-7	2.46059832E-4
2.29000000E+2	6.48306773E-9	2.05599830E-8	3.27482270E-7	2.22205356E-4
2.29500000E+2	5.29360991E-9	3.65414217E-8	3.07989967E-7	3.94927349E-4
2.30000000E+2	4.29707757E-8	2.31571775E-8	6.61585250E-7	2.50274956E-4
2.30500000E+2	4.33268356E-9	1.88400898E-8	4.71462781E-7	2.03617330E-4
2.31000000E+2	6.62898582E-9	2.19522620E-8	4.07220801E-7	2.37252636E-4
2.31500000E+2	4.67799123E-9	2.50106542E-8	3.83041822E-7	2.70306707E-4
2.32000000E+2	4.49817541E-9	2.25781586E-8	4.06431863E-7	2.44017115E-4
2.32500000E+2	5.15121026E-9	2.17673723E-8	3.61996958E-7	2.35254411E-4
2.33000000E+2	4.94039640E-9	1.95265770E-8	3.44601536E-7	2.11036652E-4
2.33500000E+2	4.55176029E-9	2.21824720E-8	3.94636540E-7	2.39740668E-4
2.34000000E+2	4.99749417E-9	2.06526875E-8	3.09704585E-7	2.23207274E-4
2.34500000E+2	4.77354257E-9	1.88270113E-8	3.18717580E-7	2.03475982E-4
2.35000000E+2	4.61261116E-8	1.94254441E-8	3.19394374E-7	2.09943641E-4
2.35500000E+2	5.11972753E-9	2.02247245E-8	3.66854504E-7	2.18581995E-4
2.36000000E+2	4.37574200E-9	2.63975486E-8	3.01433937E-7	2.85295793E-4
2.36500000E+2	5.01383560E-9	1.92255570E-8	3.88679713E-7	2.07783329E-4
2.37000000E+2	7.67695058E-9	2.62502679E-8	3.98504499E-7	2.83704033E-4
2.37500000E+2	5.02402083E-9	2.10172177E-8	3.15956640E-7	2.27146993E-4
2.38000000E+2	4.72059885E-9	2.09783290E-8	3.75961450E-7	2.26726698E-4
2.38500000E+2	4.73762779E-9	2.10873987E-8	3.03654682E-7	2.27905486E-4
2.39000000E+2	5.77628761E-9	2.02545736E-8	3.92317727E-7	2.18904594E-4
2.39500000E+2	5.39177207E-9	2.56439098E-8	4.04324654E-7	2.77150720E-4
2.40000000E+2	2.90501003E-8	3.34962419E-8	3.35997545E-7	3.62016074E-4
2.40500000E+2	4.77743609E-9	2.39143124E-8	2.81147932E-7	2.58457814E-4
2.41000000E+2	6.54731364E-9	2.11388999E-8	3.70937593E-7	2.28462093E-4
2.41500000E+2	6.21824127E-9	2.94019401E-8	4.05861119E-7	3.17766243E-4
2.42000000E+2	6.01918480E-9	2.03550288E-8	3.41109455E-7	2.19990280E-4
2.42500000E+2	5.79144801E-9	2.02446983E-8	4.30327233E-7	2.18797864E-4
2.43000000E+2	3.83961192E-9	1.97071087E-8	3.49659793E-7	2.12987777E-4
2.43500000E+2	6.16800664E-9	1.89886319E-8	3.51324835E-7	2.05222723E-4
2.44000000E+2	6.60378200E-9	2.39544227E-8	3.83843161E-7	2.58891313E-4
2.44500000E+2	5.34366239E-9	1.91548940E-8	4.08410809E-7	2.07019628E-4
2.45000000E+2	1.52047989E-8	2.00150855E-8	3.22756172E-7	2.16316287E-4
2.45500000E+2	5.89767419E-9	2.15898509E-8	4.74207054E-7	2.33335820E-4
2.46000000E+2	4.78615416E-9	2.10056875E-8	4.21262803E-7	2.27022379E-4
2.46500000E+2	5.14515277E-9	1.93594651E-8	4.93365076E-7	2.09230563E-4
2.47000000E+2	4.86700599E-9	2.80604359E-8	4.69676667E-7	3.03267718E-4
2.47500000E+2	4.01601681E-9	2.37788817E-8	4.22903963E-7	2.56994126E-4
2.48000000E+2	4.26323620E-9	1.94374343E-8	4.90147582E-7	2.10073227E-4
2.48500000E+2	4.70566177E-9	2.64461825E-8	6.66838118E-7	2.85821412E-4
2.49000000E+2	5.29077361E-9	1.62248848E-8	6.16921814E-7	1.75353078E-4
2.49500000E+2	4.46521660E-9	1.81398026E-8	8.52886497E-7	1.96048863E-4
2.50000000E+2	2.74015926E-8	3.25360676E-8	7.44354607E-6	3.51638835E-4
2.50500000E+2	4.95713476E-9	2.44102968E-8	1.17454420E-6	2.63818247E-4
2.51000000E+2	4.13983326E-9	1.97940883E-8	6.07597434E-7	2.13927824E-4
2.51500000E+2	5.20026379E-9	2.01303917E-8	4.56613388E-7	2.17562477E-4
2.52000000E+2	4.37132431E-9	2.14906203E-8	3.88703694E-7	2.32263369E-4
2.52500000E+2	4.24081860E-9	1.85470917E-8	3.61060381E-7	2.00450705E-4
2.53000000E+2	4.35017554E-9	2.17784868E-8	3.26751706E-7	2.35374533E-4
2.53500000E+2	5.73981447E-9	1.99690064E-8	3.31680075E-7	2.15818279E-4
2.54000000E+2	4.60949369E-9	2.05100502E-8	3.11095830E-7	2.21665699E-4
2.54500000E+2	4.55973227E-9	1.82340211E-8	2.85148181E-7	1.97067144E-4
2.55000000E+2	3.08582180E-8	2.13166735E-8	3.88015757E-7	2.30383410E-4
2.55500000E+2	5.71011505E-9	2.41750144E-8	3.37946161E-7	2.61275394E-4
2.56000000E+2	4.67760204E-9	2.41035789E-8	2.70719020E-7	2.60503343E-4
2.56500000E+2	4.75998055E-9	1.92428994E-8	2.88972459E-7	2.07970760E-4
2.57000000E+2	5.97813568E-9	2.49249043E-8	3.31903800E-7	2.69379951E-4
2.57500000E+2	4.75907645E-9	1.85736262E-8	2.88205005E-7	2.00737482E-4
2.58000000E+2	4.45311059E-9	2.32047755E-8	2.79111755E-7	2.50789380E-4
2.58500000E+2	5.02804259E-9	2.27192520E-8	3.91027993E-7	2.45542006E-4
2.59000000E+2	5.09247682E-9	1.90773781E-8	3.14338845E-7	2.06181862E-4
2.59500000E+2	4.40638691E-9	2.23060934E-8	3.21743063E-7	2.41076727E-4
2.60000000E+2	2.12006045E-8	1.89708027E-8	3.46544108E-7	2.05030031E-4
2.60500000E+2	4.34065085E-9	1.99359216E-8	3.39733114E-7	2.15460710E-4
2.61000000E+2	5.37767318E-9	2.26861117E-8	3.41933282E-7	2.45183837E-4
2.61500000E+2	4.35018842E-9	2.08010382E-8	2.82817626E-7	2.24810598E-4
2.62000000E+2	4.46685949E-9	2.37582782E-8	3.24308421E-7	2.56771449E-4
2.62500000E+2	4.28245124E-9	2.20129090E-8	3.19699311E-7	2.37908089E-4
2.63000000E+2	4.55979473E-9	1.89105735E-8	2.77855931E-7	2.04379095E-4
2.63500000E+2	5.40071110E-9	1.80306114E-8	3.46206022E-7	1.94868761E-4
2.64000000E+2	6.07284017E-9	1.95016037E-8	2.93711328E-7	2.10766749E-4
2.64500000E+2	4.89920231E-9	1.86986348E-8	6.19079943E-7	2.02088533E-4
2.65000000E+2	1.99044496E-8	2.59310518E-8	3.41943271E-7	2.80254053E-4
2.65500000E+2	5.05784161E-9	1.87423001E-8	3.22308167E-7	2.02560452E-4
2.66000000E+2	6.20699687E-9	1.92201890E-8	3.43357985E-7	2.07725314E-4
2.66500000E+2	4.93820736E-9	2.10610889E-8	3.50178868E-7	2.27621139E-4
2.67000000E+2	4.24029431E-9	1.95898666E-8	2.82171986E-7	2.11720665E-4
2.67500000E+2	4.39949376E-9	2.78728221E-8	2.71233764E-7	3.01240051E-4
2.68000000E+2	5.49141556E-9	2.49582217E-8	3.43980454E-7	2.69740034E-4
2.68500000E+2	6.76391906E-9	2.61066970E-8	3.37077055E-7	2.82152368E-4
2.69000000E+2	4.50604040E-9	1.89712674E-8	2.90489554E-7	2.05035053E-4
2.69500000E+2	4.40717668E-9	3.14717784E-8	2.72543521E-7	3.40136356E-4
2.70000000E+2	1.46788316E-8	2.18453700E-8	2.95939949E-7	2.36097384E-4
2.70500000E+2	7.19036105E-9	2.18534641E-8	2.67897441E-7	2.36184863E-4
2.71000000E+2	6.27606480E-9	1.82059760E-8	3.45881536E-7	1.96764043E-4
2.71500000E+2	5.95303387E-9	2.08136769E-8	3.32031561E-7	2.24947194E-4
2.72000000E+2	5.78249684E-9	2.11765053E-8	3.21366143E-7	2.28868520E-4
2.72500000E+2	4.56978465E-9	1.84994843E-8	3.55038061E-7	1.99936181E-4
2.73000000E+2	4.91075858E-9	1.82735409E-8	3.98780836E-7	1.97494261E-4
2.73500000E+2	4.39093673E-9	2.28170366E-8	3.60832414E-7	2.46598829E-4
2.74000000E+2	6.33052327E-9	1.86817717E-8	3.45524590E-7	2.01906282E-4
2.74500000E+2	4.32726387E-9	2.59021543E-8	3.19294202E-7	2.79941739E-4
2.75000000E+2	3.66345320E-8	2.36468199E-8	4.17299493E-7	2.55566846E-4
2.75500000E+2	4.29108945E-9	2.35686439E-8	2.92179763E-7	2.54721947E-4
2.76000000E+2	4.95781667E-9	2.15249775E-8	2.64626654E-7	2.32634690E-4
2.76500000E+2	5.00335885E-9	2.49959708E-8	3.25390806E-7	2.70148013E-4
2.77000000E+2	4.93896198E-9	1.94717723E-8	4.47628882E-7	2.10444342E-4
2.77500000E+2	5.48718215E-9	1.94105919E-8	3.80877318E-7	2.09783124E-4
2.78000000E+2	5.13074740E-9	2.10526985E-8	2.92354105E-7	2.27530458E-4
2.78500000E+2	4.69940446E-9	2.33828247E-8	2.94693310E-7	2.52713675E-4
2.79000000E+2	4.77717319E-9	1.83885905E-8	3.34173139E-7	1.98737678E-4
2.79500000E+2	5.38398776E-9	2.05167285E-8	3.03883418E-7	2.21737875E-4
2.80000000E+2	3.37300064E-8	2.00073594E-8	3.08126940E-7	2.16232786E-4
2.80500000E+2	8.63132628E-9	2.36068771E-8	3.73500436E-7	2.55135158E-4
2.81000000E+2	5.99327148E-9	2.35285163E-8	3.06494471E-7	2.54288261E-4
2.81500000E+2	6.08079347E-9	2.09518312E-8	2.88430891E-7	2.26440319E-4
2.82000000E+2	4.87937526E-9	1.67557111E-8	3.35333279E-7	1.81090068E-4
2.82500000E+2	4.17607837E-9	1.99608107E-8	3.87680963E-7	2.15729704E-4
2.83000000E+2	3.96803661E-9	2.12086792E-8	3.62970136E-7	2.29216245E-4
2.83500000E+2	6.17522239E-9	2.26306216E-8	3.88466447E-7	2.44584118E-4
2.84000000E+2	5.94615646E-9	1.80851692E-8	2.59383862E-7	1.95458403E-4
2.84500000E+2	5.42107601E-9	2.17971422E-8	3.10543262E-7	2.35576154E-4
2.85000000E+2	2.70396854E-8	2.64588533E-8	2.90654945E-7	2.85958354E-4
2.85500000E+2	4.14812203E-9	1.85024413E-8	3.27760911E-7	1.99968139E-4
2.86000000E+2	6.12331349E-9	2.55580831E-8	2.96405619E-7	2.76223133E-4
2.86500000E+2	4.37864763E-9	2.79567952E-8	3.71832647E-7	3.02147604E-4
2.87000000E+2	5.01731998E-9	1.78561631E-8	3.22681212E-7	1.92983383E-4
2.87500000E+2	4.33206306E-9	2.03999973E-8	3.26123846E-7	2.20476283E-4
2.88000000E+2	4.72559628E-9	2.65404809E-8	3.10175809E-7	2.86840558E-4
2.88500000E+2	5.65648104E-9	1.78489001E-8	3.32821409E-7	1.92904886E-4
2.89000000E+2	5.39494071E-9	2.31920029E-8	2.68067647E-7	2.50651338E-4
2.89500000E+2	5.08715442E-9	2.24420471E-8	3.25599543E-7	2.42546068E-4
2.90000000E+2	2.73243399E-8	1.86663756E-8	2.53740141E-7	2.01739886E-4
2.90500000E+2	4.51462187E-9	1.99003533E-8	3.29381218E-7	2.15076299E-4
2.91000000E+2	4.02040583E-9	1.66624122E-8	2.80274509E-7	1.80081726E-4
2.91500000E+2	4.88427939E-9	3.16232879E-8	3.28006101E-7	3.41773820E-4
2.92000000E+2	4.62493768E-9	2.02790185E-8	3.34459975E-7	2.19168786E-4
2.92500000E+2	5.07250766E-9	2.25824315E-8	2.67824831E-7	2.44063296E-4
2.93000000E+2	5.64059846E-9	2.49462926E-8	2.85976331E-7	2.69611108E-4
2.93500000E+2	6.11539032E-9	1.72464242E-8	3.20661939E-7	1.86393530E-4
2.94000000E+2	5.19668087E-9	2.67547526E-8	4.37219539E-7	2.89156334E-4
2.94500000E+2	5.14803865E-9	2.34421226E-8	3.19942607E-7	2.53354547E-4
2.95000000E+2	2.44912810E-8	1.71513608E-8	3.10844945E-7	1.85366118E-4
2.95500000E+2	3.79103306E-9	2.16498714E-8	3.24508676E-7	2.33984501E-4
2.96000000E+2	4.61686691E-9	1.86616969E-8	2.73218696E-7	2.01689320E-4
2.96500000E+2	4.42336970E-9	1.96117972E-8	2.59431233E-7	2.11957683E-4
2.97000000E+2	4.25173726E-9	2.31566158E-8	3.20360293E-7	2.50268886E-4
2.97500000E+2	4.58186645E-9	1.66671490E-8	2.68328309E-7	1.80132919E-4
2.98000000E+2	4.36782317E-9	1.84210928E-8	2.80979656E-7	1.99088952E-4
2.98500000E+2	6.99352063E-9	2.82641951E-8	2.75074229E-7	3.05469878E-4
2.99000000E+2	5.56969248E-9	2.61782226E-8	2.84863469E-7	2.82925392E-4
2.99500000E+2	5.28875633E-9	2.34841533E-8	4.28478375E-7	2.53808800E-4
3.00000000E+2	2.69245844E-8	1.98027736E-8	5.20708992E-7	2.14021691E-4
3.00500000E+2	7.25312827E-9	2.73403467E-8	2.97054946E-7	2.95485237E-4
3.01000000E+2	5.32823474E-9	2.29527206E-8	3.63863658E-7	2.48065256E-4
3.01500000E+2	5.67824221E-9	1.92578232E-8	2.67357322E-7	2.08132052E-4
3.02000000E+2	4.50395238E-9	1.88611736E-8	3.05622343E-7	2.03845196E-4
3.02500000E+2	5.06636349E-9	1.84683961E-8	3.16991399E-7	1.99600190E-4
3.03000000E+2	4.71967729E-9	2.13739533E-8	2.63812257E-7	2.31002472E-4
3.03500000E+2	5.16747579E-9	2.72652932E-8	2.90329591E-7	2.94674084E-4
3.04000000E+2	6.35851918E-9	2.26721383E-8	3.11633478E-7	2.45032817E-4
3.04500000E+2	4.46443507E-9	2.61619587E-8	4.19763024E-7	2.82749617E-4
3.05000000E+2	2.34828997E-8	3.29865858E-8	3.32058477E-7	3.56507883E-4
3.05500000E+2	4.80133251E-9	1.66972106E-8	3.12510604E-7	1.80457815E-4
3.06000000E+2	4.40004573E-9	2.28366750E-8	2.68407538E-7	2.46811074E-4
3.06500000E+2	3.89943722E-9	2.56557072E-8	3.04183379E-7	2.77278222E-4
3.07000000E+2	5.53428152E-9	2.67832695E-8	3.02471286E-7	2.89464534E-4
3.07500000E+2	4.23664849E-9	2.58579510E-8	3.40218564E-7	2.79464005E-4
3.08000000E+2	5.21363810E-9	1.88695919E-8	2.56931265E-7	2.03936178E-4
3.08500000E+2	5.43112646E-9	1.92304330E-8	3.25995747E-7	2.07836028E-4
3.09000000E+2	4.96759624E-9	2.45162515E-8	3.26279582E-7	2.64963369E-4
3.09500000E+2	4.98173205E-9	2.30594436E-8	3.71857160E-7	2.49218681E-4
3.10000000E+2	2.96237179E-8	1.96621347E-8	3.01731629E-7	2.12501714E-4
3.10500000E+2	4.22454632E-9	1.98595869E-8	3.19387794E-7	2.14635711E-4
3.11000000E+2	5.35286957E-9	2.16774287E-8	2.75822082E-7	2.34282331E-4
3.11500000E+2	7.32619090E-9	1.94364706E-8	2.66065753E-7	2.10062812E-4
3.12000000E+2	4.42293806E-9	1.84241933E-8	3.23753724E-7	1.99122461E-4
3.12500000E+2	8.24199388E-9	2.02917549E-8	3.34053026E-7	2.19306437E-4
3.13000000E+2	8.67973247E-9	2.86265917E-8	2.43907186E-7	3.09386538E-4
3.13500000E+2	5.40725793E-9	2.42537396E-8	2.49636034E-7	2.62126230E-4
3.14000000E+2	4.05649656E-9	2.12083571E-8	2.91816126E-7	2.29212764E-4
3.14500000E+2	4.79005245E-9	1.99961518E-8	2.52469860E-7	2.16111658E-4
3.15000000E+2	3.38860113E-8	2.34899366E-8	2.43259767E-7	2.53871305E-4
3.15500000E+2	5.70160480E-9	2.43188202E-8	3.48021275E-7	2.62829599E-4
3.16000000E+2	4.38802532E-9	2.62882383E-8	2.77149102E-7	2.84114405E-4
3.16500000E+2	5.62685867E-9	2.04666134E-8	3.57239610E-7	2.21196248E-4
3.17000000E+2	4.25579254E-9	1.67195995E-8	3.24867139E-7	1.80699786E-4
3.17500000E+2	4.76002205E-9	1.70867094E-8	3.42342317E-7	1.84667387E-4
3.18000000E+2	5.69035491E-9	2.16777658E-8	2.83592827E-7	2.34285974E-4
3.18500000E+2	4.30618823E-9	1.97289547E-8	3.32607021E-7	2.13223882E-4
3.19000000E+2	4.62608539E-9	2.09325520E-8	3.06920856E-7	2.26231955E-4
3.19500000E+2	4.46491222E-9	2.03268195E-8	3.27104320E-7	2.19685403E-4
3.20000000E+2	2.54862682E-8	2.26971881E-8	3.43717112E-7	2.45303546E-4
3.20500000E+2	5.87583346E-9	1.97590205E-8	3.58167390E-7	2.13548823E-4
3.21000000E+2	6.09299406E-9	2.07198190E-8	2.75269616E-7	2.23932808E-4
3.21500000E+2	6.34513126E-9	2.13158247E-8	3.14341473E-7	2.30374237E-4
3.22000000E+2	4.64070536E-9	3.08082721E-8	2.45755689E-7	3.32965404E-4
3.22500000E+2	4.53061685E-9	1.70186723E-8	3.20291807E-7	1.83932065E-4
3.23000000E+2	4.87896518E-9	1.87882905E-8	3.41530998E-7	2.03057501E-4
3.23500000E+2	4.30530089E-9	2.65684204E-8	3.29311380E-7	2.87142519E-4
3.24000000E+2	4.90410910E-9	2.19046178E-8	2.87406809E-7	2.36737714E-4
3.24500000E+2	4.91854486E-9	2.44954306E-8	2.81388161E-7	2.64738344E-4
3.25000000E+2	1.77589610E-8	2.33778870E-8	4.12503607E-7	2.52660311E-4
3.25500000E+2	4.43498640E-9	2.33712524E-8	2.69523328E-7	2.52588606E-4
3.26000000E+2	5.08116027E-9	1.92150537E-8	2.63565110E-7	2.07669813E-4
3.26500000E+2	4.47239608E-9	1.87636309E-8	2.65489963E-7	2.02790988E-4
3.27000000E+2	4.90884562E-9	2.24368230E-8	2.92148391E-7	2.42489609E-4
3.27500000E+2	5.32955409E-9	1.93455066E-8	3.42463267E-7	2.09079704E-4
3.28000000E+2	4.62076789E-9	1.88542970E-8	2.50341506E-7	2.03770876E-4
3.28500000E+2	4.35590882E-9	2.37215179E-8	4.00848924E-7	2.56374157E-4
3.29000000E+2	6.72150473E-9	2.50978069E-8	3.25341095E-7	2.71248624E-4
3.29500000E+2	4.63572964E-9	1.98726700E-8	2.64746532E-7	2.14777109E-4
3.30000000E+2	3.22809372E-8	2.01509908E-8	3.18788861E-7	2.17785106E-4
3.30500000E+2	4.25513975E-9	1.54597609E-8	3.64746416E-7	1.67083877E-4
3.31000000E+2	5.78573468E-9	1.93364525E-8	2.96322041E-7	2.08981850E-4
3.31500000E+2	5.96986526E-9	2.06896786E-8	2.92901522E-7	2.23607061E-4
3.32000000E+2	4.45302525E-9	1.84808600E-8	2.78685280E-7	1.99734896E-4
3.32500000E+2	6.12451507E-9	2.11224984E-8	2.99080985E-7	2.28284832E-4
3.33000000E+2	4.31529457E-9	1.87083523E-8	4.89648334E-7	2.02193556E-4
3.33500000E+2	4.74520419E-9	1.84448218E-8	5.92079844E-7	1.99345407E-4
3.34000000E+2	5.22324299E-9	2.33726143E-8	2.85315524E-7	2.52603324E-4
3.34500000E+2	5.49095961E-9	1.69329848E-8	2.34449620E-7	1.83005983E-4
3.35000000E+2	1.96353787E-8	1.87078072E-8	2.30562242E-7	2.02187664E-4
3.35500000E+2	6.06453616E-9	1.88887611E-8	2.60595700E-7	2.04143354E-4
3.36000000E+2	4.09785793E-9	1.94967395E-8	2.87454452E-7	2.10714178E-4
3.36500000E+2	4.77146467E-9	1.72017514E-8	2.87707009E-7	1.85910721E-4
3.37000000E+2	5.80821665E-9	2.93604327E-8	3.19640711E-7	3.17317645E-4
3.37500000E+2	5.03394641E-9	1.67252130E-8	2.75876525E-7	1.80760455E-4
3.38000000E+2	4.56978984E-9	2.04569485E-8	2.50222128E-7	2.21091793E-4
3.38500000E+2	6.48700832E-9	1.66596521E-8	2.83207837E-7	1.80051895E-4
3.39000000E+2	4.95620996E-9	1.92163838E-8	3.19475771E-7	2.07684188E-4
3.39500000E+2	4.80547089E-9	2.04382395E-8	2.40388917E-7	2.20889592E-4
3.40000000E+2	2.50735771E-8	2.55223371E-8	3.11105163E-7	2.75836803E-4
3.40500000E+2	4.68617883E-9	2.15328212E-8	3.03599436E-7	2.32719462E-4
3.41000000E+2	4.58018940E-9	1.80508722E-8	2.73012652E-7	1.95087733E-4
3.41500000E+2	4.48019738E-9	1.89216389E-8	2.91244350E-7	2.04498686E-4
3.42000000E+2	4.67851455E-9	2.61863896E-8	2.60775771E-7	2.83013658E-4
3.42500000E+2	4.45900727E-9	2.11267728E-8	2.47988587E-7	2.28331028E-4
3.43000000E+2	4.18813839E-9	1.78999687E-8	2.92987247E-7	1.93456818E-4
3.43500000E+2	5.24009255E-9	1.87615721E-8	2.85494060E-7	2.02768737E-4
3.44000000E+2	5.10001228E-9	1.83166145E-8	2.63005594E-7	1.97959786E-4
3.44500000E+2	4.32409359E-9	2.02152717E-8	2.54791462E-7	2.18479832E-4
3.45000000E+2	3.42825621E-8	2.47513600E-8	3.30795658E-7	2.67504343E-4
3.45500000E+2	3.68324175E-9	2.09486596E-8	2.73974224E-7	2.26406041E-4
3.46000000E+2	4.40014174E-9	2.01081725E-8	3.27663402E-7	2.17322339E-4
3.46500000E+2	5.04379002E-9	2.28597064E-8	3.33344469E-7	2.47059990E-4
3.47000000E+2	6.81839058E-9	2.43079784E-8	2.89138453E-7	2.62712424E-4
3.47500000E+2	3.80999783E-9	1.67426180E-8	3.88221571E-7	1.80948563E-4
3.48000000E+2	4.27816768E-9	1.96073134E-8	4.06300680E-7	2.11909224E-4
3.48500000E+2	6.75880623E-9	2.12761904E-8	4.06564673E-7	2.29945883E-4
3.49000000E+2	4.70620282E-9	2.29976228E-8	6.01854346E-7	2.48550543E-4
3.49500000E+2	6.68214736E-9	2.35366601E-8	9.70355246E-7	2.54376276E-4
3.50000000E+2	4.07263519E-8	2.39655117E-8	5.93243400E-6	2.59011160E-4
3.50500000E+2	4.62023472E-9	2.51620171E-8	1.43764873E-6	2.71942586E-4
3.51000000E+2	4.34468689E-9	2.01957047E-8	6.47956914E-7	2.18268358E-4
3.51500000E+2	5.73822088E-9	1.92616030E-8	4.56138484E-7	2.08172902E-4
3.52000000E+2	4.02725665E-9	1.73364624E-8	4.01789582E-7	1.87366633E-4
3.52500000E+2	5.77595245E-9	2.60369994E-8	3.48285102E-7	2.81399099E-4
3.53000000E+2	6.43928327E-9	1.68980710E-8	3.86713878E-7	1.82628646E-4
3.53500000E+2	7.51197745E-9	1.91045197E-8	2.81101419E-7	2.06475199E-4
3.54000000E+2	7.03021197E-9	2.05003504E-8	3.08877959E-7	2.21560866E-4
3.54500000E+2	4.85196007E-9	2.35769644E-8	3.43562286E-7	2.54811871E-4
3.55000000E+2	2.61736827E-8	1.88191103E-8	3.18942263E-7	2.03390591E-4
3.55500000E+2	5.58339857E-9	2.32544219E-8	4.07702455E-7	2.51325941E-4
3.56000000E+2	4.77308621E-9	1.99057156E-8	2.96009139E-7	2.15134254E-4
3.56500000E+2	4.30101993E-9	1.89471198E-8	2.87351466E-7	2.04774075E-4
3.57000000E+2	5.07545151E-9	1.98196250E-8	2.94324399E-7	2.14203816E-4
3.57500000E+2	6.57478963E-9	1.86727008E-8	2.46682896E-7	2.01808246E-4
3.58000000E+2	4.49570467E-9	2.09866297E-8	2.96804158E-7	2.26816409E-4
3.58500000E+2	5.29836893E-9	1.81310288E-8	3.55737823E-7	1.95954038E-4
3.59000000E+2	3.93119557E-9	1.90736713E-8	2.52456030E-7	2.06141800E-4
3.59500000E+2	4.67453365E-9	2.27117824E-8	2.63561590E-7	2.45461276E-4
3.60000000E+2	3.68188886E-8	2.74886259E-8	3.38067997E-7	2.97087788E-4
3.60500000E+2	4.85896221E-9	1.93224084E-8	2.71210694E-7	2.08830067E-4
3.61000000E+2	5.73181885E-9	1.94037810E-8	2.29745187E-7	2.09709515E-4
3.61500000E+2	4.12095629E-9	2.01716173E-8	2.43694356E-7	2.18008030E-4
3.62000000E+2	4.24035366E-9	1.82413630E-8	3.27456824E-7	1.97146493E-4
3.62500000E+2	5.68972156E-9	1.99014072E-8	3.11454349E-7	2.15087690E-4
3.63000000E+2	4.70532243E-9	1.93283766E-8	2.73307146E-7	2.08894569E-4
3.63500000E+2	5.42518758E-9	1.93416037E-8	2.82378586E-7	2.09037523E-4
3.64000000E+2	5.10506809E-9	2.11397326E-8	2.53606913E-7	2.28471093E-4
3.64500000E+2	5.58304466E-9	2.00691625E-8	2.87064077E-7	2.16900733E-4
3.65000000E+2	2.50635095E-8	1.77843157E-8	3.15786097E-7	1.92206880E-4
3.65500000E+2	6.13478201E-9	1.82981952E-8	3.09067821E-7	1.97760716E-4
3.66000000E+2	5.37849339E-9	2.86691172E-8	2.98339323E-7	3.09846140E-4
3.66500000E+2	4.88319410E-9	2.12321785E-8	3.49984521E-7	2.29470217E-4
3.67000000E+2	5.97503695E-9	1.76359042E-8	2.83227221E-7	1.90602899E-4
3.67500000E+2	4.73921203E-9	1.76201590E-8	2.37474998E-7	1.90432730E-4
3.68000000E+2	7.48520684E-9	2.10094327E-8	2.46101031E-7	2.27062855E-4
3.68500000E+2	4.77402281E-9	2.34523555E-8	2.52264353E-7	2.53465141E-4
3.69000000E+2	6.58217745E-9	2.84107974E-8	4.02049136E-7	3.07054307E-4
3.69500000E+2	5.46508251E-9	2.43510798E-8	3.11283591E-7	2.63178249E-4
3.70000000E+2	2.79083004E-8	1.84442509E-8	2.66884965E-7	1.99339237E-4
3.70500000E+2	4.78681206E-9	1.77410557E-8	2.53996246E-7	1.91739340E-4
3.71000000E+2	7.23395777E-9	2.18512535E-8	2.70506095E-7	2.36160971E-4
3.71500000E+2	4.87583562E-9	1.92913461E-8	3.16321447E-7	2.08494356E-4
3.72000000E+2	4.48217916E-9	2.34940611E-8	2.42633157E-7	2.53915881E-4
3.72500000E+2	5.34294998E-9	2.86360964E-8	2.97300570E-7	3.09489262E-4
3.73000000E+2	4.67576960E-9	2.29782483E-8	2.72365698E-7	2.48341150E-4
3.73500000E+2	4.87304866E-9	2.05871961E-8	2.77729699E-7	2.22499465E-4
3.74000000E+2	6.12882649E-9	2.62303023E-8	3.32504494E-7	2.83488252E-4
3.74500000E+2	4.90205177E-9	1.79451299E-8	2.40129130E-7	1.93944906E-4
3.75000000E+2	2.31582050E-8	2.13537975E-8	2.44070738E-7	2.30784634E-4
3.75500000E+2	6.28335186E-9	1.95239682E-8	2.50173836E-7	2.11008457E-4
3.76000000E+2	5.04274370E-9	1.67666495E-8	2.85563904E-7	1.81208287E-4
3.76500000E+2	4.32080227E-9	1.83469765E-8	3.92727183E-7	1.98287928E-4
3.77000000E+2	8.18159167E-9	2.62992574E-8	3.57981245E-7	2.84233496E-4
3.77500000E+2	4.96867406E-9	2.05996001E-8	2.59594143E-7	2.22633523E-4
3.78000000E+2	6.31983289E-9	2.21469061E-8	4.23955384E-7	2.39356284E-4
3.78500000E+2	5.59712350E-9	2.01492645E-8	2.63433598E-7	2.17766448E-4
3.79000000E+2	6.07428116E-9	2.16971066E-8	2.57527903E-7	2.34495003E-4
3.79500000E+2	6.64699749E-9	1.86629334E-8	2.53460868E-7	2.01702684E-4
3.80000000E+2	2.23482720E-8	1.97561475E-8	2.55580255E-7	2.13517773E-4
3.80500000E+2	6.03752676E-9	1.84166810E-8	2.56478226E-7	1.99041271E-4
3.81000000E+2	7.74565853E-9	2.24913199E-8	2.47508307E-7	2.43078592E-4
3.81500000E+2	4.65599106E-9	1.77978000E-8	2.95089816E-7	1.92352614E-4
3.82000000E+2	4.84520209E-9	2.25460553E-8	2.86187463E-7	2.43670154E-4
3.82500000E+2	4.32736601E-9	1.96850878E-8	3.90182585E-7	2.12749783E-4
3.83000000E+2	4.44506118E-9	2.46758224E-8	2.28039404E-7	2.66687958E-4
3.83500000E+2	7.35393497E-9	2.47736145E-8	2.56117033E-7	2.67744861E-4
3.84000000E+2	4.61525001E-9	2.12894446E-8	3.68226819E-7	2.30089129E-4
3.84500000E+2	5.32834303E-9	2.50242292E-8	2.98462351E-7	2.70453421E-4
3.85000000E+2	2.56209797E-8	2.05496898E-8	3.17879483E-7	2.22094110E-4
3.85500000E+2	7.00347548E-9	2.74881651E-8	3.17645659E-7	2.97082808E-4
3.86000000E+2	4.24593381E-9	2.44890952E-8	3.52663839E-7	2.64669873E-4
3.86500000E+2	4.98798224E-9	2.00693806E-8	2.97494566E-7	2.16903090E-4
3.87000000E+2	6.42011688E-9	1.70695595E-8	2.62222643E-7	1.84482036E-4
3.87500000E+2	4.86741847E-9	2.17317530E-8	2.95635522E-7	2.34869450E-4
3.88000000E+2	5.19344318E-9	2.72539838E-8	2.16364560E-7	2.94551856E-4
3.88500000E+2	4.29421629E-9	1.57094145E-8	2.58363630E-7	1.69782049E-4
3.89000000E+2	5.88276640E-9	2.28347014E-8	3.27902533E-7	2.46789744E-4
3.89500000E+2	5.40562778E-9	2.62294029E-8	2.56994257E-7	2.83478531E-4
3.90000000E+2	4.18066358E-8	1.59273744E-8	2.55083701E-7	1.72137685E-4
3.90500000E+2	6.64733402E-9	2.05623040E-8	2.31314089E-7	2.22230440E-4
3.91000000E+2	5.25311487E-9	2.03348775E-8	2.30274939E-7	2.19772491E-4
3.91500000E+2	4.96267997E-9	2.03977045E-8	3.15841182E-7	2.20451504E-4
3.92000000E+2	4.61912496E-9	2.09021395E-8	3.22872618E-7	2.25903267E-4
3.92500000E+2	5.21498026E-9	3.12634242E-8	3.42778246E-7	3.37884534E-4
3.93000000E+2	6.37374648E-9	1.96620350E-8	2.38465736E-7	2.12500637E-4
3.93500000E+2	4.01538272E-9	2.18374094E-8	2.58409142E-7	2.36011348E-4
3.94000000E+2	4.24908435E-9	1.70012640E-8	3.61517927E-7	1.83743921E-4
3.94500000E+2	5.25586592E-9	1.61887355E-8	2.23569408E-7	1.74962388E-4
3.95000000E+2	2.61720304E-8	1.93353043E-8	2.90835193E-7	2.08969441E-4
3.95500000E+2	5.67293503E-9	3.11539712E-8	2.57031048E-7	3.36701603E-4
3.96000000E+2	5.19658373E-9	2.15582495E-8	2.53413662E-7	2.32994282E-4
3.96500000E+2	4.68460635E-9	1.94733199E-8	2.68708526E-7	2.10461067E-4
3.97000000E+2	4.70072513E-9	2.11607227E-8	2.72501227E-7	2.28697947E-4
3.97500000E+2	5.24241434E-9	1.98656191E-8	2.64478000E-7	2.14700904E-4
3.98000000E+2	4.44459842E-9	2.52561623E-8	2.78817788E-7	2.72960075E-4
3.98500000E+2	4.27313339E-9	2.85240361E-8	2.43298563E-7	3.08278152E-4
3.99000000E+2	6.79740529E-9	2.07449892E-8	2.76264492E-7	2.24204840E-4
3.99500000E+2	4.34710029E-9	2.20558286E-8	2.91810670E-7	2.38371949E-4
4.00000000E+2	2.39058882E-8	1.91261824E-8	3.95874809E-7	2.06709323E-4
4.00500000E+2	4.04015283E-9	1.86816470E-8	3.26397844E-7	2.01904934E-4
4.01000000E+2	8.13621030E-9	1.88823696E-8	3.26089895E-7	2.04074276E-4
4.01500000E+2	4.43131353E-9	2.10370550E-8	3.76758852E-7	2.27361388E-4
4.02000000E+2	4.65285806E-9	2.73288599E-8	2.71134860E-7	2.95361091E-4
4.02500000E+2	4.81699780E-9	2.65024007E-8	2.58244281E-7	2.86428999E-4
4.03000000E+2	6.10627112E-9	1.73605535E-8	2.88857723E-7	1.87627001E-4
4.03500000E+2	5.46853372E-9	1.91070940E-8	2.33063537E-7	2.06503022E-4
4.04000000E+2	4.08684886E-9	2.38004831E-8	2.93995506E-7	2.57227587E-4
4.04500000E+2	7.45293433E-9	1.63525249E-8	2.46966705E-7	1.76732568E-4
4.05000000E+2	3.19660397E-8	2.44098867E-8	2.23498314E-7	2.63813814E-4
4.05500000E+2	3.98458502E-9	1.75993238E-8	2.94628458E-7	1.90207550E-4
4.06000000E+2	4.80776538E-9	1.94931686E-8	2.74727489E-7	2.10675585E-4
4.06500000E+2	5.24524408E-9	2.20210131E-8	2.72584789E-7	2.37995675E-4
4.07000000E+2	5.03913330E-9	1.86549365E-8	2.81394697E-7	2.01616255E-4
4.07500000E+2	4.44148205E-9	2.17746550E-8	2.70276931E-7	2.35333120E-4
4.08000000E+2	5.49381196E-9	2.48924141E-8	2.44075286E-7	2.69028808E-4
4.08500000E+2	4.77958759E-9	1.93431554E-8	2.52745320E-7	2.09054293E-4
4.09000000E+2	6.15254813E-9	2.41085996E-8	2.19675887E-7	2.60557605E-4
4.09500000E+2	5.45795757E-9	1.74255810E-8	2.81773878E-7	1.88329797E-4
4.10000000E+2	3.72609591E-8	1.81335803E-8	2.30901872E-7	1.95981614E-4
4.10500000E+2	5.37098158E-9	1.49262982E-8	2.42653092E-7	1.61318391E-4
4.11000000E+2	4.26266906E-9	1.97753070E-8	2.55458892E-7	2.13724842E-4
4.11500000E+2	5.56063800E-9	2.21129359E-8	3.17661584E-7	2.38989146E-4
4.12000000E+2	5.47125966E-9	2.46714462E-8	2.99278649E-7	2.66640661E-4
4.12500000E+2	6.96080660E-9	2.30157015E-8	3.00014874E-7	2.48745932E-4
4.13000000E+2	5.84152647E-9	1.72002255E-8	2.31725383E-7	1.85894230E-4
4.13500000E+2	4.60755680E-9	2.27798070E-8	2.48730464E-7	2.46196463E-4
4.14000000E+2	4.22313720E-9	3.61749512E-8	3.66695820E-7	3.90966660E-4
4.14500000E+2	6.95208279E-9	1.80619352E-8	2.96040716E-7	1.95207298E-4
4.15000000E+2	3.39086902E-8	1.74849562E-8	2.64379836E-7	1.88971503E-4
4.15500000E+2	4.68510202E-9	1.64041558E-8	2.45463924E-7	1.77290578E-4
4.16000000E+2	5.13858328E-9	2.02781228E-8	2.91411220E-7	2.19159106E-4
4.16500000E+2	5.39816603E-9	2.28192443E-8	3.09059775E-7	2.46622688E-4
4.17000000E+2	4.94964574E-9	1.76097286E-8	3.11406614E-7	1.90320002E-4
4.17500000E+2	3.70189537E-9	1.82797998E-8	3.03553728E-7	1.97561905E-4
4.18000000E+2	4.94063931E-9	1.72021534E-8	3.01524737E-7	1.85915066E-4
4.18500000E+2	5.00731992E-9	1.85691840E-8	2.81312895E-7	2.00689471E-4
4.19000000E+2	4.35317968E-9	1.78067636E-8	2.98109655E-7	1.92449489E-4
4.19500000E+2	5.51234803E-9	2.40952680E-8	2.77691105E-7	2.60413522E-4
4.20000000E+2	3.44370556E-8	3.03621697E-8	2.81341548E-7	3.28144079E-4
4.20500000E+2	4.38565719E-9	2.08047886E-8	2.98323489E-7	2.24851131E-4
4.21000000E+2	6.43557214E-9	1.74359274E-8	2.54367112E-7	1.88441617E-4
4.21500000E+2	4.73705403E-9	1.87126255E-8	3.18353150E-7	2.02239739E-4
4.22000000E+2	4.88855792E-9	1.74015033E-8	2.94270014E-7	1.88069573E-4
4.22500000E+2	6.29750904E-9	1.82852346E-8	3.26958997E-7	1.97620642E-4
4.23000000E+2	5.39450727E-9	1.92367555E-8	2.56072003E-7	2.07904360E-4
4.23500000E+2	3.97372902E-9	2.26439101E-8	2.71207189E-7	2.44727736E-4
4.24000000E+2	5.66055554E-9	2.37224558E-8	3.14797999E-7	2.56384294E-4
4.24500000E+2	4.77420141E-9	2.06136986E-8	2.34053505E-7	2.22785895E-4
4.25000000E+2	2.28384387E-8	2.25972138E-8	2.26653728E-7	2.44223058E-4
4.25500000E+2	4.97745214E-9	2.16791239E-8	2.43678943E-7	2.34300652E-4
4.26000000E+2	6.15846595E-9	1.79355166E-8	2.79934656E-7	1.93841008E-4
4.26500000E+2	5.10613254E-9	1.59827726E-8	2.55356947E-7	1.72736411E-4
4.27000000E+2	6.04694930E-9	3.23891893E-8	3.16428268E-7	3.50051423E-4
4.27500000E+2	6.01463872E-9	2.38419214E-8	2.96181900E-7	2.57675438E-4
4.28000000E+2	7.59935951E-9	2.19644268E-8	2.86051328E-7	2.37384110E-4
4.28500000E+2	6.21748059E-9	2.22331154E-8	2.64136435E-7	2.40288005E-4
4.29000000E+2	4.48438928E-9	2.27467675E-8	2.29790005E-7	2.45839384E-4
4.29500000E+2	4.66148911E-9	1.77591690E-8	2.77298109E-7	1.91935103E-4
4.30000000E+2	3.11557091E-8	1.78262021E-8	2.62434838E-7	1.92659574E-4
4.30500000E+2	5.19406756E-9	2.27963801E-8	2.04403288E-7	2.46375580E-4
4.31000000E+2	4.70663310E-9	1.69288526E-8	2.90850850E-7	1.82961324E-4
4.31500000E+2	4.28661558E-9	1.72680340E-8	2.78500816E-7	1.86627082E-4
4.32000000E+2	4.12649003E-9	2.07532830E-8	3.15426349E-7	2.24294476E-4
4.32500000E+2	4.80161801E-9	2.82363590E-8	3.34317612E-7	3.05169035E-4
4.33000000E+2	4.60533254E-9	1.74977773E-8	2.65944284E-7	1.89110070E-4
4.33500000E+2	4.86262487E-9	1.71051699E-8	3.08149277E-7	1.84866901E-4
4.34000000E+2	4.65480221E-9	2.49684705E-8	4.02905176E-7	2.69850800E-4
4.34500000E+2	4.12319244E-9	1.70984276E-8	3.47065183E-7	1.84794033E-4
4.35000000E+2	1.98421346E-8	1.99576154E-8	2.46377503E-7	2.15695170E-4
4.35500000E+2	8.37086446E-9	2.17404643E-8	2.43431433E-7	2.34963598E-4
4.36000000E+2	5.35007489E-9	1.68763149E-8	2.92388992E-7	1.82393514E-4
4.36500000E+2	6.26918962E-9	2.34818162E-8	2.40213553E-7	2.53783542E-4
4.37000000E+2	5.46742676E-9	1.74412028E-8	2.54235655E-7	1.88498631E-4
4.37500000E+2	5.22651400E-9	2.04169530E-8	2.36250474E-7	2.20659535E-4
4.38000000E+2	5.99366709E-9	2.30803850E-8	2.75507850E-7	2.49445009E-4
4.38500000E+2	6.79284791E-9	2.12502313E-8	2.95651228E-7	2.29665326E-4
4.39000000E+2	4.26482998E-9	1.77276409E-8	2.54440826E-7	1.91594358E-4
4.39500000E+2	5.69998824E-9	2.47880911E-8	2.45448299E-7	2.67901321E-4
4.40000000E+2	4.19572053E-8	1.80083425E-8	2.41633911E-7	1.94628086E-4
4.40500000E+2	4.73177263E-9	1.86242318E-8	3.15271727E-7	2.01284410E-4
4.41000000E+2	6.66043020E-9	2.34929464E-8	2.37524918E-7	2.53903833E-4
4.41500000E+2	4.30844917E-9	2.32342650E-8	3.54963712E-7	2.51108092E-4
4.42000000E+2	4.34985125E-9	2.29058838E-8	2.98886748E-7	2.47559059E-4
4.42500000E+2	6.35532557E-9	1.91600879E-8	2.60333304E-7	2.07075761E-4
4.43000000E+2	4.90967591E-9	1.98244712E-8	2.32826476E-7	2.14256191E-4
4.43500000E+2	5.45762266E-9	2.59569343E-8	2.28501212E-7	2.80533783E-4
4.44000000E+2	6.70741542E-9	1.86740486E-8	3.59081940E-7	2.01822813E-4
4.44500000E+2	5.03621731E-9	1.94186116E-8	3.13562608E-7	2.09869798E-4
4.45000000E+2	1.96087493E-8	2.41295477E-8	3.41161572E-7	2.60784005E-4
4.45500000E+2	5.58109282E-9	1.96975972E-8	2.70492874E-7	2.12884980E-4
4.46000000E+2	4.56663586E-9	1.66459235E-8	3.01826547E-7	1.79903522E-4
4.46500000E+2	4.56934589E-9	2.42672197E-8	2.67802872E-7	2.62271918E-4
4.47000000E+2	5.75879065E-9	1.64394104E-8	3.00295418E-7	1.77671598E-4
4.47500000E+2	5.35858749E-9	1.92793298E-8	3.13523001E-7	2.08364488E-4
4.48000000E+2	8.60679600E-9	2.10576763E-8	2.96255032E-7	2.27584256E-4
4.48500000E+2	5.41972801E-9	2.31435236E-8	3.40937646E-7	2.50127390E-4
4.49000000E+2	5.02995715E-9	2.30250031E-8	3.82702526E-7	2.48846460E-4
4.49500000E+2	4.85946944E-9	1.97087260E-8	7.46881494E-7	2.13005257E-4
4.50000000E+2	3.69916244E-8	2.00727214E-8	2.25967696E-6	2.16939196E-4
4.50500000E+2	4.20663437E-9	2.05232260E-8	9.11441769E-7	2.21808098E-4
4.51000000E+2	5.11256341E-9	2.14090220E-8	4.50995302E-7	2.31381482E-4
4.51500000E+2	5.87650634E-9	1.93306514E-8	2.93632263E-7	2.08919155E-4
4.52000000E+2	3.98048056E-9	1.91880194E-8	3.16409406E-7	2.07377636E-4
4.52500000E+2	6.09721152E-9	2.18449904E-8	3.19728252E-7	2.36093281E-4
4.53000000E+2	4.08401140E-9	2.13849150E-8	3.29178239E-7	2.31120941E-4
4.53500000E+2	4.83222398E-9	2.07118817E-8	2.82453828E-7	2.23847025E-4
4.54000000E+2	4.30553733E-9	2.66749364E-8	3.11110304E-7	2.88293707E-4
4.54500000E+2	5.49249654E-9	1.69180637E-8	2.44875464E-7	1.82844721E-4
4.55000000E+2	1.42317432E-8	1.93697214E-8	2.36611053E-7	2.09341410E-4
4.55500000E+2	4.42244337E-9	1.82343581E-8	3.22467320E-7	1.97070787E-4
4.56000000E+2	5.73363556E-9	1.69713115E-8	2.45012216E-7	1.83420205E-4
4.56500000E+2	6.61293418E-9	1.87046190E-8	2.77149309E-7	2.02153207E-4
4.57000000E+2	4.16573511E-9	1.85249583E-8	2.32223442E-7	2.00211495E-4
4.57500000E+2	5.06966992E-9	2.82516689E-8	2.76700146E-7	3.05334500E-4
4.58000000E+2	3.96453784E-9	2.10755592E-8	3.09086345E-7	2.27777529E-4
4.58500000E+2	3.84902884E-9	2.24874689E-8	3.06211496E-7	2.43036972E-4
4.59000000E+2	4.98263927E-9	1.89527395E-8	2.99342498E-7	2.04834810E-4
4.59500000E+2	4.96743918E-9	1.90547309E-8	2.37852717E-7	2.05937099E-4
4.60000000E+2	3.01524344E-8	1.76150344E-8	3.02011536E-7	1.90377345E-4
4.60500000E+2	5.45271539E-9	1.94735244E-8	2.85477639E-7	2.10463277E-4
4.61000000E+2	4.23628259E-9	2.66653675E-8	2.34939639E-7	2.88190289E-4
4.61500000E+2	4.22891207E-9	1.71973177E-8	2.54855736E-7	1.85862804E-4
4.62000000E+2	5.00056254E-9	1.84139152E-8	2.71711234E-7	1.99011379E-4
4.62500000E+2	4.78052900E-9	1.89443608E-8	2.21571195E-7	2.04744255E-4
4.63000000E+2	3.90316678E-9	2.15189096E-8	2.40384744E-7	2.32569110E-4
4.63500000E+2	6.03729475E-9	1.67603367E-8	2.27893383E-7	1.81140061E-4
4.64000000E+2	8.05752020E-9	2.68352929E-8	2.28922606E-7	2.90026786E-4
4.64500000E+2	4.67288485E-9	1.70030828E-8	3.11516071E-7	1.83763578E-4
4.65000000E+2	2.50221993E-8	1.72516184E-8	2.65254344E-7	1.86449667E-4
4.65500000E+2	5.56064939E-9	2.02806054E-8	2.72147521E-7	2.19185936E-4
4.66000000E+2	5.72868320E-9	1.97026596E-8	2.87081039E-7	2.12939694E-4
4.66500000E+2	4.00612484E-9	1.79144577E-8	2.32457632E-7	1.93613411E-4
4.67000000E+2	4.74854674E-9	2.49049698E-8	3.32465921E-7	2.69164506E-4
4.67500000E+2	4.50512147E-9	1.78549355E-8	2.73016642E-7	1.92970115E-4
4.68000000E+2	3.59522942E-9	1.53789458E-8	2.16707030E-7	1.66210454E-4
4.68500000E+2	6.50007806E-9	1.86423213E-8	2.64756451E-7	2.01479914E-4
4.69000000E+2	5.07373529E-9	2.20496134E-8	2.90280138E-7	2.38304777E-4
4.69500000E+2	4.53212402E-9	2.04783263E-8	2.67308560E-7	2.21322838E-4
4.70000000E+2	2.36690558E-8	1.69372773E-8	2.49000909E-7	1.83052375E-4
4.70500000E+2	4.22248269E-9	1.92407866E-8	2.36422327E-7	2.07947925E-4
4.71000000E+2	4.31344012E-9	1.56189045E-8	2.97753026E-7	1.68803846E-4
4.71500000E+2	4.57853041E-9	1.74486582E-8	3.17852696E-7	1.88579207E-4
4.72000000E+2	4.92283787E-9	1.81250023E-8	3.09798394E-7	1.95888906E-4
4.72500000E+2	4.28777976E-9	1.75466164E-8	3.04021329E-7	1.89637906E-4
4.73000000E+2	4.56544048E-9	2.92576350E-8	3.43693235E-7	3.16206642E-4
4.73500000E+2	4.85328659E-9	2.61012201E-8	2.69866811E-7	2.82093175E-4
4.74000000E+2	7.36390583E-9	2.23274324E-8	2.30935291E-7	2.41307352E-4
4.74500000E+2	4.43183408E-9	1.78417829E-8	2.35591610E-7	1.92827966E-4
4.75000000E+2	2.00947018E-8	2.25016257E-8	2.89198639E-7	2.43189974E-4
4.75500000E+2	5.07502614E-9	1.82094884E-8	2.58959754E-7	1.96802003E-4
4.76000000E+2	5.95161247E-9	2.62840398E-8	2.77232459E-7	2.84069028E-4
4.76500000E+2	4.14310070E-9	1.70755327E-8	2.76019529E-7	1.84546592E-4
4.77000000E+2	4.66432925E-9	1.97245361E-8	3.06315192E-7	2.13176127E-4
4.77500000E+2	6.50508530E-9	3.07287876E-8	3.01278929E-7	3.32106363E-4
4.78000000E+2	4.80068168E-9	2.05684057E-8	2.46800630E-7	2.22296385E-4
4.78500000E+2	4.48715729E-9	1.81507611E-8	2.40668278E-7	1.96167298E-4
4.79000000E+2	4.67854152E-9	2.25148538E-8	2.50562889E-7	2.43332939E-4
4.79500000E+2	4.29084220E-9	2.32143303E-8	3.50162494E-7	2.50892645E-4
4.80000000E+2	2.77603645E-8	2.14841616E-8	2.18927424E-7	2.32193565E-4
4.80500000E+2	4.58947064E-9	1.71687083E-8	2.63142352E-7	1.85553603E-4
4.81000000E+2	4.37909250E-9	1.74307506E-8	2.20779083E-7	1.88385668E-4
4.81500000E+2	6.85141500E-9	1.96945055E-8	2.40500269E-7	2.12851567E-4
4.82000000E+2	4.82209250E-9	2.66952117E-8	3.15576023E-7	2.88512836E-4
4.82500000E+2	3.87322402E-9	2.03324685E-8	2.32853835E-7	2.19746455E-4
4.83000000E+2	6.14660023E-9	1.69983056E-8	2.39706487E-7	1.83711948E-4
4.83500000E+2	4.38190135E-9	2.19296605E-8	2.18623723E-7	2.37008367E-4
4.84000000E+2	5.92101415E-9	2.29198035E-8	2.52913645E-7	2.47709499E-4
4.84500000E+2	5.41044446E-9	2.39924417E-8	2.44231134E-7	2.59302210E-4
4.85000000E+2	1.72814129E-8	1.84587325E-8	2.33986738E-7	1.99495749E-4
4.85500000E+2	4.97806266E-9	1.61440093E-8	2.61322732E-7	1.74479002E-4
4.86000000E+2	5.45099767E-9	2.27158790E-8	2.91420465E-7	2.45505551E-4
4.86500000E+2	5.46999500E-9	1.88226639E-8	2.96930839E-7	2.03428997E-4
4.87000000E+2	5.16721215E-9	1.66075662E-8	2.22443299E-7	1.79488969E-4
4.87500000E+2	4.29712716E-9	2.33536551E-8	2.61797597E-7	2.52398420E-4
4.88000000E+2	4.83568575E-9	2.11268513E-8	2.47741000E-7	2.28331877E-4
4.88500000E+2	4.58681559E-9	3.00908649E-8	2.78044475E-7	3.25211910E-4
4.89000000E+2	4.93768229E-9	2.76425549E-8	2.58482533E-7	2.98751401E-4
4.89500000E+2	4.88995155E-9	1.83099070E-8	2.68335429E-7	1.97887293E-4
4.90000000E+2	2.64239405E-8	2.32810304E-8	2.93176441E-7	2.51613517E-4
4.90500000E+2	4.13370690E-9	1.83812503E-8	3.50418740E-7	1.98658348E-4
4.91000000E+2	6.75717162E-9	1.93137427E-8	2.70617697E-7	2.08736411E-4
4.91500000E+2	5.06204687E-9	2.17146164E-8	2.55319323E-7	2.34684243E-4
4.92000000E+2	6.87112006E-9	2.03505224E-8	3.02078559E-7	2.19941576E-4
4.92500000E+2	4.68964109E-9	2.50693043E-8	3.28545880E-7	2.70940577E-4
4.93000000E+2	4.60137103E-9	1.98209488E-8	3.49306469E-7	2.14218123E-4
4.93500000E+2	6.06291896E-9	1.86448708E-8	2.92660841E-7	2.01507470E-4
4.94000000E+2	4.16395962E-9	2.55000175E-8	3.58240201E-7	2.75595580E-4
4.94500000E+2	4.57165270E-9	2.79748824E-8	3.90070402E-7	3.02343085E-4
4.95000000E+2	3.38501944E-8	2.12640288E-8	3.57088332E-7	2.29814444E-4
4.95500000E+2	5.20924498E-9	1.83426945E-8	3.89354712E-7	1.98241649E-4
4.96000000E+2	6.97992555E-9	1.91849764E-8	5.14409165E-7	2.07344748E-4
4.96500000E+2	5.54056356E-9	2.12500518E-8	4.45497465E-7	2.29663385E-4
4.97000000E+2	5.00513856E-9	1.61014239E-8	5.53402125E-7	1.74018753E-4
4.97500000E+2	8.55827601E-9	1.82523731E-8	5.33168791E-7	1.97265486E-4
4.98000000E+2	5.35699487E-9	2.83974006E-8	6.08421906E-7	3.06909518E-4
4.98500000E+2	6.59999651E-9	2.07798966E-8	5.20500952E-7	2.24582107E-4
4.99000000E+2	5.22538440E-9	1.79245710E-8	7.20333096E-7	1.93722712E-4
4.99500000E+2	5.68108617E-9	2.44560669E-8	6.88089798E-7	2.64312914E-4
