0.00000000E+0	1.68099468E-8	2.78177732E-7	3.33240227E-3	1.98709751E-3
5.00000000E-1	6.32200849E-9	2.47340282E-7	1.21494015E-4	1.76681740E-3
1.00000000E+0	4.30721348E-9	2.08664028E-7	5.25592564E-5	1.49054264E-3
1.50000000E+0	6.60352987E-9	1.78855585E-7	3.23794984E-5	1.27761300E-3
2.00000000E+0	5.37980267E-9	1.76038252E-7	2.73529180E-5	1.25748805E-3
2.50000000E+0	4.63133596E-9	1.36388192E-7	4.06847757E-5	9.74257120E-4
3.00000000E+0	4.63576500E-9	1.12574121E-7	3.58156661E-5	8.04146879E-4
3.50000000E+0	4.65628669E-9	8.36618936E-8	2.59758807E-5	5.97619153E-4
4.00000000E+0	5.24225367E-9	1.42648933E-7	1.48968165E-5	1.01897926E-3
4.50000000E+0	4.22160573E-9	8.66181040E-8	2.47300735E-5	6.18736150E-4
5.00000000E+0	3.43990608E-3	4.81537017E-7	3.00898372E-5	3.43974696E-3
5.50000000E+0	4.65728848E-9	7.46648076E-8	9.58827097E-6	5.33350575E-4
6.00000000E+0	4.90028436E-9	6.98556679E-8	1.28921063E-5	4.98997612E-4
6.50000000E+0	7.03886806E-9	7.28652569E-8	8.60324012E-6	5.20495906E-4
7.00000000E+0	5.02943989E-9	7.64536791E-8	7.59801066E-6	5.46128960E-4
7.50000000E+0	5.41138649E-9	7.12467154E-8	6.39833474E-6	5.08934234E-4
8.00000000E+0	5.79822473E-9	7.18366787E-8	8.10716730E-6	5.13148498E-4
8.50000000E+0	5.47117219E-9	5.96810442E-8	7.16899208E-6	4.26317569E-4
9.00000000E+0	5.23292323E-9	6.96700370E-8	5.66860088E-6	4.97671601E-4
9.50000000E+0	6.11209201E-9	6.17638894E-8	4.73513294E-6	4.41195886E-4
1.00000000E+1	2.71344570E-8	7.25961985E-8	5.08053393E-6	5.18573950E-4
1.05000000E+1	4.29993729E-9	6.37152129E-8	5.10776438E-6	4.55134708E-4
1.10000000E+1	4.21142842E-9	5.24797708E-8	4.84844804E-6	3.74876958E-4
1.15000000E+1	5.35743717E-9	7.89638494E-8	4.40482717E-6	5.64059774E-4
1.20000000E+1	4.51900365E-9	5.36874830E-8	4.23365959E-6	3.83503968E-4
1.25000000E+1	4.74950088E-9	5.28380308E-8	3.51419879E-6	3.77436105E-4
1.30000000E+1	5.08458159E-9	5.92817726E-8	4.74261341E-6	4.23465466E-4
1.35000000E+1	4.28033722E-9	4.82557025E-8	3.64314365E-6	3.44703315E-4
1.40000000E+1	6.43324271E-9	6.31466933E-8	3.83171378E-6	4.51073622E-4
1.45000000E+1	4.37871123E-9	6.97305846E-8	3.50186363E-6	4.98104109E-4
1.50000000E+1	5.56355082E-8	5.61757083E-8	2.73578477E-6	4.01278022E-4
1.55000000E+1	5.40254272E-9	7.76870465E-8	3.12351614E-6	5.54939231E-4
1.60000000E+1	4.94535099E-9	5.83982610E-8	3.09667746E-6	4.17154307E-4
1.65000000E+1	4.09577235E-9	6.85118315E-8	3.37982698E-6	4.89398231E-4
1.70000000E+1	4.72015162E-9	5.06751539E-8	2.71193377E-6	3.61986100E-4
1.75000000E+1	4.53698855E-9	4.25203964E-8	2.38202615E-6	3.03734499E-4
1.80000000E+1	4.32089359E-9	4.24419175E-8	2.89310798E-6	3.03173902E-4
1.85000000E+1	4.72877448E-9	4.16645384E-8	2.48077241E-6	2.97620877E-4
1.90000000E+1	5.62376936E-9	4.27120170E-8	2.45228815E-6	3.05103295E-4
1.95000000E+1	3.91031069E-9	4.01367355E-8	2.52025511E-6	2.86707375E-4
2.00000000E+1	4.17564060E-8	4.34079430E-8	2.40283816E-6	3.10074480E-4
2.05000000E+1	4.20614884E-9	4.25456631E-8	2.18426582E-6	3.03914985E-4
2.10000000E+1	5.71418253E-9	4.67991238E-8	2.21554236E-6	3.34298586E-4
2.15000000E+1	4.61666509E-9	4.05832209E-8	2.29765983E-6	2.89896739E-4
2.20000000E+1	5.77401303E-9	4.80727825E-8	2.13775430E-6	3.43396668E-4
2.25000000E+1	4.97349187E-9	5.37486596E-8	2.05895566E-6	3.83940968E-4
2.30000000E+1	5.71349995E-9	7.52843349E-8	2.37302187E-6	5.37776023E-4
2.35000000E+1	5.59957021E-9	5.28614663E-8	2.03890663E-6	3.77603511E-4
2.40000000E+1	4.41182120E-9	4.53476559E-8	1.96858559E-6	3.23930365E-4
2.45000000E+1	6.99658789E-9	4.23867904E-8	1.96762360E-6	3.02780115E-4
2.50000000E+1	3.21643133E-8	4.07739362E-8	1.92061694E-6	2.91259069E-4
2.55000000E+1	4.95735389E-9	3.72415486E-8	1.67459299E-6	2.66026285E-4
2.60000000E+1	4.82398616E-9	4.13624039E-8	1.66541975E-6	2.95462650E-4
2.65000000E+1	5.66156346E-9	3.99963609E-8	1.88951053E-6	2.85704641E-4
2.70000000E+1	5.42171088E-9	3.71281401E-8	1.77515117E-6	2.65216177E-4
2.75000000E+1	5.40470415E-9	4.32988036E-8	1.68996784E-6	3.09294868E-4
2.80000000E+1	5.00470291E-9	5.61964824E-8	1.53356175E-6	4.01426418E-4
2.85000000E+1	5.31502898E-9	4.52155364E-8	1.56082257E-6	3.22986600E-4
2.90000000E+1	5.64526451E-9	4.30844131E-8	1.59519378E-6	3.07763420E-4
2.95000000E+1	4.83024240E-9	4.89145115E-8	1.54733632E-6	3.49409363E-4
3.00000000E+1	2.79890967E-8	4.39534067E-8	1.63757118E-6	3.13970872E-4
3.05000000E+1	5.30374015E-9	3.65030238E-8	1.56692455E-6	2.60750805E-4
3.10000000E+1	4.30297103E-9	3.44606914E-8	1.40338046E-6	2.46161882E-4
3.15000000E+1	4.56444835E-9	3.22132649E-8	1.43537834E-6	2.30107917E-4
3.20000000E+1	5.75746347E-9	4.76787782E-8	1.42087849E-6	3.40582191E-4
3.25000000E+1	5.50140988E-9	4.99170596E-8	1.32029084E-6	3.56570831E-4
3.30000000E+1	5.05027192E-9	3.19516924E-8	1.39217532E-6	2.28239436E-4
3.35000000E+1	4.66047222E-9	3.89718314E-8	1.41520031E-6	2.78386155E-4
3.40000000E+1	4.67299687E-9	2.98615537E-8	1.31538128E-6	2.13309019E-4
3.45000000E+1	5.01409555E-9	4.54351420E-8	1.28348991E-6	3.24555301E-4
3.50000000E+1	4.62968963E-8	3.06265762E-8	1.29627157E-6	2.18773778E-4
3.55000000E+1	4.92513709E-9	3.96599942E-8	1.29695050E-6	2.83301885E-4
3.60000000E+1	4.92555036E-9	3.69272130E-8	1.30756053E-6	2.63780902E-4
3.65000000E+1	4.37906132E-9	4.08675466E-8	1.26591167E-6	2.91927753E-4
3.70000000E+1	4.32316939E-9	3.85551869E-8	1.12592912E-6	2.75409953E-4
3.75000000E+1	4.24615869E-9	3.55657245E-8	1.18983947E-6	2.54055428E-4
3.80000000E+1	6.31573517E-9	4.08798248E-8	1.27060735E-6	2.92015459E-4
3.85000000E+1	4.01281905E-9	3.55978220E-8	1.21495648E-6	2.54284709E-4
3.90000000E+1	5.50552495E-9	3.29751295E-8	1.18292702E-6	2.35550119E-4
3.95000000E+1	4.58477114E-9	4.11646599E-8	1.18210973E-6	2.94050112E-4
4.00000000E+1	6.97243606E-8	3.39830781E-8	1.13072189E-6	2.42750164E-4
4.05000000E+1	4.74339311E-9	3.06559929E-8	1.18406363E-6	2.18983910E-4
4.10000000E+1	4.74139965E-9	5.10204595E-8	1.31303204E-6	3.64452710E-4
4.15000000E+1	5.37162834E-9	3.43979457E-8	1.13839754E-6	2.45713673E-4
4.20000000E+1	4.76791283E-9	3.46658620E-8	1.19169337E-6	2.47627471E-4
4.25000000E+1	4.24523882E-9	4.31262768E-8	1.15598441E-6	3.08062463E-4
4.30000000E+1	4.76451541E-9	3.62588489E-8	1.17545515E-6	2.59006599E-4
4.35000000E+1	4.99065626E-9	3.38516584E-8	1.28314578E-6	2.41811397E-4
4.40000000E+1	7.63155810E-9	3.74353218E-8	1.27092139E-6	2.67410458E-4
4.45000000E+1	5.07124543E-9	3.30338786E-8	1.35741571E-6	2.35969779E-4
4.50000000E+1	4.63481605E-8	3.79641546E-8	1.36307929E-6	2.71188052E-4
4.55000000E+1	6.81513446E-9	4.03634064E-8	1.46836192E-6	2.88326545E-4
4.60000000E+1	4.48716424E-9	3.76924501E-8	1.52864507E-6	2.69247194E-4
4.65000000E+1	5.55714885E-9	3.87777357E-8	1.71895655E-6	2.76999678E-4
4.70000000E+1	7.79332910E-9	3.47045011E-8	1.84161284E-6	2.47903480E-4
4.75000000E+1	3.87707534E-9	5.30931208E-8	2.11851660E-6	3.79258280E-4
4.80000000E+1	4.49492931E-9	2.91817691E-8	2.51269354E-6	2.08453137E-4
4.85000000E+1	5.67486596E-9	4.73827711E-8	3.34266661E-6	3.38467734E-4
4.90000000E+1	5.69914968E-9	4.13236176E-8	4.92033300E-6	2.95185589E-4
4.95000000E+1	4.22195402E-9	2.98772328E-8	9.88610785E-6	2.13421019E-4
5.00000000E+1	4.91404208E-8	1.16706210E-7	5.57415750E-4	8.33663495E-4
5.05000000E+1	4.28127324E-9	4.12352738E-8	1.02699505E-5	2.94554526E-4
5.10000000E+1	6.04423582E-9	2.89020031E-8	5.23771612E-6	2.06454693E-4
5.15000000E+1	4.80528145E-9	3.17585291E-8	3.39228056E-6	2.26859618E-4
5.20000000E+1	5.98906346E-9	4.16519724E-8	2.67853079E-6	2.97531115E-4
5.25000000E+1	4.91598373E-9	5.65645670E-8	2.31920884E-6	4.04055743E-4
5.30000000E+1	7.52081883E-9	3.87691336E-8	1.91377322E-6	2.76938230E-4
5.35000000E+1	5.06258325E-9	3.50243864E-8	1.80626915E-6	2.50188506E-4
5.40000000E+1	6.58239406E-9	3.81746808E-8	1.70691598E-6	2.72691896E-4
5.45000000E+1	5.71563894E-9	3.08735912E-8	1.37724719E-6	2.20538272E-4
5.50000000E+1	2.77084259E-8	3.02775365E-8	1.43465745E-6	2.16280495E-4
5.55000000E+1	4.48623398E-9	3.06307038E-8	1.32631675E-6	2.18803262E-4
5.60000000E+1	5.47396306E-9	2.87748511E-8	1.29777429E-6	2.05546413E-4
5.65000000E+1	4.20024347E-9	3.12366786E-8	1.24817529E-6	2.23131902E-4
5.70000000E+1	4.59737508E-9	3.15727517E-8	1.15031800E-6	2.25532561E-4
5.75000000E+1	4.98705998E-9	3.22993999E-8	1.05541244E-6	2.30723203E-4
5.80000000E+1	5.11622365E-9	3.55352140E-8	1.22574101E-6	2.53837483E-4
5.85000000E+1	4.74668849E-9	2.94371438E-8	1.04396998E-6	2.10277346E-4
5.90000000E+1	4.83187176E-9	2.48595037E-8	1.08661145E-6	1.77578046E-4
5.95000000E+1	4.82246761E-9	3.09035686E-8	8.86679629E-7	2.20752408E-4
6.00000000E+1	1.92353158E-8	2.67426956E-8	9.41321353E-7	1.91030186E-4
6.05000000E+1	6.84968855E-9	3.69681818E-8	1.01626432E-6	2.64073553E-4
6.10000000E+1	5.89843867E-9	3.09108308E-8	9.52136639E-7	2.20804284E-4
6.15000000E+1	4.14077866E-9	3.21682728E-8	8.84301268E-7	2.29786527E-4
6.20000000E+1	4.63171912E-9	2.75974204E-8	8.21616456E-7	1.97135713E-4
6.25000000E+1	4.49979087E-9	3.20308919E-8	9.08960308E-7	2.28805178E-4
6.30000000E+1	5.37405198E-9	2.77200096E-8	8.66817431E-7	1.98011400E-4
6.35000000E+1	3.88708153E-9	2.68070039E-8	8.37475049E-7	1.91489558E-4
6.40000000E+1	4.58210656E-9	2.68137948E-8	8.54949994E-7	1.91538067E-4
6.45000000E+1	4.37608454E-9	4.65523678E-8	7.13943832E-7	3.32535942E-4
6.50000000E+1	2.84447838E-8	3.36146505E-8	8.46447633E-7	2.40118387E-4
6.55000000E+1	5.58488085E-9	3.06617011E-8	7.63755055E-7	2.19024685E-4
6.60000000E+1	4.81673460E-9	2.61504539E-8	8.44604464E-7	1.86799646E-4
6.65000000E+1	4.20127686E-9	2.44088647E-8	8.24129067E-7	1.74359011E-4
6.70000000E+1	4.18544168E-9	2.68101182E-8	7.90406086E-7	1.91511803E-4
6.75000000E+1	4.99658579E-9	2.49782894E-8	8.11240768E-7	1.78426563E-4
6.80000000E+1	6.42038885E-9	2.74065575E-8	7.97273508E-7	1.95772328E-4
6.85000000E+1	4.44929942E-9	4.26900534E-8	7.17390747E-7	3.04946403E-4
6.90000000E+1	6.51225642E-9	3.97258368E-8	7.58852632E-7	2.83772216E-4
6.95000000E+1	5.30509800E-9	3.25491546E-8	7.59060621E-7	2.32507267E-4
7.00000000E+1	3.56073499E-8	3.11546046E-8	7.77010736E-7	2.22545625E-4
7.05000000E+1	4.42515309E-9	2.84794544E-8	6.87774433E-7	2.03436316E-4
7.10000000E+1	5.51719356E-9	3.28055485E-8	7.17571493E-7	2.34338757E-4
7.15000000E+1	4.58414667E-9	4.41779518E-8	6.79008198E-7	3.15574857E-4
7.20000000E+1	5.86960972E-9	3.06404392E-8	7.16608021E-7	2.18872805E-4
7.25000000E+1	4.87766654E-9	2.35189341E-8	6.98965263E-7	1.68002000E-4
7.30000000E+1	4.69053492E-9	2.40329086E-8	6.91561744E-7	1.71673457E-4
7.35000000E+1	5.28429023E-9	2.94512166E-8	6.47980311E-7	2.10377871E-4
7.40000000E+1	4.52680819E-9	2.94318819E-8	6.87404171E-7	2.10239758E-4
7.45000000E+1	4.22770186E-9	3.18324270E-8	7.48819141E-7	2.27387491E-4
7.50000000E+1	3.10969770E-8	2.81904364E-8	5.94001290E-7	2.01371783E-4
7.55000000E+1	5.89387959E-9	3.19446825E-8	6.32560987E-7	2.28189362E-4
7.60000000E+1	7.61348433E-9	2.78408603E-8	7.31217230E-7	1.98874669E-4
7.65000000E+1	4.38799716E-9	3.80789026E-8	5.56280090E-7	2.72007727E-4
7.70000000E+1	7.20441315E-9	2.74056757E-8	7.20579385E-7	1.95766029E-4
7.75000000E+1	4.09688872E-9	4.10598562E-8	7.08247796E-7	2.93301471E-4
7.80000000E+1	4.21873307E-9	2.51910109E-8	5.97696538E-7	1.79946090E-4
7.85000000E+1	5.94753527E-9	2.78480670E-8	6.62878436E-7	1.98926148E-4
7.90000000E+1	4.39503419E-9	2.21882421E-8	6.09482333E-7	1.58496514E-4
7.95000000E+1	5.01234686E-9	2.73144643E-8	6.29456780E-7	1.95114482E-4
8.00000000E+1	3.28264027E-8	2.24786124E-8	6.20628865E-7	1.60570706E-4
8.05000000E+1	6.05861650E-9	3.00152838E-8	5.58805478E-7	2.14407154E-4
8.10000000E+1	4.28462686E-9	2.65958330E-8	6.01956647E-7	1.89981107E-4
8.15000000E+1	5.31556400E-9	2.82158299E-8	6.27683458E-7	2.01553176E-4
8.20000000E+1	4.45626060E-9	2.76055874E-8	5.32900254E-7	1.97194052E-4
8.25000000E+1	4.94367535E-9	3.98520197E-8	5.65676741E-7	2.84673574E-4
8.30000000E+1	4.54344039E-9	3.04844223E-8	6.77173981E-7	2.17758335E-4
8.35000000E+1	5.42592995E-9	2.37595113E-8	6.48608209E-7	1.69720507E-4
8.40000000E+1	4.92974881E-9	3.41457877E-8	7.27830712E-7	2.43912442E-4
8.45000000E+1	4.58119901E-9	2.75391736E-8	6.99986183E-7	1.96719640E-4
8.50000000E+1	2.12783295E-8	2.77204997E-8	5.74878049E-7	1.98014901E-4
8.55000000E+1	4.79134162E-9	2.19121461E-8	5.59939734E-7	1.56524286E-4
8.60000000E+1	8.11250557E-9	3.11892803E-8	5.82931037E-7	2.22793323E-4
8.65000000E+1	5.12204845E-9	2.76510851E-8	5.77042735E-7	1.97519054E-4
8.70000000E+1	4.61683656E-9	2.66760439E-8	5.20609909E-7	1.90554075E-4
8.75000000E+1	4.39993183E-9	2.71180076E-8	5.92309635E-7	1.93711139E-4
8.80000000E+1	4.50779843E-9	2.41000439E-8	6.73981760E-7	1.72153022E-4
8.85000000E+1	4.58152035E-9	2.55027461E-8	5.68101085E-7	1.82172897E-4
8.90000000E+1	4.99868203E-9	3.24111450E-8	5.67061673E-7	2.31521427E-4
8.95000000E+1	4.15257006E-9	2.82531513E-8	5.75970687E-7	2.01819773E-4
9.00000000E+1	3.73328787E-8	2.42230299E-8	5.20505095E-7	1.73031544E-4
9.05000000E+1	5.72490737E-9	3.18558588E-8	6.19946493E-7	2.27554870E-4
9.10000000E+1	6.99185076E-9	2.16921653E-8	5.82216847E-7	1.54952905E-4
9.15000000E+1	6.33636320E-9	2.45381016E-8	5.60568787E-7	1.75282185E-4
9.20000000E+1	4.06662764E-9	2.45284220E-8	5.31792690E-7	1.75213041E-4
9.25000000E+1	4.32304777E-9	2.72838746E-8	5.42087119E-7	1.94895971E-4
9.30000000E+1	4.39585133E-9	2.71212324E-8	6.33405356E-7	1.93734175E-4
9.35000000E+1	5.57771061E-9	3.27864730E-8	5.77386766E-7	2.34202495E-4
9.40000000E+1	5.58446844E-9	2.36296952E-8	5.03904239E-7	1.68793196E-4
9.45000000E+1	4.49392520E-9	2.17054047E-8	5.00156254E-7	1.55047478E-4
9.50000000E+1	2.39001396E-8	3.66604423E-8	5.11035168E-7	2.61875288E-4
9.55000000E+1	3.91141685E-9	2.38197076E-8	4.58183613E-7	1.70150506E-4
9.60000000E+1	4.73321645E-9	2.24036418E-8	4.71153169E-7	1.60035171E-4
9.65000000E+1	4.51911608E-9	3.51600864E-8	5.60927064E-7	2.51157847E-4
9.70000000E+1	5.29244168E-9	2.76611326E-8	4.64270041E-7	1.97590826E-4
9.75000000E+1	6.09675167E-9	2.39450172E-8	5.43703898E-7	1.71045625E-4
9.80000000E+1	4.08033275E-9	3.44280415E-8	5.11131691E-7	2.45928656E-4
9.85000000E+1	4.67142638E-9	2.66733634E-8	6.49619187E-7	1.90534928E-4
9.90000000E+1	8.40091539E-9	2.70451690E-8	5.79115196E-7	1.93190834E-4
9.95000000E+1	3.90217930E-9	2.62766178E-8	4.57836977E-7	1.87700869E-4
1.00000000E+2	3.32357120E-8	2.57021458E-8	2.36878115E-6	1.83597262E-4
1.00500000E+2	4.62548445E-9	2.42410058E-8	5.74244858E-7	1.73159950E-4
1.01000000E+2	5.22202455E-9	2.27053287E-8	5.64630227E-7	1.62190200E-4
1.01500000E+2	5.56697439E-9	2.62333195E-8	5.07922944E-7	1.87391577E-4
1.02000000E+2	4.42119132E-9	3.06690064E-8	4.59689616E-7	2.19076868E-4
1.02500000E+2	4.76673406E-9	2.46030540E-8	4.39517120E-7	1.75746157E-4
1.03000000E+2	5.88864788E-9	2.38314929E-8	4.72179380E-7	1.70234691E-4
1.03500000E+2	4.51069199E-9	2.46823200E-8	5.99591257E-7	1.76312375E-4
1.04000000E+2	5.87682930E-9	3.03486388E-8	4.60928714E-7	2.16788397E-4
1.04500000E+2	4.53257072E-9	2.46445500E-8	5.34790719E-7	1.76042574E-4
1.05000000E+2	3.48750509E-8	4.08075404E-8	5.24595231E-7	2.91499113E-4
1.05500000E+2	4.21626646E-9	2.26197579E-8	4.66882470E-7	1.61578946E-4
1.06000000E+2	4.03044646E-9	2.51503342E-8	6.23295532E-7	1.79655525E-4
1.06500000E+2	4.81706701E-9	2.75550861E-8	4.48435091E-7	1.96833308E-4
1.07000000E+2	4.48361777E-9	2.65975037E-8	4.28850466E-7	1.89993041E-4
1.07500000E+2	4.45490605E-9	2.20211956E-8	4.68949883E-7	1.57303256E-4
1.08000000E+2	9.99865684E-9	2.77286438E-8	5.05620180E-7	1.98073076E-4
1.08500000E+2	4.16843291E-9	2.89786967E-8	4.08682917E-7	2.07002536E-4
1.09000000E+2	6.33076343E-9	2.47501325E-8	4.74244777E-7	1.76796778E-4
1.09500000E+2	4.81905201E-9	2.92289659E-8	4.73917885E-7	2.08790276E-4
1.10000000E+2	4.00987393E-8	2.36416841E-8	5.02648337E-7	1.68878837E-4
1.10500000E+2	5.05628659E-9	2.49920986E-8	3.88879752E-7	1.78525206E-4
1.11000000E+2	5.07714090E-9	2.55481537E-8	4.61843047E-7	1.82497256E-4
1.11500000E+2	7.66979356E-9	3.32008238E-8	4.02050779E-7	2.37162313E-4
1.12000000E+2	4.33356137E-9	2.26888931E-8	4.60012533E-7	1.62072797E-4
1.12500000E+2	4.80859701E-9	2.96534121E-8	5.09499818E-7	2.11822208E-4
1.13000000E+2	5.12608454E-9	3.24413046E-8	5.19290462E-7	2.31736865E-4
1.13500000E+2	5.55436032E-9	3.05290772E-8	5.29490715E-7	2.18077316E-4
1.14000000E+2	4.67564002E-9	3.15626411E-8	4.42648423E-7	2.25460338E-4
1.14500000E+2	8.75029781E-9	2.60556430E-8	5.12631566E-7	1.86122387E-4
1.15000000E+2	3.12997199E-8	2.64865172E-8	4.33905609E-7	1.89200235E-4
1.15500000E+2	5.95429939E-9	2.31523672E-8	4.84478632E-7	1.65383515E-4
1.16000000E+2	5.32364796E-9	3.20881732E-8	4.62047963E-7	2.29214354E-4
1.16500000E+2	4.74492764E-9	3.05632102E-8	5.52930569E-7	2.18321137E-4
1.17000000E+2	4.86731651E-9	2.10688941E-8	5.61676670E-7	1.50500713E-4
1.17500000E+2	4.50071947E-9	3.16315563E-8	4.65653778E-7	2.25952618E-4
1.18000000E+2	4.25652068E-9	2.33517017E-8	4.65500550E-7	1.66807415E-4
1.18500000E+2	4.88436311E-9	3.26778527E-8	3.95718193E-7	2.33426591E-4
1.19000000E+2	4.74517262E-9	2.68531351E-8	4.12156403E-7	1.91819085E-4
1.19500000E+2	4.84606209E-9	2.49951814E-8	3.87056504E-7	1.78547227E-4
1.20000000E+2	4.25286349E-8	2.92480092E-8	3.83374372E-7	2.08926307E-4
1.20500000E+2	5.23008588E-9	4.41786176E-8	5.86155019E-7	3.15579614E-4
1.21000000E+2	4.54448741E-9	2.15205981E-8	3.90473343E-7	1.53727355E-4
1.21500000E+2	4.70830251E-9	2.78112394E-8	4.40206221E-7	1.98663078E-4
1.22000000E+2	6.25521970E-9	2.35735542E-8	4.11015852E-7	1.68392166E-4
1.22500000E+2	4.91872103E-9	2.23050238E-8	4.59623251E-7	1.59330716E-4
1.23000000E+2	6.47278737E-9	2.75277702E-8	4.42522927E-7	1.96638183E-4
1.23500000E+2	4.59182230E-9	2.20353628E-8	3.74229216E-7	1.57404456E-4
1.24000000E+2	4.89283397E-9	2.50995173E-8	4.66521596E-7	1.79292526E-4
1.24500000E+2	5.07181310E-9	2.26256746E-8	3.84122105E-7	1.61621210E-4
1.25000000E+2	3.39607972E-8	2.97374822E-8	4.32437481E-7	2.12422743E-4
1.25500000E+2	5.86502618E-9	2.44898855E-8	3.46723071E-7	1.74937764E-4
1.26000000E+2	4.96818053E-9	2.61196267E-8	4.18974732E-7	1.86579439E-4
1.26500000E+2	5.47428228E-9	2.39769079E-8	4.46259745E-7	1.71273429E-4
1.27000000E+2	5.06274207E-9	2.54236770E-8	4.88293283E-7	1.81608085E-4
1.27500000E+2	5.77159892E-9	2.35429688E-8	5.04678055E-7	1.68173686E-4
1.28000000E+2	4.71609521E-9	2.51986837E-8	3.88760278E-7	1.80000898E-4
1.28500000E+2	4.50673337E-9	2.28083027E-8	4.24418184E-7	1.62925771E-4
1.29000000E+2	6.78205363E-9	2.41841169E-8	3.88171164E-7	1.72753578E-4
1.29500000E+2	5.31995535E-9	2.99100362E-8	3.39419640E-7	2.13655342E-4
1.30000000E+2	1.59619920E-8	2.24400472E-8	4.04819525E-7	1.60295224E-4
1.30500000E+2	5.12323619E-9	2.65821980E-8	4.41665366E-7	1.89883709E-4
1.31000000E+2	5.21886523E-9	3.42572318E-8	4.52996889E-7	2.44708516E-4
1.31500000E+2	4.79509853E-9	2.64147423E-8	3.51273415E-7	1.88687529E-4
1.32000000E+2	8.24755470E-9	2.35040808E-8	4.11688891E-7	1.67895899E-4
1.32500000E+2	7.72867700E-9	2.63963444E-8	3.41210787E-7	1.88556107E-4
1.33000000E+2	6.64313885E-9	2.00930057E-8	3.43004279E-7	1.43529683E-4
1.33500000E+2	5.71862291E-9	3.03494438E-8	5.12640346E-7	2.16794148E-4
1.34000000E+2	6.29064300E-9	2.56312690E-8	3.47188986E-7	1.83090970E-4
1.34500000E+2	4.69469491E-9	2.24567878E-8	4.16107785E-7	1.60414807E-4
1.35000000E+2	3.29314399E-8	2.32470148E-8	3.95766584E-7	1.66059608E-4
1.35500000E+2	6.26454778E-9	2.23278771E-8	3.29015429E-7	1.59493963E-4
1.36000000E+2	5.92104501E-9	2.40310453E-8	4.16457110E-7	1.71660147E-4
1.36500000E+2	4.10751098E-9	2.19651008E-8	3.24436166E-7	1.56902556E-4
1.37000000E+2	6.38914449E-9	2.25372284E-8	4.53254400E-7	1.60989416E-4
1.37500000E+2	4.77119827E-9	2.81870174E-8	4.26251674E-7	2.01347360E-4
1.38000000E+2	5.07229946E-9	2.52856335E-8	3.62438671E-7	1.80622004E-4
1.38500000E+2	6.56411466E-9	2.46975173E-8	3.41800972E-7	1.76420934E-4
1.39000000E+2	5.26347229E-9	2.09297772E-8	3.64648622E-7	1.49506964E-4
1.39500000E+2	4.63853274E-9	3.65427874E-8	3.37190257E-7	2.61034847E-4
1.40000000E+2	4.02279208E-8	2.80628027E-8	3.89937666E-7	2.00460062E-4
1.40500000E+2	6.00908640E-9	3.00264121E-8	4.15526360E-7	2.14486646E-4
1.41000000E+2	5.37356841E-9	2.22533519E-8	3.80720485E-7	1.58961610E-4
1.41500000E+2	4.82737459E-9	3.37844480E-8	4.70252835E-7	2.41331296E-4
1.42000000E+2	4.52136207E-9	2.17678371E-8	4.28619163E-7	1.55493449E-4
1.42500000E+2	4.34827175E-9	2.15583342E-8	3.63051632E-7	1.53996914E-4
1.43000000E+2	8.51111989E-9	2.20177989E-8	4.20961394E-7	1.57278993E-4
1.43500000E+2	4.18282595E-9	2.60079578E-8	4.26903361E-7	1.85781759E-4
1.44000000E+2	5.22063682E-9	2.17403008E-8	3.51275848E-7	1.55296750E-4
1.44500000E+2	4.44356085E-9	2.15051512E-8	3.69403420E-7	1.53617014E-4
1.45000000E+2	3.76429399E-8	3.03906001E-8	4.53411993E-7	2.17088138E-4
1.45500000E+2	6.52186871E-9	2.41253274E-8	4.43676063E-7	1.72333629E-4
1.46000000E+2	4.20325488E-9	2.70130623E-8	3.61815314E-7	1.92961487E-4
1.46500000E+2	6.04055755E-9	2.65805021E-8	3.55713784E-7	1.89871595E-4
1.47000000E+2	4.62909027E-9	2.79312779E-8	3.99848087E-7	1.99520546E-4
1.47500000E+2	5.57284291E-9	2.45033560E-8	3.35311957E-7	1.75033988E-4
1.48000000E+2	6.17228051E-9	2.42534646E-8	3.94136627E-7	1.73248947E-4
1.48500000E+2	5.29401296E-9	2.22013809E-8	7.74980999E-7	1.58590368E-4
1.49000000E+2	7.81221421E-9	2.91804949E-8	5.88308906E-7	2.08444035E-4
1.49500000E+2	5.13044823E-9	2.88957361E-8	8.13736780E-7	2.06409927E-4
1.50000000E+2	2.71821063E-8	3.16963850E-8	1.18847302E-5	2.26415707E-4
1.50500000E+2	5.52537389E-9	2.56126391E-8	8.51180125E-7	1.82957892E-4
1.51000000E+2	4.55677272E-9	2.13540015E-8	5.82370324E-7	1.52537311E-4
1.51500000E+2	4.62239913E-9	2.38022575E-8	5.88748637E-7	1.70025855E-4
1.52000000E+2	4.63100483E-9	2.21946590E-8	4.47130146E-7	1.58542351E-4
1.52500000E+2	5.84197532E-9	2.03519056E-8	4.02441006E-7	1.45379074E-4
1.53000000E+2	6.07246067E-9	3.02018771E-8	3.49537938E-7	2.15740039E-4
1.53500000E+2	4.55350249E-9	2.64005610E-8	3.78534904E-7	1.88586227E-4
1.54000000E+2	4.23752406E-9	2.40853533E-8	3.47318027E-7	1.72048084E-4
1.54500000E+2	5.22663043E-9	2.42201690E-8	3.11493864E-7	1.73011107E-4
1.55000000E+2	3.66907826E-8	2.18612861E-8	4.35700549E-7	1.56160980E-4
1.55500000E+2	4.40226691E-9	2.27876787E-8	3.53901319E-7	1.62778449E-4
1.56000000E+2	4.59328610E-9	2.22373839E-8	3.85073607E-7	1.58847546E-4
1.56500000E+2	5.31728206E-9	3.19078476E-8	3.06921984E-7	2.27926240E-4
1.57000000E+2	5.17875034E-9	2.92025744E-8	3.89471058E-7	2.08601755E-4
1.57500000E+2	4.68555219E-9	2.05518620E-8	3.69630311E-7	1.46807415E-4
1.58000000E+2	5.12254115E-9	2.44690296E-8	3.93516460E-7	1.74788785E-4
1.58500000E+2	5.64642879E-9	2.00710965E-8	3.50810776E-7	1.43373180E-4
1.59000000E+2	4.77585962E-9	1.91807965E-8	3.55209693E-7	1.37013530E-4
1.59500000E+2	5.52636530E-9	1.94494748E-8	3.14182145E-7	1.38932771E-4
1.60000000E+2	2.64620831E-8	2.23646865E-8	4.69617519E-7	1.59756903E-4
1.60500000E+2	4.46341986E-9	1.91857777E-8	3.54624619E-7	1.37049112E-4
1.61000000E+2	6.36543543E-9	3.07509634E-8	3.87457626E-7	2.19662309E-4
1.61500000E+2	4.73083417E-9	2.89104777E-8	3.62110848E-7	2.06515230E-4
1.62000000E+2	5.09901041E-9	1.92783182E-8	3.84773500E-7	1.37710154E-4
1.62500000E+2	4.48319781E-9	2.38354845E-8	3.64151261E-7	1.70263204E-4
1.63000000E+2	5.16866036E-9	2.22464408E-8	3.80093643E-7	1.58912243E-4
1.63500000E+2	4.34729677E-9	2.32974874E-8	3.57274673E-7	1.66420148E-4
1.64000000E+2	6.49572208E-9	2.69644520E-8	3.58161966E-7	1.92614251E-4
1.64500000E+2	7.13273907E-9	2.77213074E-8	4.94794320E-7	1.98020670E-4
1.65000000E+2	4.77309891E-8	3.62495530E-8	3.83292171E-7	2.58940197E-4
1.65500000E+2	5.06400183E-9	2.14146003E-8	3.39668416E-7	1.52970184E-4
1.66000000E+2	7.67210165E-9	1.88701905E-8	3.23813198E-7	1.34794789E-4
1.66500000E+2	4.71527781E-9	2.10780629E-8	3.03983577E-7	1.50566208E-4
1.67000000E+2	5.64089771E-9	2.27926446E-8	3.19924885E-7	1.62813921E-4
1.67500000E+2	6.03202672E-9	2.21032440E-8	3.15265207E-7	1.57889349E-4
1.68000000E+2	4.74638388E-9	2.14294263E-8	3.25745458E-7	1.53076090E-4
1.68500000E+2	4.67010640E-9	3.44312789E-8	3.87790763E-7	2.45951781E-4
1.69000000E+2	4.25050855E-9	2.55712502E-8	2.85886716E-7	1.82662240E-4
1.69500000E+2	6.02762207E-9	1.99707028E-8	3.86990911E-7	1.42656041E-4
1.70000000E+2	5.92634772E-8	3.26659167E-8	3.69319755E-7	2.33341330E-4
1.70500000E+2	4.37115431E-9	2.72538351E-8	2.73375420E-7	1.94681391E-4
1.71000000E+2	5.72350430E-9	1.97577785E-8	3.46671320E-7	1.41135066E-4
1.71500000E+2	3.96290635E-9	2.31545903E-8	3.46299422E-7	1.65399396E-4
1.72000000E+2	5.11985363E-9	2.19490077E-8	2.75034488E-7	1.56787599E-4
1.72500000E+2	4.70716791E-9	2.18299417E-8	3.36485593E-7	1.55937078E-4
1.73000000E+2	4.75489022E-9	2.10263988E-8	3.22069077E-7	1.50197158E-4
1.73500000E+2	5.03662036E-9	2.94949823E-8	3.67357539E-7	2.10690502E-4
1.74000000E+2	5.34167830E-9	1.85501760E-8	3.49127350E-7	1.32508840E-4
1.74500000E+2	5.14892718E-9	2.00312167E-8	3.27178616E-7	1.43088308E-4
1.75000000E+2	3.47214549E-8	3.07512199E-8	3.18780283E-7	2.19664141E-4
1.75500000E+2	4.14932942E-9	2.19974010E-8	3.69826671E-7	1.57133285E-4
1.76000000E+2	5.69987388E-9	1.88700309E-8	3.95707621E-7	1.34793649E-4
1.76500000E+2	4.30931967E-9	2.40143188E-8	2.98647586E-7	1.71540665E-4
1.77000000E+2	4.85021896E-9	3.72223872E-8	6.94391663E-7	2.65889410E-4
1.77500000E+2	4.24391781E-9	2.65486956E-8	4.75688436E-7	1.89644392E-4
1.78000000E+2	5.35046632E-9	2.35767584E-8	4.25078971E-7	1.68415055E-4
1.78500000E+2	9.95423740E-9	2.68976461E-8	3.41060055E-7	1.92137039E-4
1.79000000E+2	9.06473193E-9	2.24573183E-8	3.37167721E-7	1.60418596E-4
1.79500000E+2	4.71557685E-9	2.36245566E-8	4.38857340E-7	1.68756490E-4
1.80000000E+2	2.17127145E-8	4.04826629E-8	4.09108526E-7	2.89178426E-4
1.80500000E+2	5.50365092E-9	2.95209288E-8	3.34094961E-7	2.10875845E-4
1.81000000E+2	7.27235232E-9	2.18908271E-8	3.38617695E-7	1.56371999E-4
1.81500000E+2	5.59164062E-9	2.21424890E-8	4.73731178E-7	1.58169687E-4
1.82000000E+2	4.61532459E-9	1.99798649E-8	2.95494382E-7	1.42721488E-4
1.82500000E+2	5.04215763E-9	2.60757735E-8	3.72636401E-7	1.86266184E-4
1.83000000E+2	5.06626679E-9	1.99593020E-8	2.92811206E-7	1.42574601E-4
1.83500000E+2	5.32553565E-9	2.58700623E-8	3.03826576E-7	1.84796734E-4
1.84000000E+2	5.24154512E-9	1.82282188E-8	2.91925632E-7	1.30209014E-4
1.84500000E+2	4.48410088E-9	1.86914992E-8	3.29542832E-7	1.33518349E-4
1.85000000E+2	2.47401670E-8	2.04335995E-8	3.11345018E-7	1.45962635E-4
1.85500000E+2	4.41795111E-9	2.15910709E-8	3.48985605E-7	1.54230761E-4
1.86000000E+2	4.84028043E-9	2.57946349E-8	2.91016148E-7	1.84257936E-4
1.86500000E+2	4.51080805E-9	2.26492498E-8	3.39523209E-7	1.61789614E-4
1.87000000E+2	5.94343160E-9	2.41097327E-8	3.74889265E-7	1.72222232E-4
1.87500000E+2	5.93723421E-9	2.65003818E-8	2.84541364E-7	1.89299274E-4
1.88000000E+2	4.29944322E-9	2.44379555E-8	3.68013144E-7	1.74566815E-4
1.88500000E+2	5.86805664E-9	2.05884781E-8	3.56903693E-7	1.47068974E-4
1.89000000E+2	5.24573123E-9	2.46723084E-8	3.12522715E-7	1.76240860E-4
1.89500000E+2	4.64648355E-9	2.98191806E-8	3.58716485E-7	2.13006336E-4
1.90000000E+2	4.92875029E-8	2.30476303E-8	4.28708802E-7	1.64635352E-4
1.90500000E+2	6.52239774E-9	2.02367005E-8	2.74684978E-7	1.44556133E-4
1.91000000E+2	4.08312364E-9	2.28471336E-8	3.18351811E-7	1.63203151E-4
1.91500000E+2	4.31034283E-9	2.58920559E-8	3.21486657E-7	1.84953840E-4
1.92000000E+2	6.05845523E-9	2.23409303E-8	3.03480037E-7	1.59587206E-4
1.92500000E+2	5.25255456E-9	1.88113834E-8	3.03685846E-7	1.34374714E-4
1.93000000E+2	4.40093349E-9	2.11498420E-8	2.96377896E-7	1.51078946E-4
1.93500000E+2	5.66879171E-9	2.00419894E-8	3.22916779E-7	1.43165259E-4
1.94000000E+2	4.49845152E-9	1.91342754E-8	3.11222114E-7	1.36681217E-4
1.94500000E+2	5.11573130E-9	2.28798857E-8	3.36181383E-7	1.63437108E-4
1.95000000E+2	4.71611937E-8	1.99327526E-8	3.32209412E-7	1.42384953E-4
1.95500000E+2	4.35462645E-9	2.35023362E-8	3.58395534E-7	1.67883437E-4
1.96000000E+2	5.71307592E-9	2.54100369E-8	3.47943458E-7	1.81510650E-4
1.96500000E+2	4.24305869E-9	2.33256460E-8	2.92788593E-7	1.66621292E-4
1.97000000E+2	5.00392042E-9	2.40926689E-8	4.23185675E-7	1.72100341E-4
1.97500000E+2	4.46046078E-9	2.02724005E-8	2.93139426E-7	1.44811147E-4
1.98000000E+2	3.97975285E-9	2.35352622E-8	4.34417397E-7	1.68118637E-4
1.98500000E+2	4.22981903E-9	2.28571590E-8	3.18337209E-7	1.63274765E-4
1.99000000E+2	5.54183902E-9	2.58632311E-8	3.10033754E-7	1.84747937E-4
1.99500000E+2	3.94155163E-9	1.92514669E-8	4.33034846E-7	1.37518348E-4
2.00000000E+2	4.22374014E-8	2.36359665E-8	8.35597116E-7	1.68837994E-4
2.00500000E+2	5.34507426E-9	3.55705215E-8	4.35268028E-7	2.54089694E-4
2.01000000E+2	5.19734160E-9	2.08159122E-8	3.11450846E-7	1.48693596E-4
2.01500000E+2	5.72094311E-9	2.62021189E-8	2.96400340E-7	1.87168703E-4
2.02000000E+2	6.92288633E-9	2.00532458E-8	3.24780205E-7	1.43245667E-4
2.02500000E+2	5.14499611E-9	2.43595108E-8	2.98138849E-7	1.74006463E-4
2.03000000E+2	6.63862868E-9	2.15518158E-8	4.17018305E-7	1.53950351E-4
2.03500000E+2	3.84099680E-9	2.46623475E-8	3.54727387E-7	1.76169706E-4
2.04000000E+2	5.92574463E-9	1.94249421E-8	4.11607856E-7	1.38757527E-4
2.04500000E+2	3.89099041E-9	2.03724535E-8	3.65647543E-7	1.45525853E-4
2.05000000E+2	2.48591609E-8	2.70615814E-8	4.01700926E-7	1.93308072E-4
2.05500000E+2	4.67489685E-9	1.97449375E-8	3.41091669E-7	1.41043339E-4
2.06000000E+2	4.69450285E-9	2.01657305E-8	2.98354979E-7	1.44049176E-4
2.06500000E+2	5.65498348E-9	2.45624964E-8	3.21726045E-7	1.75456444E-4
2.07000000E+2	4.82856729E-9	2.16863356E-8	2.77270180E-7	1.54911262E-4
2.07500000E+2	5.47754892E-9	2.25269025E-8	3.18600415E-7	1.60915655E-4
2.08000000E+2	5.65439658E-9	1.86064918E-8	3.38962806E-7	1.32911119E-4
2.08500000E+2	4.82717192E-9	2.04482242E-8	3.54345106E-7	1.46067103E-4
2.09000000E+2	4.40062192E-9	1.95187499E-8	3.00404637E-7	1.39427621E-4
2.09500000E+2	5.02385724E-9	2.43601343E-8	3.46550875E-7	1.74010917E-4
2.10000000E+2	2.74794544E-8	1.94898779E-8	3.25924325E-7	1.39221381E-4
2.10500000E+2	5.60974420E-9	2.53906317E-8	2.90846159E-7	1.81372034E-4
2.11000000E+2	4.95728101E-9	1.87180099E-8	3.03785302E-7	1.33707722E-4
2.11500000E+2	5.98783655E-9	1.87184752E-8	3.04610813E-7	1.33711046E-4
2.12000000E+2	4.27710731E-9	2.84030693E-8	3.10420579E-7	2.02890677E-4
2.12500000E+2	4.51058930E-9	2.31241213E-8	3.25883802E-7	1.65181747E-4
2.13000000E+2	5.30946027E-9	1.83416994E-8	2.87004031E-7	1.31019636E-4
2.13500000E+2	4.49961280E-9	2.12948244E-8	2.78311818E-7	1.52114594E-4
2.14000000E+2	4.39710640E-9	2.47593032E-8	2.72058046E-7	1.76862287E-4
2.14500000E+2	5.00676546E-9	2.42382857E-8	3.34221587E-7	1.73140520E-4
2.15000000E+2	4.24773001E-8	2.29808165E-8	2.76469277E-7	1.64158083E-4
2.15500000E+2	4.83952211E-9	1.77982975E-8	2.94765216E-7	1.27137972E-4
2.16000000E+2	5.11316102E-9	2.55083054E-8	2.47247027E-7	1.82212608E-4
2.16500000E+2	4.56686269E-9	2.21111669E-8	2.77343207E-7	1.57945945E-4
2.17000000E+2	5.16092817E-9	2.27948210E-8	3.03655848E-7	1.62829468E-4
2.17500000E+2	5.08305225E-9	2.41063035E-8	3.37748059E-7	1.72197736E-4
2.18000000E+2	5.41959566E-9	2.09030972E-8	2.93476466E-7	1.49316382E-4
2.18500000E+2	4.64878446E-9	2.21090024E-8	3.31642744E-7	1.57930484E-4
2.19000000E+2	6.09144279E-9	2.10157710E-8	2.51504265E-7	1.50121241E-4
2.19500000E+2	4.08587355E-9	2.55312789E-8	3.74547860E-7	1.82376715E-4
2.20000000E+2	4.37334159E-8	2.29378488E-8	3.98405854E-7	1.63851154E-4
2.20500000E+2	4.19348938E-9	2.94940601E-8	2.58652071E-7	2.10683914E-4
2.21000000E+2	4.30545957E-9	1.98231890E-8	3.50121759E-7	1.41602311E-4
2.21500000E+2	4.72245720E-9	1.93489771E-8	2.74870107E-7	1.38214889E-4
2.22000000E+2	4.56873404E-9	2.18702216E-8	3.00877968E-7	1.56224809E-4
2.22500000E+2	5.72761691E-9	2.47413837E-8	2.51261911E-7	1.76734283E-4
2.23000000E+2	5.14986432E-9	2.16778767E-8	3.69961985E-7	1.54850838E-4
2.23500000E+2	4.12110725E-9	2.36180738E-8	3.01008612E-7	1.68710182E-4
2.24000000E+2	6.27297057E-9	2.37886546E-8	2.62952487E-7	1.69928686E-4
2.24500000E+2	5.78444745E-9	2.35425764E-8	3.81338260E-7	1.68170884E-4
2.25000000E+2	3.76601127E-8	2.61339447E-8	2.87032926E-7	1.86681716E-4
2.25500000E+2	5.63549152E-9	2.75130337E-8	2.97117288E-7	1.96532916E-4
2.26000000E+2	4.24111502E-9	1.92335844E-8	2.90253109E-7	1.37390608E-4
2.26500000E+2	5.14323779E-9	2.69517666E-8	2.61004052E-7	1.92523636E-4
2.27000000E+2	5.03534262E-9	2.18507594E-8	2.78339724E-7	1.56085785E-4
2.27500000E+2	4.83753630E-9	2.70244165E-8	3.53180137E-7	1.93042593E-4
2.28000000E+2	3.95246704E-9	1.87756142E-8	2.90458979E-7	1.34119205E-4
2.28500000E+2	7.46998393E-9	2.16953210E-8	2.38285621E-7	1.54975447E-4
2.29000000E+2	5.18741054E-9	1.77962880E-8	3.32232993E-7	1.27123617E-4
2.29500000E+2	4.92939730E-9	2.04919118E-8	3.02315994E-7	1.46379175E-4
2.30000000E+2	5.41731535E-8	2.44919444E-8	3.66426027E-7	1.74952471E-4
2.30500000E+2	4.36793968E-9	2.38809463E-8	4.08075291E-7	1.70587949E-4
2.31000000E+2	6.25562950E-9	2.08619387E-8	3.51928309E-7	1.49022376E-4
2.31500000E+2	6.04346348E-9	2.11567504E-8	2.72050060E-7	1.51128294E-4
2.32000000E+2	4.37189650E-9	2.33840233E-8	2.62304747E-7	1.67038297E-4
2.32500000E+2	5.36747330E-9	2.53655718E-8	2.53507757E-7	1.81193024E-4
2.33000000E+2	5.12380079E-9	2.09917293E-8	2.90285498E-7	1.49949505E-4
2.33500000E+2	4.79667016E-9	1.84171137E-8	2.23619221E-7	1.31558341E-4
2.34000000E+2	4.36049976E-9	1.79767271E-8	2.81053062E-7	1.28412542E-4
2.34500000E+2	5.37968575E-9	2.71008971E-8	3.35655192E-7	1.93588915E-4
2.35000000E+2	5.41385926E-8	1.89478329E-8	3.12417898E-7	1.35349409E-4
2.35500000E+2	5.08619655E-9	1.82807265E-8	3.34925157E-7	1.30584090E-4
2.36000000E+2	5.54857099E-9	3.77339110E-8	3.98942839E-7	2.69543361E-4
2.36500000E+2	4.46560661E-9	2.08389284E-8	3.04890721E-7	1.48858007E-4
2.37000000E+2	4.16501588E-9	1.78317065E-8	2.32638285E-7	1.27376621E-4
2.37500000E+2	6.12876264E-9	2.26693964E-8	2.53878815E-7	1.61933526E-4
2.38000000E+2	5.15899275E-9	2.10752993E-8	3.05948281E-7	1.50546467E-4
2.38500000E+2	4.48855619E-9	3.24275633E-8	3.85185219E-7	2.31638708E-4
2.39000000E+2	4.02624083E-9	2.60704702E-8	2.92244564E-7	1.86228301E-4
2.39500000E+2	5.48768935E-9	2.75575026E-8	2.97172577E-7	1.96850569E-4
2.40000000E+2	3.15837002E-8	2.16476941E-8	3.73976048E-7	1.54635236E-4
2.40500000E+2	4.30450759E-9	2.26346900E-8	2.44721584E-7	1.61685610E-4
2.41000000E+2	4.61499518E-9	1.83152177E-8	2.50096027E-7	1.30830470E-4
2.41500000E+2	6.02591546E-9	2.88433081E-8	3.47389500E-7	2.06035420E-4
2.42000000E+2	4.15810423E-9	2.17699060E-8	3.15828317E-7	1.55508228E-4
2.42500000E+2	4.22649142E-9	2.28359871E-8	3.51638238E-7	1.63123528E-4
2.43000000E+2	4.97484880E-9	1.83738238E-8	2.48001212E-7	1.31249110E-4
2.43500000E+2	5.16430324E-9	3.27967306E-8	3.38526839E-7	2.34275768E-4
2.44000000E+2	5.52332822E-9	2.35926476E-8	2.93490478E-7	1.68528555E-4
2.44500000E+2	5.89961514E-9	3.30845783E-8	2.77948013E-7	2.36331941E-4
2.45000000E+2	1.81123718E-8	1.99185913E-8	3.46836270E-7	1.42283794E-4
2.45500000E+2	6.62004474E-9	1.88414186E-8	3.05472407E-7	1.34589264E-4
2.46000000E+2	4.29735324E-9	2.45053388E-8	3.11903192E-7	1.75048152E-4
2.46500000E+2	5.00571468E-9	2.79680854E-8	3.70957260E-7	1.99783471E-4
2.47000000E+2	4.39036724E-9	2.31686144E-8	2.89859989E-7	1.65499574E-4
2.47500000E+2	5.02558419E-9	2.62235080E-8	3.33477314E-7	1.87321491E-4
2.48000000E+2	4.59749642E-9	2.10684002E-8	3.25941408E-7	1.50497185E-4
2.48500000E+2	4.71400615E-9	2.57327611E-8	5.73676299E-7	1.83815955E-4
2.49000000E+2	5.20500923E-9	2.12431154E-8	5.02440486E-7	1.51745222E-4
2.49500000E+2	5.47500552E-9	1.79614833E-8	8.13604457E-7	1.28303651E-4
2.50000000E+2	3.14088802E-8	3.25702432E-8	7.64208201E-6	2.32657908E-4
2.50500000E+2	7.41542679E-9	2.03577474E-8	8.55849475E-7	1.45420803E-4
2.51000000E+2	4.10636648E-9	2.12052959E-8	4.70250678E-7	1.51475067E-4
2.51500000E+2	4.03165501E-9	2.22624507E-8	3.66392150E-7	1.59026605E-4
2.52000000E+2	6.40657283E-9	2.06793360E-8	3.21357460E-7	1.47717996E-4
2.52500000E+2	5.19408943E-9	2.11911788E-8	2.94913176E-7	1.51374225E-4
2.53000000E+2	5.17556770E-9	1.73573390E-8	3.08413799E-7	1.23988088E-4
2.53500000E+2	5.13113978E-9	2.14178846E-8	2.73733555E-7	1.52993645E-4
2.54000000E+2	4.27966995E-9	2.31103623E-8	2.74525109E-7	1.65083464E-4
2.54500000E+2	5.72303357E-9	2.52251308E-8	2.87400043E-7	1.80189817E-4
2.55000000E+2	3.41604918E-8	2.46510205E-8	2.78747473E-7	1.76088795E-4
2.55500000E+2	4.21841518E-9	2.18719515E-8	3.17720916E-7	1.56237166E-4
2.56000000E+2	6.00429518E-9	2.15371203E-8	2.41515216E-7	1.53845377E-4
2.56500000E+2	6.93582875E-9	2.15347779E-8	2.94403031E-7	1.53828645E-4
2.57000000E+2	4.95042868E-9	2.83396274E-8	3.21197137E-7	2.02437494E-4
2.57500000E+2	5.40989856E-9	1.86827601E-8	2.90165206E-7	1.33455923E-4
2.58000000E+2	4.31432538E-9	1.82289749E-8	2.54942742E-7	1.30214415E-4
2.58500000E+2	4.77588676E-9	1.89359615E-8	2.40970307E-7	1.35264609E-4
2.59000000E+2	4.90169313E-9	1.84225471E-8	2.42652121E-7	1.31597153E-4
2.59500000E+2	5.93263381E-9	2.91247730E-8	3.23203870E-7	2.08045998E-4
2.60000000E+2	3.05555850E-8	2.38975019E-8	3.53149629E-7	1.70706211E-4
2.60500000E+2	6.19103883E-9	2.07946245E-8	3.10594957E-7	1.48541532E-4
2.61000000E+2	5.11345882E-9	1.68136739E-8	2.48383397E-7	1.20104544E-4
2.61500000E+2	4.71599504E-9	2.55017851E-8	2.71674190E-7	1.82166032E-4
2.62000000E+2	6.53741105E-9	2.08276013E-8	2.95135159E-7	1.48777095E-4
2.62500000E+2	4.30255642E-9	2.41007083E-8	2.54183901E-7	1.72157768E-4
2.63000000E+2	4.30939779E-9	3.02671358E-8	3.29425623E-7	2.16206200E-4
2.63500000E+2	5.21757733E-9	2.22045936E-8	3.10981965E-7	1.58613316E-4
2.64000000E+2	3.86787103E-9	2.00987930E-8	6.45120415E-7	1.43571023E-4
2.64500000E+2	5.19519931E-9	2.31858357E-8	3.37506946E-7	1.65622590E-4
2.65000000E+2	5.03756001E-8	2.00593648E-8	2.83626214E-7	1.43289377E-4
2.65500000E+2	4.48037021E-9	1.82567259E-8	2.59850681E-7	1.30412648E-4
2.66000000E+2	4.60069904E-9	2.21966842E-8	2.54942402E-7	1.58556818E-4
2.66500000E+2	5.16352073E-9	2.86148751E-8	3.21363850E-7	2.04403662E-4
2.67000000E+2	5.78963963E-9	1.80095322E-8	3.05095027E-7	1.28646877E-4
2.67500000E+2	4.18021631E-9	1.64479301E-8	2.80815328E-7	1.17491938E-4
2.68000000E+2	4.89020840E-9	2.18065663E-8	2.81607074E-7	1.55770102E-4
2.68500000E+2	4.28429381E-9	1.77641809E-8	2.70946150E-7	1.26894268E-4
2.69000000E+2	4.45000179E-9	2.15499188E-8	2.52658485E-7	1.53936800E-4
2.69500000E+2	4.33463481E-9	1.81912601E-8	2.56972298E-7	1.29945009E-4
2.70000000E+2	3.72101051E-8	2.22659908E-8	3.06875508E-7	1.59051893E-4
2.70500000E+2	6.71624871E-9	1.87668899E-8	3.20292658E-7	1.34056885E-4
2.71000000E+2	5.68436282E-9	2.00414209E-8	2.55052050E-7	1.43161199E-4
2.71500000E+2	5.27943838E-9	1.69959874E-8	2.62781255E-7	1.21406857E-4
2.72000000E+2	4.07205625E-9	2.96131349E-8	2.86934068E-7	2.11534497E-4
2.72500000E+2	4.62987644E-9	2.39416944E-8	2.45367221E-7	1.71021890E-4
2.73000000E+2	4.63941009E-9	2.10287018E-8	2.63503077E-7	1.50213609E-4
2.73500000E+2	5.20221951E-9	2.06360133E-8	2.29091810E-7	1.47408530E-4
2.74000000E+2	5.43731202E-9	3.27014031E-8	3.66392696E-7	2.33594818E-4
2.74500000E+2	5.93993057E-9	3.04510515E-8	2.49185241E-7	2.17519958E-4
2.75000000E+2	4.72088250E-8	2.38276386E-8	2.60900779E-7	1.70207158E-4
2.75500000E+2	4.63328035E-9	3.54633365E-8	4.14269024E-7	2.53324043E-4
2.76000000E+2	4.61038022E-9	2.16688160E-8	2.17042898E-7	1.54786115E-4
2.76500000E+2	4.64538010E-9	3.19720908E-8	2.76576004E-7	2.28385147E-4
2.77000000E+2	5.64615491E-9	2.29714288E-8	2.71789897E-7	1.64091025E-4
2.77500000E+2	4.37719116E-9	2.68055946E-8	3.45841061E-7	1.91479491E-4
2.78000000E+2	4.88677594E-9	3.15168829E-8	3.09739667E-7	2.25133475E-4
2.78500000E+2	4.20929111E-9	1.80536936E-8	2.51918076E-7	1.28962334E-4
2.79000000E+2	7.15579440E-9	2.23546260E-8	2.59667731E-7	1.59685038E-4
2.79500000E+2	5.80504507E-9	1.87360316E-8	2.19293785E-7	1.33836456E-4
2.80000000E+2	6.05591457E-8	2.97943779E-8	2.82644687E-7	2.12829164E-4
2.80500000E+2	5.37471762E-9	1.97373586E-8	2.52800697E-7	1.40989201E-4
2.81000000E+2	4.96445719E-9	2.07644279E-8	3.55687394E-7	1.48325830E-4
2.81500000E+2	5.33482648E-9	2.51224521E-8	2.20617104E-7	1.79456356E-4
2.82000000E+2	5.96635061E-9	2.15833790E-8	2.67027464E-7	1.54175816E-4
2.82500000E+2	7.80287059E-9	3.19358788E-8	3.01777283E-7	2.28126474E-4
2.83000000E+2	5.68025624E-9	2.16369319E-8	2.76923481E-7	1.54558358E-4
2.83500000E+2	6.73285643E-9	3.20970338E-8	3.36146219E-7	2.29277648E-4
2.84000000E+2	4.52325576E-9	2.32849713E-8	2.89871019E-7	1.66330742E-4
2.84500000E+2	5.12099130E-9	1.99507229E-8	2.41143778E-7	1.42513319E-4
2.85000000E+2	4.93994297E-8	2.69667060E-8	2.68801772E-7	1.92630352E-4
2.85500000E+2	4.45901275E-9	1.86711434E-8	2.89202305E-7	1.33372942E-4
2.86000000E+2	5.53699575E-9	2.19501916E-8	2.19334692E-7	1.56796056E-4
2.86500000E+2	4.85332879E-9	2.15555032E-8	2.54784250E-7	1.53976691E-4
2.87000000E+2	5.40885555E-9	1.87056574E-8	2.68547209E-7	1.33619485E-4
2.87500000E+2	3.97586761E-9	1.95629579E-8	3.12032564E-7	1.39743411E-4
2.88000000E+2	4.21150542E-9	1.85162353E-8	2.51167976E-7	1.32266393E-4
2.88500000E+2	4.96657849E-9	2.42100081E-8	3.04419265E-7	1.72938525E-4
2.89000000E+2	4.03957954E-9	2.17832128E-8	2.94416138E-7	1.55603282E-4
2.89500000E+2	5.34696689E-9	2.07814470E-8	2.15974121E-7	1.48447402E-4
2.90000000E+2	2.91952843E-8	2.24894562E-8	2.39473185E-7	1.60648166E-4
2.90500000E+2	4.98698470E-9	2.14613077E-8	2.65923041E-7	1.53303828E-4
2.91000000E+2	5.57898546E-9	1.94998637E-8	2.41869552E-7	1.39292712E-4
2.91500000E+2	6.39933261E-9	2.42012384E-8	2.78092672E-7	1.72875882E-4
2.92000000E+2	5.36164009E-9	2.04786633E-8	2.44116004E-7	1.46284538E-4
2.92500000E+2	6.45798648E-9	1.74364650E-8	2.96858920E-7	1.24553306E-4
2.93000000E+2	5.20318957E-9	2.04176223E-8	2.49093421E-7	1.45848505E-4
2.93500000E+2	4.75547978E-9	1.90639737E-8	2.71802720E-7	1.36179033E-4
2.94000000E+2	5.03857958E-9	1.95999438E-8	2.55806106E-7	1.40007610E-4
2.94500000E+2	4.61813389E-9	2.06423094E-8	3.20017751E-7	1.47453505E-4
2.95000000E+2	3.72671774E-8	2.35186447E-8	2.53130532E-7	1.67999933E-4
2.95500000E+2	4.12852338E-9	2.95855768E-8	3.45771252E-7	2.11337643E-4
2.96000000E+2	4.90370306E-9	1.90215223E-8	2.42674341E-7	1.35875792E-4
2.96500000E+2	4.31751524E-9	2.30378073E-8	2.99776805E-7	1.64565183E-4
2.97000000E+2	5.89003740E-9	1.95284175E-8	2.85619834E-7	1.39496679E-4
2.97500000E+2	4.33000312E-9	2.79919996E-8	3.13504889E-7	1.99954296E-4
2.98000000E+2	3.71908278E-9	1.51193422E-8	2.32694746E-7	1.08001482E-4
2.98500000E+2	4.45362476E-9	3.34602061E-8	3.05304711E-7	2.39015150E-4
2.99000000E+2	4.46499896E-9	1.90502956E-8	2.96362056E-7	1.36081327E-4
2.99500000E+2	5.15649376E-9	2.43969537E-8	4.01788968E-7	1.74273928E-4
3.00000000E+2	3.00102748E-8	1.80062448E-8	6.53651130E-7	1.28623395E-4
3.00500000E+2	5.31936792E-9	2.54211986E-8	3.39725512E-7	1.81590382E-4
3.01000000E+2	6.00730024E-9	2.63918021E-8	3.45072940E-7	1.88523661E-4
3.01500000E+2	6.19040472E-9	1.85377979E-8	2.81944483E-7	1.32420420E-4
3.02000000E+2	6.08247072E-9	2.47906841E-8	3.19176444E-7	1.77086449E-4
3.02500000E+2	5.21741127E-9	2.34942623E-8	2.29685503E-7	1.67825763E-4
3.03000000E+2	4.74992871E-9	2.40973939E-8	2.57591032E-7	1.72134093E-4
3.03500000E+2	6.11648050E-9	2.05306979E-8	2.40653600E-7	1.46656234E-4
3.04000000E+2	5.31887197E-9	2.20437054E-8	2.60745177E-7	1.57464050E-4
3.04500000E+2	4.67457606E-9	2.05967873E-8	2.79765514E-7	1.47128329E-4
3.05000000E+2	3.79541918E-8	1.90391241E-8	3.12403817E-7	1.36001526E-4
3.05500000E+2	4.67697726E-9	1.95188445E-8	2.31604862E-7	1.39428297E-4
3.06000000E+2	6.53483925E-9	1.71545363E-8	2.58666395E-7	1.22539415E-4
3.06500000E+2	6.58996662E-9	1.85046136E-8	3.30583853E-7	1.32183375E-4
3.07000000E+2	4.08416759E-9	2.30973296E-8	2.72001655E-7	1.64990368E-4
3.07500000E+2	5.48634153E-9	2.10775927E-8	3.53564254E-7	1.50562850E-4
3.08000000E+2	4.78358955E-9	2.75515931E-8	3.85508724E-7	1.96808356E-4
3.08500000E+2	4.31700628E-9	2.75331594E-8	2.82544283E-7	1.96676679E-4
3.09000000E+2	4.79613689E-9	1.97196184E-8	2.27875692E-7	1.40862478E-4
3.09500000E+2	5.15455617E-9	1.98475430E-8	2.79373632E-7	1.41776277E-4
3.10000000E+2	3.84053723E-8	2.42604672E-8	3.15628947E-7	1.73298969E-4
3.10500000E+2	5.52519818E-9	1.77779935E-8	2.40504478E-7	1.26992935E-4
3.11000000E+2	4.35622409E-9	2.54456665E-8	2.26734510E-7	1.81765162E-4
3.11500000E+2	4.85493682E-9	1.89912671E-8	2.48478190E-7	1.35659671E-4
3.12000000E+2	5.01965268E-9	2.15982080E-8	2.75780857E-7	1.54281743E-4
3.12500000E+2	7.04222751E-9	1.97142251E-8	3.33815340E-7	1.40823952E-4
3.13000000E+2	6.17870376E-9	1.99731843E-8	3.00269224E-7	1.42673767E-4
3.13500000E+2	6.02447417E-9	1.96505666E-8	3.17367211E-7	1.40369223E-4
3.14000000E+2	4.79084875E-9	1.96559904E-8	3.14615168E-7	1.40407966E-4
3.14500000E+2	4.61048409E-9	2.82696962E-8	2.39635567E-7	2.01937957E-4
3.15000000E+2	4.55336890E-8	1.93119344E-8	2.80348483E-7	1.37950283E-4
3.15500000E+2	4.57207430E-9	1.67633445E-8	2.94667405E-7	1.19745027E-4
3.16000000E+2	4.15245935E-9	2.02401945E-8	2.28485290E-7	1.44581091E-4
3.16500000E+2	4.45222758E-9	2.64840913E-8	3.10102738E-7	1.89182907E-4
3.17000000E+2	5.12841833E-9	1.77147025E-8	2.17215177E-7	1.26540831E-4
3.17500000E+2	4.47102948E-9	1.99467944E-8	2.94870745E-7	1.42485257E-4
3.18000000E+2	4.41734036E-9	1.96694702E-8	2.45458571E-7	1.40504256E-4
3.18500000E+2	4.75742666E-9	1.80365438E-8	2.40621529E-7	1.28839828E-4
3.19000000E+2	4.86751705E-9	1.56619949E-8	3.14534707E-7	1.11877794E-4
3.19500000E+2	4.87831859E-9	2.20358198E-8	2.41073701E-7	1.57407721E-4
3.20000000E+2	4.45249880E-8	1.97103794E-8	2.26704995E-7	1.40796481E-4
3.20500000E+2	5.99722601E-9	1.93558341E-8	2.61959912E-7	1.38263870E-4
3.21000000E+2	4.48560110E-9	2.44106362E-8	2.51616745E-7	1.74371665E-4
3.21500000E+2	6.39835256E-9	2.14595500E-8	1.86909830E-7	1.53291272E-4
3.22000000E+2	4.87649951E-9	1.83090043E-8	2.03574885E-7	1.30786087E-4
3.22500000E+2	7.42411112E-9	1.63422071E-8	2.38076019E-7	1.16736731E-4
3.23000000E+2	5.23965082E-9	1.71925313E-8	3.30278857E-7	1.22810823E-4
3.23500000E+2	4.79353540E-9	2.97904105E-8	3.67326647E-7	2.12800824E-4
3.24000000E+2	5.08377066E-9	1.96895959E-8	2.15616648E-7	1.40648019E-4
3.24500000E+2	4.37233311E-9	1.68864124E-8	2.54815213E-7	1.20624134E-4
3.25000000E+2	6.48326039E-8	2.39039325E-8	3.98544017E-7	1.70752147E-4
3.25500000E+2	5.28721203E-9	2.24014362E-8	2.46909732E-7	1.60019416E-4
3.26000000E+2	5.42564206E-9	1.62369157E-8	2.14802730E-7	1.15984606E-4
3.26500000E+2	5.43305376E-9	1.82269848E-8	2.55858565E-7	1.30200199E-4
3.27000000E+2	6.18645540E-9	2.51172752E-8	2.23304994E-7	1.79419376E-4
3.27500000E+2	4.76378453E-9	1.96417633E-8	2.68368511E-7	1.40306338E-4
3.28000000E+2	4.06257088E-9	2.20436266E-8	2.75186611E-7	1.57463487E-4
3.28500000E+2	5.32003361E-9	1.86974324E-8	3.06794521E-7	1.33560732E-4
3.29000000E+2	4.58069784E-9	2.15670040E-8	2.34439305E-7	1.54058844E-4
3.29500000E+2	4.80314847E-9	2.33518039E-8	2.11239283E-7	1.66808145E-4
3.30000000E+2	3.71887735E-8	2.30280989E-8	2.31434293E-7	1.64495834E-4
3.30500000E+2	4.58200273E-9	2.44541453E-8	2.20881043E-7	1.74682463E-4
3.31000000E+2	4.02532182E-9	1.80692655E-8	2.45974283E-7	1.29073568E-4
3.31500000E+2	4.68740382E-9	1.69984667E-8	3.25921151E-7	1.21424568E-4
3.32000000E+2	4.99922921E-9	2.09917506E-8	2.65649978E-7	1.49949657E-4
3.32500000E+2	4.30141372E-9	2.18848886E-8	2.58688183E-7	1.56329579E-4
3.33000000E+2	5.00470677E-9	1.80075566E-8	4.22986495E-7	1.28632766E-4
3.33500000E+2	5.69065935E-9	2.36806022E-8	7.36249006E-7	1.69156838E-4
3.34000000E+2	7.00911642E-9	2.25482240E-8	3.01381161E-7	1.61067960E-4
3.34500000E+2	4.86867500E-9	2.58944981E-8	3.54015652E-7	1.84971285E-4
3.35000000E+2	2.30630485E-8	2.22581419E-8	2.25855065E-7	1.58995827E-4
3.35500000E+2	5.84528471E-9	2.22613413E-8	2.48245021E-7	1.59018681E-4
3.36000000E+2	6.43068973E-9	2.11202911E-8	2.54765029E-7	1.50867855E-4
3.36500000E+2	5.99248506E-9	1.82329630E-8	2.13818474E-7	1.30242903E-4
3.37000000E+2	4.93551470E-9	2.38441853E-8	1.85841347E-7	1.70325356E-4
3.37500000E+2	4.60207242E-9	1.66732517E-8	2.60582496E-7	1.19101470E-4
3.38000000E+2	5.12369382E-9	2.72600161E-8	3.40782591E-7	1.94725544E-4
3.38500000E+2	5.92396769E-9	1.92345406E-8	2.07394721E-7	1.37397439E-4
3.39000000E+2	4.59420814E-9	1.92841011E-8	2.60714689E-7	1.37751462E-4
3.39500000E+2	5.38987322E-9	1.95516924E-8	2.65505177E-7	1.39662938E-4
3.40000000E+2	3.33000868E-8	1.83637575E-8	2.62098046E-7	1.31177203E-4
3.40500000E+2	4.60619053E-9	2.05189115E-8	2.20113004E-7	1.46572041E-4
3.41000000E+2	5.67444011E-9	1.87727627E-8	2.44686620E-7	1.34098836E-4
3.41500000E+2	6.30732268E-9	1.66427890E-8	2.64243052E-7	1.18883868E-4
3.42000000E+2	5.11548328E-9	1.93016352E-8	2.49308255E-7	1.37876713E-4
3.42500000E+2	4.96630723E-9	1.84270738E-8	2.34226179E-7	1.31629488E-4
3.43000000E+2	4.54815529E-9	1.72132211E-8	2.57828999E-7	1.22958615E-4
3.43500000E+2	3.97382096E-9	2.23872819E-8	2.31628468E-7	1.59918308E-4
3.44000000E+2	5.93642998E-9	1.93560762E-8	2.75003204E-7	1.38265599E-4
3.44500000E+2	5.62612416E-9	2.23702145E-8	2.24246293E-7	1.59796391E-4
3.45000000E+2	4.65049419E-8	1.91756799E-8	2.47381472E-7	1.36976981E-4
3.45500000E+2	4.47506994E-9	1.92001187E-8	2.22268033E-7	1.37151553E-4
3.46000000E+2	4.16721252E-9	1.94612263E-8	2.23987681E-7	1.39016714E-4
3.46500000E+2	5.76453401E-9	1.72249856E-8	2.61633703E-7	1.23042653E-4
3.47000000E+2	4.82098902E-9	2.11991043E-8	2.90938074E-7	1.51430839E-4
3.47500000E+2	6.12347669E-9	2.73308435E-8	4.10764165E-7	1.95231483E-4
3.48000000E+2	4.63231963E-9	1.75029135E-8	3.70323132E-7	1.25027966E-4
3.48500000E+2	4.88233096E-9	2.06213498E-8	4.17930137E-7	1.47303785E-4
3.49000000E+2	6.03654606E-9	1.73270824E-8	5.67339547E-7	1.23771957E-4
3.49500000E+2	4.64743422E-9	2.03943562E-8	1.04144166E-6	1.45682310E-4
3.50000000E+2	7.12975797E-8	1.81770471E-8	5.98662676E-6	1.29843481E-4
3.50500000E+2	5.92194888E-9	2.35254748E-8	9.97593817E-7	1.68048722E-4
3.51000000E+2	4.56009854E-9	1.68492317E-8	5.74304699E-7	1.20358543E-4
3.51500000E+2	4.56918637E-9	2.07831172E-8	4.55861419E-7	1.48459333E-4
3.52000000E+2	6.87921473E-9	2.65608462E-8	4.35777186E-7	1.89731188E-4
3.52500000E+2	5.13462513E-9	1.86532340E-8	2.94417669E-7	1.33245011E-4
3.53000000E+2	6.97205020E-9	2.26546468E-8	3.28410010E-7	1.61828166E-4
3.53500000E+2	5.05387556E-9	2.27672517E-8	2.42670815E-7	1.62632533E-4
3.54000000E+2	4.18242091E-9	2.81731426E-8	3.81194722E-7	2.01248249E-4
3.54500000E+2	4.35239058E-9	2.80906937E-8	3.85009142E-7	2.00659295E-4
3.55000000E+2	3.55109016E-8	2.13671590E-8	2.27215496E-7	1.52631298E-4
3.55500000E+2	5.93083157E-9	2.31241809E-8	2.48895014E-7	1.65182173E-4
3.56000000E+2	7.89002103E-9	1.58916446E-8	2.21948458E-7	1.13518243E-4
3.56500000E+2	6.54714047E-9	2.35765177E-8	2.19514817E-7	1.68413335E-4
3.57000000E+2	8.70593080E-9	1.69643757E-8	1.98431989E-7	1.21181047E-4
3.57500000E+2	4.18622316E-9	1.91916605E-8	2.74375764E-7	1.37091134E-4
3.58000000E+2	5.07153326E-9	3.15783597E-8	3.16579560E-7	2.25572620E-4
3.58500000E+2	4.37276236E-9	2.09702909E-8	2.88322730E-7	1.49796364E-4
3.59000000E+2	5.15250223E-9	1.94793214E-8	2.35875871E-7	1.39145972E-4
3.59500000E+2	7.46814252E-9	1.84109106E-8	2.52736455E-7	1.31514030E-4
3.60000000E+2	5.34974285E-8	2.18296862E-8	1.89918489E-7	1.55935253E-4
3.60500000E+2	6.87586443E-9	2.12359327E-8	2.55847639E-7	1.51693914E-4
3.61000000E+2	5.39409061E-9	2.29027477E-8	2.61114890E-7	1.63600417E-4
3.61500000E+2	7.24851426E-9	2.17822731E-8	2.45089155E-7	1.55596569E-4
3.62000000E+2	5.71299301E-9	1.96057440E-8	2.39389651E-7	1.40049043E-4
3.62500000E+2	4.48871966E-9	2.53982526E-8	2.11644231E-7	1.81426472E-4
3.63000000E+2	6.32220002E-9	1.88821301E-8	2.45438954E-7	1.34880077E-4
3.63500000E+2	7.15219012E-9	1.76634142E-8	2.19853455E-7	1.26174464E-4
3.64000000E+2	4.65225500E-9	1.66597106E-8	2.43829457E-7	1.19004743E-4
3.64500000E+2	5.34645958E-9	2.15294981E-8	3.11577566E-7	1.53790930E-4
3.65000000E+2	5.86778292E-8	2.22612819E-8	2.51377628E-7	1.59018256E-4
3.65500000E+2	4.90711096E-9	4.03356350E-8	3.04124719E-7	2.88128167E-4
3.66000000E+2	4.97997788E-9	2.27910563E-8	2.11974538E-7	1.62802576E-4
3.66500000E+2	4.17336150E-9	1.89444280E-8	2.15896326E-7	1.35325087E-4
3.67000000E+2	4.46567772E-9	2.39809045E-8	2.77176522E-7	1.71301978E-4
3.67500000E+2	5.21041476E-9	1.78152745E-8	2.08110436E-7	1.27259243E-4
3.68000000E+2	5.50608362E-9	2.71104479E-8	2.13672514E-7	1.93657138E-4
3.68500000E+2	5.62961091E-9	2.42846621E-8	3.15830809E-7	1.73471799E-4
3.69000000E+2	4.04353011E-9	2.14609888E-8	2.16863360E-7	1.53301550E-4
3.69500000E+2	4.30618345E-9	1.73113299E-8	2.53820527E-7	1.23659433E-4
3.70000000E+2	3.15154163E-8	1.94870412E-8	1.92333228E-7	1.39201117E-4
3.70500000E+2	4.90068184E-9	1.77913154E-8	2.05862591E-7	1.27088097E-4
3.71000000E+2	5.51380138E-9	2.08778638E-8	2.28594405E-7	1.49136133E-4
3.71500000E+2	4.23134352E-9	1.87952647E-8	2.28530219E-7	1.34259574E-4
3.72000000E+2	6.20715066E-9	1.83130157E-8	2.22607376E-7	1.30814741E-4
3.72500000E+2	4.79178810E-9	1.81109806E-8	1.90631620E-7	1.29371550E-4
3.73000000E+2	4.51272056E-9	1.97803713E-8	2.29184070E-7	1.41296452E-4
3.73500000E+2	4.06421996E-9	1.91878303E-8	1.98655633E-7	1.37063774E-4
3.74000000E+2	3.99561977E-9	1.86211128E-8	2.14193032E-7	1.33015561E-4
3.74500000E+2	5.14096395E-9	2.04775687E-8	2.41154816E-7	1.46276718E-4
3.75000000E+2	2.79237201E-8	1.96391729E-8	2.97868027E-7	1.40287834E-4
3.75500000E+2	4.04193360E-9	2.24965374E-8	2.43341092E-7	1.60698749E-4
3.76000000E+2	5.82296313E-9	2.42088198E-8	2.51685063E-7	1.72930037E-4
3.76500000E+2	4.72180178E-9	2.14894734E-8	2.89072995E-7	1.53505023E-4
3.77000000E+2	6.31266196E-9	1.85839961E-8	2.59685983E-7	1.32750426E-4
3.77500000E+2	6.18518928E-9	3.01253017E-8	2.35543228E-7	2.15193041E-4
3.78000000E+2	6.10240679E-9	2.29471417E-8	3.68244088E-7	1.63917535E-4
3.78500000E+2	5.95918559E-9	1.77783665E-8	2.07191824E-7	1.26995600E-4
3.79000000E+2	4.75639533E-9	2.98294824E-8	3.93196349E-7	2.13079925E-4
3.79500000E+2	4.30672553E-9	1.82709226E-8	2.13034402E-7	1.30514058E-4
3.80000000E+2	4.84039638E-8	1.83051024E-8	3.30544684E-7	1.30758214E-4
3.80500000E+2	4.97125827E-9	2.20980565E-8	3.12083878E-7	1.57852294E-4
3.81000000E+2	5.61227841E-9	1.94618653E-8	2.10023658E-7	1.39021279E-4
3.81500000E+2	5.09099103E-9	2.07310643E-8	2.99267456E-7	1.48087505E-4
3.82000000E+2	4.30622857E-9	2.15487252E-8	2.81144616E-7	1.53928274E-4
3.82500000E+2	4.03924291E-9	1.83397452E-8	3.26913654E-7	1.31005677E-4
3.83000000E+2	5.40527866E-9	2.21998973E-8	3.07793252E-7	1.58579770E-4
3.83500000E+2	5.90950321E-9	2.00436950E-8	2.15379354E-7	1.43177443E-4
3.84000000E+2	4.58475036E-9	2.43735768E-8	2.66088090E-7	1.74106940E-4
3.84500000E+2	5.05863079E-9	2.40652451E-8	2.33616319E-7	1.71904445E-4
3.85000000E+2	4.83478910E-8	1.79762507E-8	2.30043356E-7	1.28409139E-4
3.85500000E+2	6.18591493E-9	2.30795812E-8	3.19582115E-7	1.64863586E-4
3.86000000E+2	4.83774510E-9	1.78632810E-8	2.42306457E-7	1.27602166E-4
3.86500000E+2	4.18346340E-9	1.86784765E-8	2.31117151E-7	1.33425324E-4
3.87000000E+2	4.38612877E-9	1.80271339E-8	2.64717633E-7	1.28772611E-4
3.87500000E+2	4.29250196E-9	1.96982608E-8	2.06366772E-7	1.40709915E-4
3.88000000E+2	5.09655456E-9	1.89197995E-8	2.08715958E-7	1.35149159E-4
3.88500000E+2	4.32542892E-9	2.43749912E-8	2.46843888E-7	1.74117044E-4
3.89000000E+2	6.12688833E-9	1.52041394E-8	2.25060604E-7	1.08607210E-4
3.89500000E+2	7.27409531E-9	2.50519976E-8	3.66763387E-7	1.78953081E-4
3.90000000E+2	6.84685252E-8	2.16292593E-8	2.58464931E-7	1.54503551E-4
3.90500000E+2	5.38157699E-9	1.90161955E-8	2.46331363E-7	1.35837742E-4
3.91000000E+2	6.22704619E-9	2.66873345E-8	2.16297727E-7	1.90634727E-4
3.91500000E+2	4.59126731E-9	2.49822842E-8	1.95037258E-7	1.78455099E-4
3.92000000E+2	7.22195013E-9	1.81825823E-8	2.43406887E-7	1.29883020E-4
3.92500000E+2	4.24760348E-9	1.79860009E-8	2.18687175E-7	1.28478787E-4
3.93000000E+2	5.04508787E-9	1.80101360E-8	2.45792972E-7	1.28651191E-4
3.93500000E+2	4.82231843E-9	2.05020501E-8	2.43920458E-7	1.46451596E-4
3.94000000E+2	5.09793773E-9	1.61644241E-8	2.65809848E-7	1.15466780E-4
3.94500000E+2	6.33224653E-9	1.85287775E-8	2.73133432E-7	1.32355985E-4
3.95000000E+2	3.67877845E-8	2.36313229E-8	3.25860488E-7	1.68804823E-4
3.95500000E+2	4.56520504E-9	1.96135440E-8	2.74251302E-7	1.40104760E-4
3.96000000E+2	5.33606884E-9	2.48606618E-8	2.93223570E-7	1.77586318E-4
3.96500000E+2	5.04801870E-9	1.94962255E-8	2.07973609E-7	1.39266723E-4
3.97000000E+2	5.28614812E-9	2.49062741E-8	3.12374213E-7	1.77912139E-4
3.97500000E+2	5.67542436E-9	2.09387534E-8	2.29299634E-7	1.49571083E-4
3.98000000E+2	5.79491920E-9	1.86014082E-8	2.66228873E-7	1.32874805E-4
3.98500000E+2	4.30440292E-9	1.97981064E-8	3.03544361E-7	1.41423139E-4
3.99000000E+2	4.52355724E-9	2.11831749E-8	2.63750678E-7	1.51317051E-4
3.99500000E+2	4.69966740E-9	2.76165071E-8	3.93409008E-7	1.97272054E-4
4.00000000E+2	3.10582437E-8	1.81843423E-8	3.92479750E-7	1.29895593E-4
4.00500000E+2	4.32185415E-9	2.33624922E-8	3.85499019E-7	1.66884494E-4
4.01000000E+2	4.28380670E-9	2.07835738E-8	3.13135562E-7	1.48462595E-4
4.01500000E+2	5.05071658E-9	1.93614810E-8	2.23492492E-7	1.38304207E-4
4.02000000E+2	4.51013752E-9	1.91884347E-8	2.49598639E-7	1.37068092E-4
4.02500000E+2	5.22308010E-9	2.07799098E-8	2.19626683E-7	1.48436421E-4
4.03000000E+2	4.93297648E-9	2.87771126E-8	3.27127517E-7	2.05562568E-4
4.03500000E+2	4.42961103E-9	1.94526365E-8	2.44627098E-7	1.38955355E-4
4.04000000E+2	7.10247600E-9	2.00665394E-8	2.62415399E-7	1.43340627E-4
4.04500000E+2	4.95024509E-9	2.15198306E-8	2.35818224E-7	1.53721872E-4
4.05000000E+2	3.76591931E-8	1.76934712E-8	2.85506740E-7	1.26389170E-4
4.05500000E+2	5.88915142E-9	2.72432770E-8	2.32117217E-7	1.94605972E-4
4.06000000E+2	6.01723893E-9	2.34273477E-8	2.88360087E-7	1.67347774E-4
4.06500000E+2	4.67192285E-9	1.84729251E-8	2.35568163E-7	1.31957016E-4
4.07000000E+2	5.21998067E-9	2.22202696E-8	2.44255050E-7	1.58725294E-4
4.07500000E+2	4.88707682E-9	2.28756878E-8	2.88677889E-7	1.63407121E-4
4.08000000E+2	5.53011795E-9	1.95020262E-8	2.11715674E-7	1.39308159E-4
4.08500000E+2	4.92979235E-9	1.89553305E-8	2.18915851E-7	1.35402966E-4
4.09000000E+2	5.01660475E-9	1.79748621E-8	2.31528316E-7	1.28399220E-4
4.09500000E+2	4.89478447E-9	3.04771153E-8	3.23208380E-7	2.17706139E-4
4.10000000E+2	5.44662886E-8	2.07866988E-8	2.05160783E-7	1.48484917E-4
4.10500000E+2	5.38014921E-9	2.18516531E-8	2.73504579E-7	1.56092169E-4
4.11000000E+2	5.24334611E-9	1.94723695E-8	3.20091499E-7	1.39096313E-4
4.11500000E+2	5.35670914E-9	1.83945932E-8	2.53453298E-7	1.31397471E-4
4.12000000E+2	5.09906474E-9	2.07045375E-8	2.40527498E-7	1.47898017E-4
4.12500000E+2	5.75785533E-9	2.02522460E-8	2.08471698E-7	1.44667178E-4
4.13000000E+2	4.10156098E-9	1.95654720E-8	2.06355671E-7	1.39761370E-4
4.13500000E+2	5.89015066E-9	1.95200053E-8	2.38293370E-7	1.39436588E-4
4.14000000E+2	4.63539485E-9	1.79090195E-8	2.34466872E-7	1.27928889E-4
4.14500000E+2	4.60810217E-9	1.69440247E-8	2.23619108E-7	1.21035674E-4
4.15000000E+2	4.18340067E-8	2.63289042E-8	2.89054169E-7	1.88074364E-4
4.15500000E+2	4.27558987E-9	2.11022769E-8	2.11009372E-7	1.50739175E-4
4.16000000E+2	4.90842071E-9	1.66882614E-8	2.17296646E-7	1.19208689E-4
4.16500000E+2	4.49229166E-9	1.64132364E-8	2.60998830E-7	1.17244112E-4
4.17000000E+2	5.43805840E-9	1.84335724E-8	3.62296989E-7	1.31675909E-4
4.17500000E+2	4.41650230E-9	1.89277627E-8	2.67974844E-7	1.35206042E-4
4.18000000E+2	5.53865253E-9	2.07845866E-8	3.57811584E-7	1.48469829E-4
4.18500000E+2	4.45030015E-9	1.79822971E-8	2.72502990E-7	1.28452330E-4
4.19000000E+2	5.68559908E-9	2.57990480E-8	2.31583199E-7	1.84289461E-4
4.19500000E+2	4.32799660E-9	2.41606696E-8	3.09210843E-7	1.72586087E-4
4.20000000E+2	4.66608151E-8	2.51105310E-8	3.98064522E-7	1.79371200E-4
4.20500000E+2	4.24993673E-9	2.14222939E-8	2.11742754E-7	1.53025142E-4
4.21000000E+2	5.05031175E-9	2.22397659E-8	3.64564148E-7	1.58864562E-4
4.21500000E+2	4.75836384E-9	1.79690544E-8	3.00726377E-7	1.28357734E-4
4.22000000E+2	5.04816608E-9	1.75964905E-8	3.29208845E-7	1.25696411E-4
4.22500000E+2	4.88025524E-9	1.73549009E-8	2.39209405E-7	1.23970672E-4
4.23000000E+2	4.39570848E-9	1.74807623E-8	3.78683739E-7	1.24869733E-4
4.23500000E+2	6.31916303E-9	2.13949378E-8	2.90193500E-7	1.52829730E-4
4.24000000E+2	4.71947699E-9	2.21396389E-8	2.68553667E-7	1.58149328E-4
4.24500000E+2	5.25673627E-9	1.97456182E-8	2.32290051E-7	1.41048201E-4
4.25000000E+2	3.91980606E-8	2.20562577E-8	2.28680063E-7	1.57553714E-4
4.25500000E+2	4.66124936E-9	1.75550345E-8	1.89332336E-7	1.25400279E-4
4.26000000E+2	4.92477523E-9	1.86498339E-8	2.41555438E-7	1.33220723E-4
4.26500000E+2	4.83886906E-9	1.98021864E-8	2.04962892E-7	1.41452283E-4
4.27000000E+2	6.88757044E-9	1.83042044E-8	2.81307377E-7	1.30751799E-4
4.27500000E+2	5.14993082E-9	1.92710692E-8	2.77956090E-7	1.37658372E-4
4.28000000E+2	5.02391408E-9	1.70746776E-8	1.97464552E-7	1.21968963E-4
4.28500000E+2	6.63263871E-9	1.73170883E-8	2.76557833E-7	1.23700567E-4
4.29000000E+2	5.45700242E-9	2.99233522E-8	1.97204872E-7	2.13750462E-4
4.29500000E+2	3.97887520E-9	1.61257068E-8	2.13141551E-7	1.15190212E-4
4.30000000E+2	5.90541918E-8	2.44381968E-8	2.14894153E-7	1.74568539E-4
4.30500000E+2	5.78453443E-9	2.19045803E-8	2.71358008E-7	1.56470242E-4
4.31000000E+2	4.14350595E-9	2.13740264E-8	2.36913416E-7	1.52680354E-4
4.31500000E+2	6.67076299E-9	2.02720721E-8	2.47648626E-7	1.44808802E-4
4.32000000E+2	5.58711777E-9	1.97347163E-8	2.50722862E-7	1.40970326E-4
4.32500000E+2	5.38663767E-9	1.99745949E-8	2.17647486E-7	1.42683843E-4
4.33000000E+2	4.39992118E-9	1.77720490E-8	1.95587277E-7	1.26950472E-4
4.33500000E+2	5.15201724E-9	2.19608403E-8	2.75323157E-7	1.56872122E-4
4.34000000E+2	4.73151497E-9	1.75828528E-8	2.48153993E-7	1.25598993E-4
4.34500000E+2	4.65427838E-9	1.90448969E-8	2.31310026E-7	1.36042763E-4
4.35000000E+2	2.59701680E-8	3.04067913E-8	2.72198549E-7	2.17203796E-4
4.35500000E+2	4.87459865E-9	1.66214948E-8	2.07267042E-7	1.18731757E-4
4.36000000E+2	6.67654837E-9	1.86260219E-8	1.93898892E-7	1.33050627E-4
4.36500000E+2	4.20126220E-9	2.20952982E-8	1.97954331E-7	1.57832591E-4
4.37000000E+2	4.62840847E-9	2.06687030E-8	2.61975748E-7	1.47642042E-4
4.37500000E+2	4.95531190E-9	1.67160073E-8	2.30337543E-7	1.19406885E-4
4.38000000E+2	5.09909025E-9	1.96939223E-8	2.32001615E-7	1.40678924E-4
4.38500000E+2	4.35680287E-9	1.70632841E-8	2.11124358E-7	1.21887576E-4
4.39000000E+2	4.17399657E-9	2.34204665E-8	2.78802363E-7	1.67298620E-4
4.39500000E+2	7.52653194E-9	2.03855809E-8	2.05459308E-7	1.45619625E-4
4.40000000E+2	4.65975178E-8	1.78761814E-8	1.89279021E-7	1.27694317E-4
4.40500000E+2	5.69283412E-9	1.85717843E-8	2.07471861E-7	1.32663194E-4
4.41000000E+2	5.62128078E-9	1.75041092E-8	3.11309544E-7	1.25036507E-4
4.41500000E+2	6.95747490E-9	2.25635615E-8	2.47581502E-7	1.61177520E-4
4.42000000E+2	3.89405115E-9	2.47474478E-8	2.58491977E-7	1.76777600E-4
4.42500000E+2	4.47462691E-9	2.18728148E-8	2.27936069E-7	1.56243332E-4
4.43000000E+2	5.36737084E-9	2.15753906E-8	3.05962655E-7	1.54118752E-4
4.43500000E+2	6.38027915E-9	1.75063390E-8	2.34118720E-7	1.25052435E-4
4.44000000E+2	4.61153497E-9	2.10746668E-8	2.15842932E-7	1.50541949E-4
4.44500000E+2	5.86829117E-9	2.86585881E-8	2.28717141E-7	2.04715916E-4
4.45000000E+2	3.07269130E-8	1.60768001E-8	2.32039654E-7	1.14840859E-4
4.45500000E+2	4.19529408E-9	1.74158216E-8	2.44829783E-7	1.24405845E-4
4.46000000E+2	4.98597157E-9	2.13617678E-8	2.04810071E-7	1.52592788E-4
4.46500000E+2	4.55784026E-9	1.53710265E-8	3.71128197E-7	1.09799330E-4
4.47000000E+2	4.57036260E-9	2.80215789E-8	3.07986036E-7	2.00165590E-4
4.47500000E+2	5.14623662E-9	2.90240504E-8	2.69501042E-7	2.07326510E-4
4.48000000E+2	4.03146180E-9	2.02644369E-8	3.35106477E-7	1.44754261E-4
4.48500000E+2	5.14700113E-9	3.08044905E-8	3.27229919E-7	2.20044667E-4
4.49000000E+2	7.15601042E-9	1.80276793E-8	3.96844751E-7	1.28776507E-4
4.49500000E+2	8.19406520E-9	1.97839756E-8	8.28062893E-7	1.41322199E-4
4.50000000E+2	5.74571471E-8	1.72178683E-8	2.91245095E-6	1.22991812E-4
4.50500000E+2	5.65603529E-9	2.24397819E-8	7.38147251E-7	1.60293329E-4
4.51000000E+2	4.67362118E-9	3.43800730E-8	4.57480642E-7	2.45586003E-4
4.51500000E+2	4.98761634E-9	1.73399770E-8	3.15810887E-7	1.23864067E-4
4.52000000E+2	6.71819001E-9	1.76986378E-8	2.76643054E-7	1.26426076E-4
4.52500000E+2	5.51705467E-9	2.21380786E-8	2.33875693E-7	1.58138182E-4
4.53000000E+2	4.90776171E-9	2.46227845E-8	2.95641647E-7	1.75887097E-4
4.53500000E+2	4.45664479E-9	2.03958534E-8	2.18176975E-7	1.45693004E-4
4.54000000E+2	4.84142839E-9	1.77682734E-8	2.11650491E-7	1.26923502E-4
4.54500000E+2	4.47340505E-9	2.08195496E-8	2.42847977E-7	1.48719579E-4
4.55000000E+2	3.00504133E-8	2.09202014E-8	2.00462677E-7	1.49438562E-4
4.55500000E+2	5.79763512E-9	2.08441019E-8	3.31231899E-7	1.48894963E-4
4.56000000E+2	4.72258278E-9	1.79004807E-8	2.32098754E-7	1.27867893E-4
4.56500000E+2	5.73993520E-9	2.30086343E-8	2.12530104E-7	1.64356793E-4
4.57000000E+2	4.49907992E-9	2.52442014E-8	2.73409972E-7	1.80326044E-4
4.57500000E+2	4.22738721E-9	1.84053079E-8	2.21494934E-7	1.31474008E-4
4.58000000E+2	6.45587911E-9	2.02812105E-8	2.11133453E-7	1.44874079E-4
4.58500000E+2	4.68345407E-9	2.05547968E-8	2.41072698E-7	1.46828380E-4
4.59000000E+2	4.51573286E-9	1.91968465E-8	2.24247733E-7	1.37128180E-4
4.59500000E+2	4.79668589E-9	1.93750742E-8	2.69411910E-7	1.38401307E-4
4.60000000E+2	5.79192685E-8	1.80993542E-8	2.21196097E-7	1.29288500E-4
4.60500000E+2	4.74291781E-9	1.70595120E-8	2.29037819E-7	1.21860630E-4
4.61000000E+2	4.40515995E-9	2.68410389E-8	2.76246751E-7	1.91732678E-4
4.61500000E+2	7.89456330E-9	2.17724150E-8	2.18290160E-7	1.55526150E-4
4.62000000E+2	5.32615535E-9	2.22825889E-8	3.25318278E-7	1.59170458E-4
4.62500000E+2	6.15904571E-9	1.95735426E-8	3.19325020E-7	1.39819020E-4
4.63000000E+2	4.53732580E-9	1.84171779E-8	2.75744783E-7	1.31558799E-4
4.63500000E+2	6.04947184E-9	1.83356517E-8	2.61926616E-7	1.30976436E-4
4.64000000E+2	4.34188907E-9	2.21129233E-8	2.50232085E-7	1.57958492E-4
4.64500000E+2	4.85608428E-9	2.39687203E-8	3.58117254E-7	1.71214943E-4
4.65000000E+2	3.78520148E-8	1.88218753E-8	2.01400296E-7	1.34449660E-4
4.65500000E+2	4.57270116E-9	2.08828624E-8	2.23682007E-7	1.49171839E-4
4.66000000E+2	7.16417495E-9	2.72980749E-8	2.77095000E-7	1.94997408E-4
4.66500000E+2	4.63337656E-9	2.88267543E-8	2.19185891E-7	2.05917172E-4
4.67000000E+2	4.07494261E-9	1.79333913E-8	1.92149364E-7	1.28102983E-4
4.67500000E+2	7.28693283E-9	2.08640746E-8	2.37835401E-7	1.49037633E-4
4.68000000E+2	4.41142698E-9	2.17781109E-8	1.88193209E-7	1.55566837E-4
4.68500000E+2	6.76892116E-9	1.70963036E-8	2.94951387E-7	1.22123443E-4
4.69000000E+2	6.18821762E-9	1.81835059E-8	2.28669983E-7	1.29889618E-4
4.69500000E+2	7.19501139E-9	1.77308428E-8	1.84101358E-7	1.26656125E-4
4.70000000E+2	3.81537979E-8	1.81076615E-8	2.10023354E-7	1.29347841E-4
4.70500000E+2	6.08281313E-9	1.77186707E-8	2.41106585E-7	1.26569176E-4
4.71000000E+2	7.95573358E-9	2.78549886E-8	2.54231190E-7	1.98975591E-4
4.71500000E+2	9.19861480E-9	1.85427692E-8	2.66844642E-7	1.32455931E-4
4.72000000E+2	4.59175748E-9	1.73425539E-8	2.05249514E-7	1.23882474E-4
4.72500000E+2	4.58527050E-9	2.30508743E-8	2.40620638E-7	1.64658525E-4
4.73000000E+2	5.15457054E-9	2.18250506E-8	3.19939295E-7	1.55902140E-4
4.73500000E+2	4.43359361E-9	2.88744160E-8	2.61699675E-7	2.06257632E-4
4.74000000E+2	5.81175662E-9	1.84197557E-8	2.14334598E-7	1.31577213E-4
4.74500000E+2	4.31120294E-9	2.09576836E-8	2.61825985E-7	1.49706307E-4
4.75000000E+2	2.97558991E-8	2.02354262E-8	2.53250479E-7	1.44547030E-4
4.75500000E+2	4.90720170E-9	1.94881976E-8	1.93813362E-7	1.39209378E-4
4.76000000E+2	5.38367483E-9	1.91733604E-8	2.95023529E-7	1.36960412E-4
4.76500000E+2	4.36518921E-9	2.45378936E-8	2.91002541E-7	1.75280699E-4
4.77000000E+2	4.08184887E-9	3.11030101E-8	3.22372170E-7	2.22177072E-4
4.77500000E+2	4.39858515E-9	1.89396240E-8	2.04460584E-7	1.35290770E-4
4.78000000E+2	4.37003572E-9	3.05020095E-8	2.34853441E-7	2.17883965E-4
4.78500000E+2	5.33082829E-9	1.83901235E-8	2.24332066E-7	1.31365542E-4
4.79000000E+2	4.44841443E-9	1.80478140E-8	2.43652705E-7	1.28920335E-4
4.79500000E+2	5.23804021E-9	2.11618550E-8	2.19546666E-7	1.51164757E-4
4.80000000E+2	3.17910539E-8	1.63060714E-8	2.71788219E-7	1.16478604E-4
4.80500000E+2	5.46901501E-9	1.91562630E-8	2.41324542E-7	1.36838280E-4
4.81000000E+2	4.31372553E-9	2.05898885E-8	2.06262982E-7	1.47079049E-4
4.81500000E+2	5.37309247E-9	1.87160692E-8	2.25262489E-7	1.33693859E-4
4.82000000E+2	4.46141959E-9	1.71122713E-8	2.18373571E-7	1.22237504E-4
4.82500000E+2	7.00383260E-9	1.75813750E-8	2.19432590E-7	1.25588437E-4
4.83000000E+2	6.99161908E-9	2.14357943E-8	2.35344438E-7	1.53121579E-4
4.83500000E+2	4.56346779E-9	2.03575437E-8	2.14193661E-7	1.45419348E-4
4.84000000E+2	5.56563899E-9	2.46018952E-8	2.51409522E-7	1.75737879E-4
4.84500000E+2	4.98529892E-9	2.52983291E-8	2.04101034E-7	1.80712692E-4
4.85000000E+2	3.98618564E-8	2.49506745E-8	2.75222109E-7	1.78229302E-4
4.85500000E+2	5.07275382E-9	2.36374234E-8	2.35756519E-7	1.68848401E-4
4.86000000E+2	5.70652763E-9	2.30194576E-8	3.55050152E-7	1.64434107E-4
4.86500000E+2	4.22691795E-9	2.46055820E-8	2.08441690E-7	1.75764215E-4
4.87000000E+2	4.35442182E-9	1.83410173E-8	2.14070829E-7	1.31014764E-4
4.87500000E+2	4.84029668E-9	2.01023854E-8	2.26218080E-7	1.43596685E-4
4.88000000E+2	4.54142944E-9	2.38724490E-8	2.80664583E-7	1.70527252E-4
4.88500000E+2	4.34381737E-9	2.18822206E-8	2.64730217E-7	1.56310521E-4
4.89000000E+2	4.57214413E-9	1.82561265E-8	2.84830054E-7	1.30408367E-4
4.89500000E+2	4.77942035E-9	1.70792232E-8	2.92545438E-7	1.22001433E-4
4.90000000E+2	3.61942247E-8	1.86955035E-8	3.63344422E-7	1.33546953E-4
4.90500000E+2	6.00349087E-9	1.80657580E-8	3.39996511E-7	1.29048513E-4
4.91000000E+2	5.45159980E-9	2.42803631E-8	3.93764226E-7	1.73441090E-4
4.91500000E+2	4.79724251E-9	3.00514003E-8	3.43758909E-7	2.14665144E-4
4.92000000E+2	5.72845387E-9	1.92733356E-8	3.77992972E-7	1.37674561E-4
4.92500000E+2	4.69897064E-9	2.80279305E-8	4.71559153E-7	2.00210961E-4
4.93000000E+2	5.53582551E-9	1.90369660E-8	4.09075769E-7	1.35986110E-4
4.93500000E+2	7.59122623E-9	1.72481881E-8	4.25439199E-7	1.23208394E-4
4.94000000E+2	5.25748466E-9	2.19973765E-8	7.01917848E-7	1.57133109E-4
4.94500000E+2	6.75812553E-9	2.02897901E-8	6.74125328E-7	1.44935366E-4
4.95000000E+2	5.21933039E-8	2.31778865E-8	5.32596186E-7	1.65565806E-4
4.95500000E+2	5.11072706E-9	1.73931289E-8	5.33997920E-7	1.24243745E-4
4.96000000E+2	4.65487685E-9	2.40667099E-8	3.38230407E-7	1.71914909E-4
4.96500000E+2	5.38755415E-9	2.07971484E-8	3.18095361E-7	1.48559561E-4
4.97000000E+2	4.82536060E-9	1.84502582E-8	2.99732224E-7	1.31795101E-4
4.97500000E+2	5.43177271E-9	1.66032202E-8	3.05977396E-7	1.18601217E-4
4.98000000E+2	6.15671012E-9	2.81546674E-8	2.91482365E-7	2.01116276E-4
4.98500000E+2	4.48027088E-9	1.82661630E-8	2.87687145E-7	1.30480059E-4
4.99000000E+2	3.98921593E-9	1.76056677E-8	3.23291413E-7	1.25761966E-4
4.99500000E+2	6.27996145E-9	2.52185847E-8	4.96949210E-7	1.80143057E-4
