0.00000000E+0	2.82766506E-8	2.30657729E-7	3.14945767E-3	1.29888258E-3
5.00000000E-1	5.67465087E-9	1.79470592E-7	1.02016611E-4	1.01063695E-3
1.00000000E+0	5.23768892E-9	2.81819819E-7	4.02983456E-5	1.58698715E-3
1.50000000E+0	6.30442775E-9	1.24445419E-7	2.39195926E-5	7.00778539E-4
2.00000000E+0	5.58159613E-9	1.13267057E-7	1.82710272E-5	6.37830813E-4
2.50000000E+0	6.14756033E-9	1.99507155E-7	2.50308788E-5	1.12346709E-3
3.00000000E+0	3.94969250E-9	1.14169182E-7	1.27078700E-5	6.42910867E-4
3.50000000E+0	6.12542956E-9	1.09904065E-7	1.00074067E-5	6.18893089E-4
4.00000000E+0	4.98225593E-9	1.07825939E-7	8.00694418E-6	6.07190724E-4
4.50000000E+0	9.00012508E-9	9.62377239E-8	7.99292447E-6	5.41935028E-4
5.00000000E+0	3.43991408E-3	6.10857261E-7	1.53333840E-5	3.43986675E-3
5.50000000E+0	4.18511609E-9	8.78850111E-8	5.85451736E-6	4.94899131E-4
6.00000000E+0	6.14308111E-9	6.98371891E-8	5.43835069E-6	3.93268019E-4
6.50000000E+0	4.44411845E-9	8.04221906E-8	4.61850785E-6	4.52874406E-4
7.00000000E+0	5.45591218E-9	6.86789379E-8	4.50468261E-6	3.86745661E-4
7.50000000E+0	4.86645067E-9	6.96168509E-8	4.23818758E-6	3.92027247E-4
8.00000000E+0	5.70328055E-9	7.42368132E-8	3.77177616E-6	4.18043235E-4
8.50000000E+0	4.75540179E-9	1.12413829E-7	3.48586407E-6	6.33026105E-4
9.00000000E+0	4.72487037E-9	6.48438332E-8	3.39185864E-6	3.65149373E-4
9.50000000E+0	5.65390910E-9	6.38805067E-8	3.11477332E-6	3.59724677E-4
1.00000000E+1	2.71228995E-8	5.95639753E-8	3.15370577E-6	3.35417374E-4
1.05000000E+1	4.31724248E-9	4.92306484E-8	2.88487275E-6	2.77228219E-4
1.10000000E+1	4.32500232E-9	5.99437723E-8	2.74091491E-6	3.37556091E-4
1.15000000E+1	5.01679187E-9	4.94730100E-8	2.65515431E-6	2.78593009E-4
1.20000000E+1	7.06202053E-9	5.16450927E-8	2.54410819E-6	2.90824467E-4
1.25000000E+1	4.98513523E-9	5.59663448E-8	2.39858708E-6	3.15158353E-4
1.30000000E+1	5.00226641E-9	7.22505475E-8	2.28971073E-6	4.06858152E-4
1.35000000E+1	5.16524835E-9	6.07484063E-8	2.28382144E-6	3.42087156E-4
1.40000000E+1	5.54319997E-9	5.57631424E-8	2.21037238E-6	3.14014078E-4
1.45000000E+1	4.34199723E-9	5.32974732E-8	2.04456709E-6	3.00129372E-4
1.50000000E+1	8.61211830E-8	5.16493487E-8	1.98310503E-6	2.90848433E-4
1.55000000E+1	5.04428843E-9	4.25515357E-8	1.93220441E-6	2.39616719E-4
1.60000000E+1	8.43325979E-9	5.37597542E-8	1.78508129E-6	3.02732574E-4
1.65000000E+1	5.16431168E-9	4.50504813E-8	1.88263510E-6	2.53688812E-4
1.70000000E+1	4.84410823E-9	5.19806520E-8	1.74445317E-6	2.92714072E-4
1.75000000E+1	4.76311897E-9	4.75435321E-8	1.72364248E-6	2.67727709E-4
1.80000000E+1	4.44992598E-9	4.38201371E-8	1.66116496E-6	2.46760483E-4
1.85000000E+1	5.08957666E-9	5.32526888E-8	1.56214998E-6	2.99877181E-4
1.90000000E+1	6.43903005E-9	6.00048864E-8	1.59606485E-6	3.37900238E-4
1.95000000E+1	5.34263969E-9	5.73772052E-8	1.47542257E-6	3.23103208E-4
2.00000000E+1	4.93620222E-8	4.56606030E-8	1.46373666E-6	2.57124536E-4
2.05000000E+1	4.90708191E-9	4.96175625E-8	1.60277377E-6	2.79407014E-4
2.10000000E+1	4.21864781E-9	6.15838722E-8	1.46148451E-6	3.46791841E-4
2.15000000E+1	6.34282947E-9	7.53511376E-8	1.30334330E-6	4.24318232E-4
2.20000000E+1	6.09691090E-9	6.04010212E-8	1.27477745E-6	3.40130957E-4
2.25000000E+1	4.98351169E-9	4.07324688E-8	1.37597411E-6	2.29373168E-4
2.30000000E+1	6.34273544E-9	5.02196611E-8	1.34278911E-6	2.82797559E-4
2.35000000E+1	4.72840174E-9	5.12118355E-8	1.39575551E-6	2.88384704E-4
2.40000000E+1	4.18471105E-9	4.04833892E-8	1.28202227E-6	2.27970548E-4
2.45000000E+1	6.99835649E-9	4.05546348E-8	1.23788690E-6	2.28371747E-4
2.50000000E+1	3.49446645E-8	3.80172249E-8	1.20222210E-6	2.14083054E-4
2.55000000E+1	6.42898172E-9	4.17832526E-8	1.27775752E-6	2.35290354E-4
2.60000000E+1	6.20744473E-9	3.69738290E-8	1.15154554E-6	2.08207470E-4
2.65000000E+1	5.60698792E-9	3.68553339E-8	1.10005899E-6	2.07540199E-4
2.70000000E+1	6.18466343E-9	3.90167964E-8	1.12332555E-6	2.19711853E-4
2.75000000E+1	5.18254247E-9	5.05143751E-8	1.11271198E-6	2.84457156E-4
2.80000000E+1	4.36693279E-9	3.77446111E-8	1.13492856E-6	2.12547908E-4
2.85000000E+1	5.67871105E-9	5.01901665E-8	1.01707806E-6	2.82631469E-4
2.90000000E+1	5.06694227E-9	3.94648284E-8	1.02676106E-6	2.22234816E-4
2.95000000E+1	4.54500190E-9	5.89634122E-8	1.18050026E-6	3.32035476E-4
3.00000000E+1	2.99610369E-8	4.28340876E-8	1.12186139E-6	2.41207829E-4
3.05000000E+1	7.34883043E-9	3.65395487E-8	1.03738499E-6	2.05761946E-4
3.10000000E+1	5.58597915E-9	3.97440356E-8	1.04306184E-6	2.23807091E-4
3.15000000E+1	5.39510642E-9	3.89033480E-8	9.97983338E-7	2.19073001E-4
3.20000000E+1	3.77497560E-9	5.61947081E-8	9.41355989E-7	3.16444315E-4
3.25000000E+1	4.38627664E-9	3.32284379E-8	9.58721454E-7	1.87116379E-4
3.30000000E+1	5.31690244E-9	6.21966526E-8	9.41920387E-7	3.50242538E-4
3.35000000E+1	4.47126889E-9	4.03545168E-8	9.74847736E-7	2.27244840E-4
3.40000000E+1	4.96738742E-9	4.41595711E-8	8.98465350E-7	2.48671908E-4
3.45000000E+1	4.55743438E-9	3.40301951E-8	9.03438649E-7	1.91631244E-4
3.50000000E+1	6.03990313E-8	3.82041948E-8	8.92403656E-7	2.15135921E-4
3.55000000E+1	6.31309348E-9	3.87009371E-8	8.99639410E-7	2.17933182E-4
3.60000000E+1	5.88322739E-9	3.15083447E-8	8.85844839E-7	1.77430169E-4
3.65000000E+1	4.62605825E-9	3.43763382E-8	8.77938876E-7	1.93580449E-4
3.70000000E+1	5.22258488E-9	3.17674141E-8	8.76091915E-7	1.78889044E-4
3.75000000E+1	5.27357819E-9	3.51898715E-8	9.90245906E-7	1.98161627E-4
3.80000000E+1	4.50989060E-9	3.10724724E-8	8.50251045E-7	1.74975680E-4
3.85000000E+1	4.43811446E-9	3.55069077E-8	9.67400185E-7	1.99946926E-4
3.90000000E+1	4.65129973E-9	3.17335278E-8	8.97607583E-7	1.78698223E-4
3.95000000E+1	6.90506338E-9	3.25713746E-8	9.23354740E-7	1.83416316E-4
4.00000000E+1	8.51717214E-8	3.33312784E-8	9.96532068E-7	1.87695496E-4
4.05000000E+1	6.93893572E-9	3.38440074E-8	9.53991420E-7	1.90582781E-4
4.10000000E+1	4.76478918E-9	3.29796160E-8	9.67455069E-7	1.85715210E-4
4.15000000E+1	4.75101850E-9	3.20324501E-8	9.80125374E-7	1.80381518E-4
4.20000000E+1	4.62498327E-9	3.63638893E-8	8.94871735E-7	2.04772770E-4
4.25000000E+1	4.47462947E-9	2.66437952E-8	9.60569608E-7	1.50036860E-4
4.30000000E+1	4.44296170E-9	3.81682007E-8	9.66937592E-7	2.14933231E-4
4.35000000E+1	5.99650486E-9	3.37011583E-8	1.03283601E-6	1.89778368E-4
4.40000000E+1	5.30265367E-9	3.82232908E-8	1.17813579E-6	2.15243455E-4
4.45000000E+1	5.62222291E-9	5.57939916E-8	1.30596146E-6	3.14187796E-4
4.50000000E+1	5.05958290E-8	3.68813589E-8	1.28701408E-6	2.07686752E-4
4.55000000E+1	4.64696995E-9	3.42347431E-8	1.33545840E-6	1.92783097E-4
4.60000000E+1	6.59408392E-9	4.02975899E-8	1.39597626E-6	2.26924273E-4
4.65000000E+1	6.90790657E-9	4.26425446E-8	1.73020118E-6	2.40129210E-4
4.70000000E+1	4.29716349E-9	3.35317017E-8	1.92834470E-6	1.88824122E-4
4.75000000E+1	5.74414610E-9	2.75502937E-8	2.24157775E-6	1.55141545E-4
4.80000000E+1	6.45077703E-9	3.81128741E-8	2.84843847E-6	2.14621675E-4
4.85000000E+1	6.62022856E-9	4.03017716E-8	3.72862020E-6	2.26947821E-4
4.90000000E+1	4.77236969E-9	3.12914151E-8	5.30291296E-6	1.76208593E-4
4.95000000E+1	6.55611805E-9	3.25249795E-8	1.11170499E-5	1.83155055E-4
5.00000000E+1	5.33675318E-8	4.99113316E-8	5.55626897E-4	2.81061291E-4
5.05000000E+1	4.92384332E-9	4.24076647E-8	1.02160337E-5	2.38806551E-4
5.10000000E+1	7.47236214E-9	3.92416773E-8	5.72170305E-6	2.20978205E-4
5.15000000E+1	4.77722003E-9	3.87386125E-8	3.56031916E-6	2.18145340E-4
5.20000000E+1	6.73717475E-9	4.16473659E-8	2.92279361E-6	2.34525147E-4
5.25000000E+1	4.87954558E-9	5.85889517E-8	2.18015697E-6	3.29926809E-4
5.30000000E+1	5.03501349E-9	2.60239123E-8	2.09042425E-6	1.46546168E-4
5.35000000E+1	5.50079635E-9	4.20193932E-8	1.89977644E-6	2.36620112E-4
5.40000000E+1	5.78782387E-9	2.72686502E-8	1.55640865E-6	1.53555551E-4
5.45000000E+1	4.97920802E-9	2.94182696E-8	1.31244007E-6	1.65660514E-4
5.50000000E+1	3.37742499E-8	2.83611040E-8	1.18507636E-6	1.59707390E-4
5.55000000E+1	4.53564108E-9	5.37593937E-8	1.17372554E-6	3.02730544E-4
5.60000000E+1	4.64617092E-9	2.59225640E-8	1.09876129E-6	1.45975454E-4
5.65000000E+1	4.13270180E-9	3.18684400E-8	1.01414364E-6	1.79457943E-4
5.70000000E+1	5.71246289E-9	3.47703657E-8	8.84838390E-7	1.95799301E-4
5.75000000E+1	5.00762222E-9	3.33157347E-8	9.00136471E-7	1.87607966E-4
5.80000000E+1	5.74797372E-9	2.96259931E-8	8.55471561E-7	1.66830248E-4
5.85000000E+1	6.43930166E-9	3.24643165E-8	8.68146982E-7	1.82813449E-4
5.90000000E+1	5.79880555E-9	3.12521533E-8	8.68053614E-7	1.75987501E-4
5.95000000E+1	4.68471865E-9	2.74221705E-8	7.52038950E-7	1.54420056E-4
6.00000000E+1	3.28543112E-8	3.28682465E-8	7.73791196E-7	1.85088065E-4
6.05000000E+1	4.05455009E-9	3.38524939E-8	7.88759038E-7	1.90630571E-4
6.10000000E+1	6.03382783E-9	2.91658160E-8	6.70363841E-7	1.64238894E-4
6.15000000E+1	8.18043740E-9	5.10292233E-8	8.63601027E-7	2.87356376E-4
6.20000000E+1	4.31668704E-9	3.50291054E-8	7.26247822E-7	1.97256319E-4
6.25000000E+1	5.00962470E-9	3.54948401E-8	7.64840211E-7	1.99878970E-4
6.30000000E+1	5.51776520E-9	2.74724272E-8	6.48220958E-7	1.54703062E-4
6.35000000E+1	4.12093567E-9	2.68046172E-8	7.04927282E-7	1.50942483E-4
6.40000000E+1	4.74753260E-9	2.60886897E-8	6.23030103E-7	1.46910943E-4
6.45000000E+1	4.38585845E-9	2.73732368E-8	6.33641167E-7	1.54144500E-4
6.50000000E+1	3.48659341E-8	2.81623684E-8	6.62979699E-7	1.58588268E-4
6.55000000E+1	6.01625737E-9	3.60658555E-8	5.67044561E-7	2.03094479E-4
6.60000000E+1	4.69142876E-9	2.62776609E-8	6.23492141E-7	1.47975080E-4
6.65000000E+1	5.98339123E-9	4.03275868E-8	5.42169743E-7	2.27093191E-4
6.70000000E+1	6.16871265E-9	2.64013828E-8	6.84584291E-7	1.48671784E-4
6.75000000E+1	5.17876861E-9	2.37666156E-8	6.14425610E-7	1.33834852E-4
6.80000000E+1	5.08868843E-9	2.69506501E-8	5.42268080E-7	1.51764825E-4
6.85000000E+1	4.83228362E-9	2.94648874E-8	5.35394818E-7	1.65923028E-4
6.90000000E+1	4.24841163E-9	2.62172288E-8	5.32135660E-7	1.47634774E-4
6.95000000E+1	5.56286091E-9	2.96789009E-8	5.53936753E-7	1.67128183E-4
7.00000000E+1	4.35959144E-8	2.58037727E-8	5.42316717E-7	1.45306515E-4
7.05000000E+1	4.89232651E-9	2.86391953E-8	4.96407007E-7	1.61273381E-4
7.10000000E+1	5.90468805E-9	2.52682127E-8	5.26602149E-7	1.42290663E-4
7.15000000E+1	4.23881981E-9	2.74280991E-8	5.02153088E-7	1.54453441E-4
7.20000000E+1	5.01827066E-9	2.97265921E-8	4.98216974E-7	1.67396743E-4
7.25000000E+1	5.00380922E-9	2.71433587E-8	5.64056451E-7	1.52850008E-4
7.30000000E+1	5.96732307E-9	2.88779753E-8	5.83204771E-7	1.62618002E-4
7.35000000E+1	5.31656780E-9	2.95478995E-8	5.48399997E-7	1.66390487E-4
7.40000000E+1	4.62032551E-9	2.96134836E-8	4.91008874E-7	1.66759805E-4
7.45000000E+1	5.21059742E-9	2.72618118E-8	5.12737594E-7	1.53517042E-4
7.50000000E+1	2.49543266E-8	2.48529448E-8	4.82636501E-7	1.39952202E-4
7.55000000E+1	4.42932231E-9	2.31799684E-8	4.61173963E-7	1.30531317E-4
7.60000000E+1	4.00391280E-9	2.91152592E-8	4.77163594E-7	1.63954197E-4
7.65000000E+1	4.52766434E-9	2.89882697E-8	4.58747348E-7	1.63239093E-4
7.70000000E+1	5.07688652E-9	3.29647600E-8	5.20412780E-7	1.85631553E-4
7.75000000E+1	5.38828755E-9	2.59026422E-8	5.15917937E-7	1.45863270E-4
7.80000000E+1	4.85412290E-9	3.54190975E-8	5.71959045E-7	1.99452447E-4
7.85000000E+1	6.94938955E-9	2.65195880E-8	5.10215978E-7	1.49337423E-4
7.90000000E+1	5.49568445E-9	2.52417113E-8	4.82747441E-7	1.42141428E-4
7.95000000E+1	4.65245855E-9	3.36838241E-8	5.05221780E-7	1.89680755E-4
8.00000000E+1	3.81965182E-8	2.46270589E-8	4.36581700E-7	1.38680190E-4
8.05000000E+1	4.17431419E-9	2.59606853E-8	4.46437677E-7	1.46190123E-4
8.10000000E+1	5.64953464E-9	2.26883354E-8	4.30607522E-7	1.27762827E-4
8.15000000E+1	4.26558140E-9	2.49631344E-8	4.83315401E-7	1.40572703E-4
8.20000000E+1	4.84985089E-9	3.39124257E-8	4.13204312E-7	1.90968059E-4
8.25000000E+1	4.17449184E-9	3.04022757E-8	4.24493782E-7	1.71201660E-4
8.30000000E+1	4.10277319E-9	3.55617778E-8	4.29922273E-7	2.00255911E-4
8.35000000E+1	4.60041421E-9	4.13717798E-8	4.26373991E-7	2.32973264E-4
8.40000000E+1	4.98580522E-9	2.89109106E-8	4.62398360E-7	1.62803467E-4
8.45000000E+1	4.18192175E-9	2.72031816E-8	4.42551585E-7	1.53186883E-4
8.50000000E+1	2.79074552E-8	2.91650204E-8	4.07867941E-7	1.64234413E-4
8.55000000E+1	5.96135089E-9	2.60227469E-8	4.45267922E-7	1.46539605E-4
8.60000000E+1	4.76037959E-9	2.34506822E-8	4.35668189E-7	1.32055763E-4
8.65000000E+1	5.40536765E-9	2.38741857E-8	4.15526068E-7	1.34440601E-4
8.70000000E+1	4.05199593E-9	2.40924240E-8	4.48175264E-7	1.35669548E-4
8.75000000E+1	6.34533886E-9	2.32121365E-8	4.26476253E-7	1.30712462E-4
8.80000000E+1	6.03078390E-9	3.09016969E-8	4.55657291E-7	1.74014007E-4
8.85000000E+1	4.85235401E-9	2.46462544E-8	4.41981693E-7	1.38788284E-4
8.90000000E+1	5.37810112E-9	2.35621029E-8	4.17966391E-7	1.32683197E-4
8.95000000E+1	5.74200675E-9	3.49551431E-8	3.93610305E-7	1.96839822E-4
9.00000000E+1	5.22180749E-8	4.31379030E-8	4.81869036E-7	2.42918678E-4
9.05000000E+1	5.76568196E-9	2.73774425E-8	4.23932134E-7	1.54168184E-4
9.10000000E+1	5.22428687E-9	3.74011414E-8	5.89231424E-7	2.10613757E-4
9.15000000E+1	4.22847690E-9	3.87484067E-8	4.02720030E-7	2.18200494E-4
9.20000000E+1	4.08217333E-9	2.68089115E-8	3.63520467E-7	1.50966665E-4
9.25000000E+1	6.34384939E-9	2.54348179E-8	3.97670569E-7	1.43228852E-4
9.30000000E+1	4.67609417E-9	2.36269391E-8	3.88014575E-7	1.33048303E-4
9.35000000E+1	4.78447194E-9	3.15743779E-8	4.12001357E-7	1.77802017E-4
9.40000000E+1	5.66285613E-9	2.38067134E-8	4.27968867E-7	1.34060651E-4
9.45000000E+1	4.75746772E-9	3.18379236E-8	4.59641569E-7	1.79286098E-4
9.50000000E+1	3.08184686E-8	2.70973247E-8	4.04366082E-7	1.52590781E-4
9.55000000E+1	4.88474552E-9	2.45050277E-8	3.94163743E-7	1.37993006E-4
9.60000000E+1	4.97605488E-9	2.85816862E-8	3.68191206E-7	1.60949535E-4
9.65000000E+1	7.27011012E-9	2.16283281E-8	4.46778408E-7	1.21793701E-4
9.70000000E+1	5.57171864E-9	2.92644962E-8	3.83148595E-7	1.64794583E-4
9.75000000E+1	4.53833461E-9	2.22755241E-8	3.97951095E-7	1.25438199E-4
9.80000000E+1	4.77541359E-9	2.19330309E-8	4.13817598E-7	1.23509547E-4
9.85000000E+1	5.81433511E-9	2.28046339E-8	5.63412480E-7	1.28417728E-4
9.90000000E+1	4.27022307E-9	3.44981577E-8	4.79916560E-7	1.94266440E-4
9.95000000E+1	6.87089298E-9	2.42283054E-8	4.26678324E-7	1.36434725E-4
1.00000000E+2	3.80919601E-8	2.28631777E-8	2.13065621E-6	1.28747401E-4
1.00500000E+2	4.67830421E-9	2.31587891E-8	4.65075957E-7	1.30412052E-4
1.01000000E+2	4.07448341E-9	2.70065564E-8	3.96625707E-7	1.52079645E-4
1.01500000E+2	4.49838506E-9	3.06444874E-8	4.80959167E-7	1.72565606E-4
1.02000000E+2	4.66988252E-9	2.88758598E-8	4.16408004E-7	1.62606089E-4
1.02500000E+2	8.28219728E-9	3.58610896E-8	5.02328668E-7	2.01941399E-4
1.03000000E+2	4.96402743E-9	2.90817003E-8	6.31061382E-7	1.63765220E-4
1.03500000E+2	3.94568782E-9	2.51363835E-8	3.96941218E-7	1.41548305E-4
1.04000000E+2	4.41966801E-9	3.02092774E-8	4.02760020E-7	1.70114846E-4
1.04500000E+2	4.38271737E-9	2.43270015E-8	3.61631040E-7	1.36990503E-4
1.05000000E+2	4.21204833E-8	2.75390736E-8	4.22189637E-7	1.55078362E-4
1.05500000E+2	5.29104950E-9	3.02634303E-8	3.74989918E-7	1.70419793E-4
1.06000000E+2	5.51075459E-9	3.20313570E-8	3.98605661E-7	1.80375363E-4
1.06500000E+2	5.22016404E-9	2.69192704E-8	3.79091176E-7	1.51588119E-4
1.07000000E+2	5.09180845E-9	2.26082326E-8	4.03030867E-7	1.27311751E-4
1.07500000E+2	5.79785773E-9	2.35016413E-8	3.48078801E-7	1.32342725E-4
1.08000000E+2	5.10309185E-9	2.39865805E-8	3.39720655E-7	1.35073520E-4
1.08500000E+2	4.12322049E-9	2.78055534E-8	3.56599399E-7	1.56578967E-4
1.09000000E+2	4.20332358E-9	2.50312700E-8	3.41425412E-7	1.40956388E-4
1.09500000E+2	5.57559870E-9	3.11808867E-8	3.73606692E-7	1.75586184E-4
1.10000000E+2	6.35065913E-8	2.39126925E-8	3.29204390E-7	1.34657441E-4
1.10500000E+2	5.36742065E-9	3.58864331E-8	4.49422215E-7	2.02084113E-4
1.11000000E+2	5.22165059E-9	2.87568389E-8	3.41112726E-7	1.61935857E-4
1.11500000E+2	4.17151113E-9	2.47298505E-8	3.83473081E-7	1.39259032E-4
1.12000000E+2	4.96770434E-9	2.45104134E-8	3.60877068E-7	1.38023335E-4
1.12500000E+2	5.72504920E-9	2.39465641E-8	3.25488381E-7	1.34848180E-4
1.13000000E+2	5.08260118E-9	2.31721924E-8	3.25571682E-7	1.30487528E-4
1.13500000E+2	4.75354509E-9	3.23260841E-8	3.76246914E-7	1.82035033E-4
1.14000000E+2	4.33474001E-9	2.23097942E-8	3.16451820E-7	1.25631181E-4
1.14500000E+2	4.51602240E-9	4.41744193E-8	3.37906858E-7	2.48755521E-4
1.15000000E+2	3.46094519E-8	1.95129469E-8	3.37218717E-7	1.09881541E-4
1.15500000E+2	6.60849340E-9	3.46817976E-8	3.76205941E-7	1.95300556E-4
1.16000000E+2	4.39591167E-9	2.32234525E-8	3.32258402E-7	1.30776185E-4
1.16500000E+2	4.90307246E-9	3.20380971E-8	4.30520256E-7	1.80413317E-4
1.17000000E+2	4.49415906E-9	2.30114183E-8	3.08888374E-7	1.29582175E-4
1.17500000E+2	4.28566746E-9	2.22571966E-8	3.26461862E-7	1.25334993E-4
1.18000000E+2	4.40304079E-9	2.29698974E-8	3.21305238E-7	1.29348362E-4
1.18500000E+2	5.46751656E-9	2.47922967E-8	3.19363600E-7	1.39610679E-4
1.19000000E+2	4.41631073E-9	2.63165814E-8	3.44158845E-7	1.48194250E-4
1.19500000E+2	6.62709917E-9	2.62088404E-8	3.76927385E-7	1.47587537E-4
1.20000000E+2	4.25318124E-8	3.82118995E-8	5.07411769E-7	2.15179308E-4
1.20500000E+2	4.84383384E-9	2.38902329E-8	4.00640515E-7	1.34530967E-4
1.21000000E+2	6.74529906E-9	3.56553848E-8	3.91933935E-7	2.00783032E-4
1.21500000E+2	5.47357057E-9	2.47121799E-8	3.89967769E-7	1.39159524E-4
1.22000000E+2	4.19367317E-9	2.23420881E-8	2.97444936E-7	1.25813035E-4
1.22500000E+2	5.35227757E-9	1.92707885E-8	2.88686227E-7	1.08517896E-4
1.23000000E+2	5.55154274E-9	2.07006036E-8	3.22976008E-7	1.16569488E-4
1.23500000E+2	4.38041989E-9	2.52033228E-8	3.61620332E-7	1.41925255E-4
1.24000000E+2	4.45973128E-9	2.39299348E-8	3.24824548E-7	1.34754536E-4
1.24500000E+2	6.88208775E-9	2.17063484E-8	2.88004730E-7	1.22233050E-4
1.25000000E+2	4.64504713E-8	2.65215328E-8	3.08339792E-7	1.49348374E-4
1.25500000E+2	6.24326760E-9	2.12608973E-8	3.18359178E-7	1.19724621E-4
1.26000000E+2	4.44355399E-9	2.15412082E-8	3.19078591E-7	1.21303110E-4
1.26500000E+2	4.22097087E-9	2.34682621E-8	3.41878608E-7	1.32154759E-4
1.27000000E+2	6.11371899E-9	2.48899275E-8	3.53792661E-7	1.40160459E-4
1.27500000E+2	6.01275816E-9	2.43120694E-8	2.99301220E-7	1.36906418E-4
1.28000000E+2	4.39782258E-9	2.81288039E-8	5.34433968E-7	1.58399259E-4
1.28500000E+2	5.98342125E-9	2.35464902E-8	3.32445017E-7	1.32595279E-4
1.29000000E+2	4.94982580E-9	2.35357475E-8	3.51935604E-7	1.32534784E-4
1.29500000E+2	9.35187592E-9	2.18654598E-8	3.08731628E-7	1.23129040E-4
1.30000000E+2	3.50132883E-8	2.57506400E-8	4.68792590E-7	1.45007314E-4
1.30500000E+2	4.29096455E-9	2.58218469E-8	4.32338526E-7	1.45408295E-4
1.31000000E+2	7.04353724E-9	2.61392133E-8	3.14523077E-7	1.47195452E-4
1.31500000E+2	4.77068435E-9	2.73332834E-8	3.08618743E-7	1.53919514E-4
1.32000000E+2	5.02108893E-9	1.95355378E-8	2.97471682E-7	1.10008755E-4
1.32500000E+2	5.14043594E-9	2.47665001E-8	2.95875435E-7	1.39465413E-4
1.33000000E+2	6.19788444E-9	2.67570320E-8	3.93571410E-7	1.50674520E-4
1.33500000E+2	5.21157042E-9	2.81100431E-8	3.23582710E-7	1.58293613E-4
1.34000000E+2	4.74173794E-9	2.67420746E-8	3.12611280E-7	1.50590292E-4
1.34500000E+2	4.81006259E-9	3.47473280E-8	4.21639558E-7	1.95669571E-4
1.35000000E+2	2.70734858E-8	2.07482601E-8	3.20188231E-7	1.16837852E-4
1.35500000E+2	4.86808146E-9	2.05356250E-8	3.17106654E-7	1.15640458E-4
1.36000000E+2	5.92435730E-9	2.67633267E-8	3.01686430E-7	1.50709967E-4
1.36500000E+2	4.39822462E-9	3.29331720E-8	3.42609635E-7	1.85453674E-4
1.37000000E+2	6.57314689E-9	2.21887835E-8	2.79558331E-7	1.24949744E-4
1.37500000E+2	4.84602860E-9	2.35925424E-8	2.92492212E-7	1.32854608E-4
1.38000000E+2	4.42864402E-9	2.31090934E-8	2.89562942E-7	1.30132205E-4
1.38500000E+2	4.95542079E-9	2.10690838E-8	3.00110804E-7	1.18644478E-4
1.39000000E+2	4.67999797E-9	3.12443265E-8	3.32720337E-7	1.75943427E-4
1.39500000E+2	5.25121997E-9	2.79941206E-8	2.74969446E-7	1.57640829E-4
1.40000000E+2	6.02700866E-8	4.02108346E-8	3.95501059E-7	2.26435735E-4
1.40500000E+2	4.91983633E-9	2.47951862E-8	2.68394082E-7	1.39626950E-4
1.41000000E+2	6.54488503E-9	2.24200002E-8	2.94421455E-7	1.26251775E-4
1.41500000E+2	4.68986385E-9	2.36223338E-8	3.35167210E-7	1.33022370E-4
1.42000000E+2	5.15749686E-9	4.18000983E-8	3.71235171E-7	2.35385216E-4
1.42500000E+2	3.74128783E-9	2.01313670E-8	2.95046679E-7	1.13363996E-4
1.43000000E+2	4.55440892E-9	2.58960364E-8	3.07988775E-7	1.45826072E-4
1.43500000E+2	5.08610874E-9	2.61968770E-8	4.05481149E-7	1.47520169E-4
1.44000000E+2	5.50221807E-9	2.45652414E-8	3.75784076E-7	1.38332083E-4
1.44500000E+2	4.51119967E-9	2.70164010E-8	3.01585156E-7	1.52135082E-4
1.45000000E+2	3.72809892E-8	2.95659538E-8	4.07837031E-7	1.66492154E-4
1.45500000E+2	5.54605973E-9	2.63475606E-8	2.96891631E-7	1.48368700E-4
1.46000000E+2	5.89580137E-9	3.06132780E-8	3.81002977E-7	1.72389859E-4
1.46500000E+2	4.66528950E-9	2.23007467E-8	2.83350426E-7	1.25580233E-4
1.47000000E+2	4.51891876E-9	3.37383730E-8	3.45479568E-7	1.89987931E-4
1.47500000E+2	5.78466736E-9	1.98448444E-8	3.36332448E-7	1.11750526E-4
1.48000000E+2	4.05094478E-9	2.17419959E-8	4.71170767E-7	1.22433789E-4
1.48500000E+2	4.26137939E-9	2.45967936E-8	9.09374247E-7	1.38509760E-4
1.49000000E+2	8.69246202E-9	2.28065286E-8	6.77896682E-7	1.28428398E-4
1.49500000E+2	4.64074158E-9	2.10795682E-8	1.07181078E-6	1.18703518E-4
1.50000000E+2	3.41379525E-8	3.17711871E-8	1.14968982E-5	1.78910291E-4
1.50500000E+2	4.93303659E-9	2.84790947E-8	6.85113336E-7	1.60371821E-4
1.51000000E+2	5.78711435E-9	2.68510402E-8	5.27704987E-7	1.51203901E-4
1.51500000E+2	4.12968871E-9	1.87008299E-8	3.57678196E-7	1.05308338E-4
1.52000000E+2	4.28600915E-9	3.40326418E-8	3.03671658E-7	1.91645022E-4
1.52500000E+2	9.24681318E-9	3.03388824E-8	3.26320576E-7	1.70844679E-4
1.53000000E+2	6.50126733E-9	2.10816933E-8	3.43648060E-7	1.18715485E-4
1.53500000E+2	6.16116968E-9	2.35780207E-8	3.15818332E-7	1.32772834E-4
1.54000000E+2	8.72929345E-9	2.21349360E-8	2.96974622E-7	1.24646518E-4
1.54500000E+2	4.41145338E-9	2.16593607E-8	2.57602600E-7	1.21968452E-4
1.55000000E+2	3.09923922E-8	2.45886741E-8	2.69234947E-7	1.38464037E-4
1.55500000E+2	6.36677368E-9	2.38423365E-8	2.61074582E-7	1.34261252E-4
1.56000000E+2	4.70533519E-9	2.73934942E-8	2.79556111E-7	1.54258574E-4
1.56500000E+2	4.62161626E-9	2.53896276E-8	2.68099582E-7	1.42974376E-4
1.57000000E+2	3.97076879E-9	2.14983385E-8	2.72094768E-7	1.21061702E-4
1.57500000E+2	6.23171349E-9	2.47539606E-8	2.47154828E-7	1.39394801E-4
1.58000000E+2	6.01228985E-9	1.76641935E-8	2.59529072E-7	9.94708190E-5
1.58500000E+2	5.08987526E-9	3.03764519E-8	3.09165341E-7	1.71056241E-4
1.59000000E+2	4.55380228E-9	2.38492261E-8	2.71811628E-7	1.34300049E-4
1.59500000E+2	4.35371963E-9	2.67288519E-8	2.48580959E-7	1.50515832E-4
1.60000000E+2	2.99676957E-8	2.11387707E-8	3.15148153E-7	1.19036900E-4
1.60500000E+2	4.15494526E-9	3.08509494E-8	2.75017851E-7	1.73728237E-4
1.61000000E+2	3.79646624E-9	1.94147881E-8	2.79822378E-7	1.09328788E-4
1.61500000E+2	4.75767727E-9	1.97922632E-8	2.46043311E-7	1.11454431E-4
1.62000000E+2	5.04464321E-9	2.14759336E-8	2.66216128E-7	1.20935536E-4
1.62500000E+2	4.51275814E-9	2.74779388E-8	2.69954945E-7	1.54734099E-4
1.63000000E+2	5.06190392E-9	1.97734175E-8	2.64908734E-7	1.11348306E-4
1.63500000E+2	6.15654734E-9	2.27146020E-8	2.98531468E-7	1.27910740E-4
1.64000000E+2	4.46255710E-9	2.28890767E-8	2.61068031E-7	1.28893244E-4
1.64500000E+2	4.95703620E-9	1.95440417E-8	2.76768329E-7	1.10056643E-4
1.65000000E+2	5.26560838E-8	3.20543357E-8	2.58057890E-7	1.80504761E-4
1.65500000E+2	4.59634871E-9	1.93309295E-8	2.50745843E-7	1.08856562E-4
1.66000000E+2	8.75750202E-9	2.56206791E-8	2.83135303E-7	1.44275476E-4
1.66500000E+2	6.08907562E-9	2.26321648E-8	2.72420057E-7	1.27446518E-4
1.67000000E+2	4.41529233E-9	2.47763398E-8	2.52557050E-7	1.39520822E-4
1.67500000E+2	4.18111968E-9	2.71125723E-8	2.73358739E-7	1.52676643E-4
1.68000000E+2	4.30212615E-9	2.46082884E-8	2.63765545E-7	1.38574489E-4
1.68500000E+2	6.42131143E-9	2.31607690E-8	2.53170541E-7	1.30423201E-4
1.69000000E+2	5.69738726E-9	2.95247767E-8	2.65765810E-7	1.66260277E-4
1.69500000E+2	6.00484591E-9	2.31801963E-8	2.71218110E-7	1.30532600E-4
1.70000000E+2	7.72593563E-8	2.10146903E-8	2.60554857E-7	1.18338177E-4
1.70500000E+2	4.37949182E-9	2.03599689E-8	2.78302197E-7	1.14651302E-4
1.71000000E+2	5.03620084E-9	2.55334071E-8	3.02281937E-7	1.43784029E-4
1.71500000E+2	6.09872643E-9	2.69760474E-8	2.56871541E-7	1.51907842E-4
1.72000000E+2	4.31604849E-9	2.13622230E-8	2.81555678E-7	1.20295207E-4
1.72500000E+2	5.30309245E-9	2.29998657E-8	2.75350692E-7	1.29517120E-4
1.73000000E+2	5.82390000E-9	2.76110852E-8	2.94716882E-7	1.55483875E-4
1.73500000E+2	4.44319454E-9	2.04825258E-8	2.69989660E-7	1.15341446E-4
1.74000000E+2	6.28008738E-9	2.29229953E-8	2.75659331E-7	1.29084247E-4
1.74500000E+2	5.27769960E-9	2.45811914E-8	2.76972617E-7	1.38421900E-4
1.75000000E+2	3.41146667E-8	2.51804521E-8	2.48902101E-7	1.41796464E-4
1.75500000E+2	5.92599335E-9	2.47653665E-8	3.07273661E-7	1.39459030E-4
1.76000000E+2	7.87651537E-9	2.64027375E-8	2.55898366E-7	1.48679413E-4
1.76500000E+2	4.44826778E-9	2.09957582E-8	2.44969538E-7	1.18231566E-4
1.77000000E+2	5.56676850E-9	2.43760584E-8	2.48598064E-7	1.37266753E-4
1.77500000E+2	5.54429244E-9	2.12334980E-8	2.33202351E-7	1.19570329E-4
1.78000000E+2	8.88681829E-9	2.93110763E-8	2.65453180E-7	1.65056885E-4
1.78500000E+2	8.77419398E-9	3.71684327E-8	2.50849539E-7	2.09303325E-4
1.79000000E+2	5.57868780E-9	2.63258122E-8	2.62080560E-7	1.48246230E-4
1.79500000E+2	5.16527968E-9	3.17820885E-8	3.20516962E-7	1.78971679E-4
1.80000000E+2	5.26577673E-8	2.00867978E-8	2.84127344E-7	1.13113017E-4
1.80500000E+2	6.37350823E-9	2.51325808E-8	2.77618903E-7	1.41526891E-4
1.81000000E+2	5.10137686E-9	2.53047588E-8	2.37369319E-7	1.42496462E-4
1.81500000E+2	4.33813727E-9	2.13178284E-8	2.45705565E-7	1.20045212E-4
1.82000000E+2	6.23639292E-9	2.15635238E-8	2.63117630E-7	1.21428775E-4
1.82500000E+2	4.68152209E-9	4.40055982E-8	3.65915279E-7	2.47804853E-4
1.83000000E+2	4.56457238E-9	3.22677780E-8	3.16918454E-7	1.81706699E-4
1.83500000E+2	4.99005970E-9	2.95775591E-8	2.63843195E-7	1.66557506E-4
1.84000000E+2	5.30470306E-9	2.56859252E-8	2.69376792E-7	1.44642891E-4
1.84500000E+2	4.67004328E-9	2.17377908E-8	2.95225457E-7	1.22410109E-4
1.85000000E+2	2.45405792E-8	1.99935010E-8	2.37641590E-7	1.12587643E-4
1.85500000E+2	4.39319929E-9	2.16736505E-8	2.64890556E-7	1.22048921E-4
1.86000000E+2	5.24248005E-9	1.92529150E-8	2.54065706E-7	1.08417246E-4
1.86500000E+2	5.47397770E-9	1.83804514E-8	2.29215689E-7	1.03504219E-4
1.87000000E+2	4.22770318E-9	2.04254726E-8	2.41421507E-7	1.15020167E-4
1.87500000E+2	6.21283277E-9	2.15949783E-8	2.34952473E-7	1.21605902E-4
1.88000000E+2	4.59568362E-9	2.53583728E-8	2.64431990E-7	1.42798374E-4
1.88500000E+2	4.99051135E-9	2.23798306E-8	2.58113538E-7	1.26025571E-4
1.89000000E+2	5.20323483E-9	1.91314097E-8	2.68635188E-7	1.07733024E-4
1.89500000E+2	4.50146229E-9	2.19861505E-8	2.55106174E-7	1.23808675E-4
1.90000000E+2	4.52929184E-8	2.09259283E-8	3.10409899E-7	1.17838339E-4
1.90500000E+2	6.26403085E-9	2.49724988E-8	3.45617537E-7	1.40625435E-4
1.91000000E+2	4.35905996E-9	3.47634640E-8	2.52618431E-7	1.95760436E-4
1.91500000E+2	4.12182342E-9	3.40615780E-8	3.69046225E-7	1.91807967E-4
1.92000000E+2	4.42951444E-9	2.02710336E-8	2.45821962E-7	1.14150488E-4
1.92500000E+2	5.77133785E-9	2.38421465E-8	2.53338366E-7	1.34260182E-4
1.93000000E+2	5.36149610E-9	1.79475500E-8	2.84632454E-7	1.01066459E-4
1.93500000E+2	5.05104016E-9	2.35606922E-8	2.92667686E-7	1.32675253E-4
1.94000000E+2	6.32101368E-9	1.93135222E-8	3.05260839E-7	1.08758538E-4
1.94500000E+2	4.89826899E-9	2.26380175E-8	2.76750477E-7	1.27479476E-4
1.95000000E+2	5.58545436E-8	2.21147168E-8	2.65527223E-7	1.24532659E-4
1.95500000E+2	5.51148067E-9	2.33771471E-8	2.81142417E-7	1.31641671E-4
1.96000000E+2	5.56065102E-9	3.65229289E-8	2.51757111E-7	2.05668356E-4
1.96500000E+2	4.62219150E-9	2.07762832E-8	3.81869259E-7	1.16995656E-4
1.97000000E+2	5.25278718E-9	2.02953906E-8	3.17266174E-7	1.14287647E-4
1.97500000E+2	6.40029377E-9	3.08776604E-8	3.10643308E-7	1.73878653E-4
1.98000000E+2	4.23071422E-9	2.85645980E-8	3.45200573E-7	1.60853307E-4
1.98500000E+2	5.46010944E-9	2.09640511E-8	4.64278265E-7	1.18053016E-4
1.99000000E+2	4.33082591E-9	2.21735655E-8	3.40630154E-7	1.24864049E-4
1.99500000E+2	4.17890452E-9	2.30909034E-8	4.80406236E-7	1.30029773E-4
2.00000000E+2	4.41626840E-8	1.93829119E-8	7.13673787E-7	1.09149286E-4
2.00500000E+2	6.94507271E-9	2.04768644E-8	4.19100143E-7	1.15309565E-4
2.01000000E+2	4.23260828E-9	1.89286288E-8	2.86284763E-7	1.06591122E-4
2.01500000E+2	5.55116281E-9	2.03520142E-8	2.84674175E-7	1.14606507E-4
2.02000000E+2	4.79823019E-9	2.51270216E-8	3.77640642E-7	1.41495586E-4
2.02500000E+2	4.05876465E-9	2.28936873E-8	3.64466995E-7	1.28919207E-4
2.03000000E+2	7.52935783E-9	2.28680120E-8	2.61758482E-7	1.28774624E-4
2.03500000E+2	6.08438703E-9	2.19959249E-8	3.17783366E-7	1.23863716E-4
2.04000000E+2	4.00008972E-9	1.91604491E-8	2.41734976E-7	1.07896551E-4
2.04500000E+2	4.09854302E-9	2.40712792E-8	2.60376649E-7	1.35550477E-4
2.05000000E+2	3.51480916E-8	1.97818309E-8	2.62931368E-7	1.11395684E-4
2.05500000E+2	4.56762014E-9	2.71054800E-8	2.61505361E-7	1.52636705E-4
2.06000000E+2	4.30063396E-9	2.10680830E-8	3.01739176E-7	1.18638842E-4
2.06500000E+2	5.83694460E-9	3.22161895E-8	3.47438828E-7	1.81416193E-4
2.07000000E+2	5.13698626E-9	1.65682308E-8	2.30647263E-7	9.32992204E-5
2.07500000E+2	4.30312166E-9	2.23975200E-8	2.67423269E-7	1.26125184E-4
2.08000000E+2	4.40891173E-9	2.25688060E-8	2.06877881E-7	1.27089732E-4
2.08500000E+2	4.11687496E-9	1.89690592E-8	2.94648579E-7	1.06818794E-4
2.09000000E+2	6.59398348E-9	1.89102776E-8	2.38697615E-7	1.06487782E-4
2.09500000E+2	4.43503659E-9	1.98996169E-8	2.37189981E-7	1.12058962E-4
2.10000000E+2	3.28678496E-8	2.46846694E-8	2.53252990E-7	1.39004607E-4
2.10500000E+2	4.64826958E-9	3.06089729E-8	2.82852109E-7	1.72365616E-4
2.11000000E+2	4.33530946E-9	2.62634096E-8	2.59560714E-7	1.47894828E-4
2.11500000E+2	5.61923216E-9	1.72737009E-8	2.20492549E-7	9.72718721E-5
2.12000000E+2	5.15361267E-9	2.13075979E-8	2.65074407E-7	1.19987601E-4
2.12500000E+2	4.97653339E-9	1.82721521E-8	2.33504405E-7	1.02894363E-4
2.13000000E+2	6.23473061E-9	2.05510658E-8	2.50676001E-7	1.15727409E-4
2.13500000E+2	4.45816583E-9	1.95996863E-8	2.50578534E-7	1.10369989E-4
2.14000000E+2	4.07149041E-9	1.86027440E-8	2.30567381E-7	1.04755995E-4
2.14500000E+2	4.17816878E-9	1.98410191E-8	2.28966872E-7	1.11728985E-4
2.15000000E+2	4.33061548E-8	2.20278445E-8	2.36839875E-7	1.24043463E-4
2.15500000E+2	4.49610597E-9	2.08489482E-8	2.66850809E-7	1.17404848E-4
2.16000000E+2	4.35271717E-9	2.38270675E-8	2.65879290E-7	1.34175269E-4
2.16500000E+2	6.24416927E-9	1.91098533E-8	2.36398776E-7	1.07611636E-4
2.17000000E+2	5.71534693E-9	1.78465348E-8	2.28394333E-7	1.00497621E-4
2.17500000E+2	5.94841190E-9	2.70232382E-8	2.61802261E-7	1.52173584E-4
2.18000000E+2	3.84781169E-9	2.57040921E-8	2.30300562E-7	1.44745192E-4
2.18500000E+2	4.80680206E-9	2.39558594E-8	3.16782721E-7	1.34900523E-4
2.19000000E+2	5.72921993E-9	2.37436622E-8	2.24821135E-7	1.33705596E-4
2.19500000E+2	4.10221961E-9	3.03988482E-8	2.44380439E-7	1.71182359E-4
2.20000000E+2	3.66206342E-8	2.19177162E-8	2.40852854E-7	1.23423307E-4
2.20500000E+2	6.47381723E-9	2.12751435E-8	2.38528653E-7	1.19804844E-4
2.21000000E+2	5.55049758E-9	3.03240122E-8	2.34814402E-7	1.70760942E-4
2.21500000E+2	5.51495498E-9	2.07148915E-8	2.46184059E-7	1.16649946E-4
2.22000000E+2	4.15222822E-9	1.94739058E-8	2.32275792E-7	1.09661692E-4
2.22500000E+2	4.58593412E-9	1.86114666E-8	2.30831765E-7	1.04805115E-4
2.23000000E+2	4.68475976E-9	1.96538959E-8	1.98215237E-7	1.10675255E-4
2.23500000E+2	4.28072338E-9	1.84828551E-8	2.18435124E-7	1.04080876E-4
2.24000000E+2	4.46988497E-9	1.96758648E-8	2.53101113E-7	1.10798967E-4
2.24500000E+2	4.58362029E-9	2.05661701E-8	2.63165780E-7	1.15812464E-4
2.25000000E+2	4.22012549E-8	2.19563363E-8	2.10783614E-7	1.23640785E-4
2.25500000E+2	5.45054228E-9	1.80091320E-8	2.09238148E-7	1.01413241E-4
2.26000000E+2	4.84240802E-9	2.70758295E-8	2.83797222E-7	1.52469736E-4
2.26500000E+2	4.23569997E-9	3.09758198E-8	2.54225247E-7	1.74431409E-4
2.27000000E+2	5.99105863E-9	2.74914112E-8	2.69586656E-7	1.54809965E-4
2.27500000E+2	4.49766494E-9	3.08420184E-8	2.78622856E-7	1.73677945E-4
2.28000000E+2	5.49832003E-9	1.80964042E-8	2.38013651E-7	1.01904689E-4
2.28500000E+2	5.14382163E-9	2.05716431E-8	2.23216336E-7	1.15843284E-4
2.29000000E+2	3.98535694E-9	2.03867423E-8	3.04976223E-7	1.14802068E-4
2.29500000E+2	5.12710029E-9	1.83692806E-8	2.81640625E-7	1.03441314E-4
2.30000000E+2	5.72581679E-8	2.03370593E-8	3.71185260E-7	1.14522293E-4
2.30500000E+2	4.34214119E-9	3.15890068E-8	2.65576689E-7	1.77884395E-4
2.31000000E+2	4.79878388E-9	2.53923142E-8	2.60962654E-7	1.42989505E-4
2.31500000E+2	5.10185243E-9	2.06323717E-8	2.27020544E-7	1.16185260E-4
2.32000000E+2	5.16325585E-9	2.58031086E-8	2.54971431E-7	1.45302775E-4
2.32500000E+2	6.37451395E-9	1.81154969E-8	2.41580164E-7	1.02012204E-4
2.33000000E+2	4.19836631E-9	2.14508189E-8	2.18117233E-7	1.20794109E-4
2.33500000E+2	4.99552891E-9	2.06537256E-8	2.19912660E-7	1.16305508E-4
2.34000000E+2	7.94111007E-9	3.51865150E-8	3.36568107E-7	1.98142726E-4
2.34500000E+2	4.36827382E-9	2.23144123E-8	2.82382381E-7	1.25657187E-4
2.35000000E+2	6.80337027E-8	2.45706566E-8	2.06922863E-7	1.38362577E-4
2.35500000E+2	5.54294581E-9	2.14792752E-8	2.28606730E-7	1.20954353E-4
2.36000000E+2	5.33282231E-9	1.99635996E-8	2.13836118E-7	1.12419262E-4
2.36500000E+2	5.08222286E-9	1.91958391E-8	1.88648250E-7	1.08095840E-4
2.37000000E+2	5.61299230E-9	2.91075298E-8	2.40736725E-7	1.63910672E-4
2.37500000E+2	4.44861794E-9	1.90987221E-8	2.09325494E-7	1.07548954E-4
2.38000000E+2	4.25637792E-9	1.92057340E-8	1.93329406E-7	1.08151560E-4
2.38500000E+2	5.69683134E-9	2.23110504E-8	2.06255414E-7	1.25638255E-4
2.39000000E+2	5.59920972E-9	1.92402428E-8	2.50624497E-7	1.08345886E-4
2.39500000E+2	4.63493451E-9	2.18049957E-8	2.25770240E-7	1.22788554E-4
2.40000000E+2	4.65695369E-8	1.76705259E-8	2.15722926E-7	9.95064777E-5
2.40500000E+2	4.24772644E-9	1.73571912E-8	2.24322271E-7	9.77420238E-5
2.41000000E+2	4.52328556E-9	1.92628546E-8	2.21042269E-7	1.08473219E-4
2.41500000E+2	4.82895679E-9	1.94967615E-8	1.97561001E-7	1.09790397E-4
2.42000000E+2	4.50102222E-9	2.28368714E-8	2.34904001E-7	1.28599265E-4
2.42500000E+2	7.82957140E-9	1.79454696E-8	2.26671512E-7	1.01054744E-4
2.43000000E+2	4.37991655E-9	2.31598048E-8	2.46189629E-7	1.30417771E-4
2.43500000E+2	6.14280012E-9	1.78656741E-8	2.70382591E-7	1.00605399E-4
2.44000000E+2	4.53655029E-9	2.11601966E-8	2.13531879E-7	1.19157553E-4
2.44500000E+2	3.82859273E-9	2.01261565E-8	2.14656124E-7	1.13334654E-4
2.45000000E+2	2.12151021E-8	2.06726668E-8	2.70093375E-7	1.16412170E-4
2.45500000E+2	5.92152783E-9	2.45820657E-8	2.40375622E-7	1.38426824E-4
2.46000000E+2	4.33222984E-9	1.82056373E-8	3.55173661E-7	1.02519804E-4
2.46500000E+2	5.00325685E-9	2.32513731E-8	2.66773277E-7	1.30933412E-4
2.47000000E+2	4.82349362E-9	2.30280532E-8	2.89685455E-7	1.29675850E-4
2.47500000E+2	4.87707183E-9	1.71954292E-8	3.04101589E-7	9.68311076E-5
2.48000000E+2	4.72546498E-9	2.07174862E-8	3.02493737E-7	1.16664558E-4
2.48500000E+2	5.22638543E-9	2.28664013E-8	6.75978510E-7	1.28765554E-4
2.49000000E+2	6.57031496E-9	1.95587667E-8	6.61228840E-7	1.10139562E-4
2.49500000E+2	4.40854893E-9	1.93845373E-8	9.68194291E-7	1.09158439E-4
2.50000000E+2	5.57386129E-8	2.50195871E-8	7.53144472E-6	1.40890600E-4
2.50500000E+2	6.29567396E-9	2.26219817E-8	8.77448185E-7	1.27389175E-4
2.51000000E+2	6.01424544E-9	2.91690571E-8	6.84910217E-7	1.64257145E-4
2.51500000E+2	4.66365339E-9	1.96138975E-8	3.76443136E-7	1.10450015E-4
2.52000000E+2	6.19742165E-9	1.78961169E-8	3.07123700E-7	1.00776829E-4
2.52500000E+2	5.49277973E-9	2.16323199E-8	2.94841034E-7	1.21816180E-4
2.53000000E+2	5.95542123E-9	3.15322714E-8	3.47011229E-7	1.77564906E-4
2.53500000E+2	5.20705716E-9	1.90901649E-8	2.84991618E-7	1.07500766E-4
2.54000000E+2	5.15249212E-9	1.93291500E-8	2.09498574E-7	1.08846542E-4
2.54500000E+2	4.50735455E-9	2.02134091E-8	3.45081050E-7	1.13825992E-4
2.55000000E+2	3.62562018E-8	2.23115176E-8	2.06282974E-7	1.25640886E-4
2.55500000E+2	4.93818267E-9	2.04460865E-8	2.75016730E-7	1.15136248E-4
2.56000000E+2	4.28979473E-9	2.69550195E-8	2.18553553E-7	1.51789430E-4
2.56500000E+2	4.52047680E-9	1.93318011E-8	2.93474594E-7	1.08861471E-4
2.57000000E+2	4.53288948E-9	2.52031120E-8	3.30835089E-7	1.41924067E-4
2.57500000E+2	4.40262751E-9	2.52845445E-8	2.76834331E-7	1.42382631E-4
2.58000000E+2	4.27391421E-9	2.00641513E-8	2.24556564E-7	1.12985490E-4
2.58500000E+2	4.81006225E-9	2.25782469E-8	2.53715400E-7	1.27142895E-4
2.59000000E+2	5.64056208E-9	2.16041023E-8	2.25960481E-7	1.21657280E-4
2.59500000E+2	7.18526198E-9	2.42052605E-8	2.38509680E-7	1.36304954E-4
2.60000000E+2	4.31172028E-8	1.81284536E-8	1.97298551E-7	1.02085166E-4
2.60500000E+2	4.15943992E-9	1.89587719E-8	2.59864144E-7	1.06760864E-4
2.61000000E+2	4.99974415E-9	1.84154660E-8	2.26987762E-7	1.03701394E-4
2.61500000E+2	5.68092241E-9	2.12045105E-8	2.11429076E-7	1.19407094E-4
2.62000000E+2	4.56390066E-9	1.97935590E-8	2.15162303E-7	1.11461727E-4
2.62500000E+2	4.55160034E-9	2.47109770E-8	2.76888968E-7	1.39152751E-4
2.63000000E+2	5.01861776E-9	1.90131380E-8	2.57897947E-7	1.07067011E-4
2.63500000E+2	4.52274306E-9	2.23614639E-8	2.54283163E-7	1.25922144E-4
2.64000000E+2	4.96854425E-9	2.40739126E-8	3.26731785E-7	1.35565306E-4
2.64500000E+2	4.83202201E-9	2.43503723E-8	5.78099389E-7	1.37122109E-4
2.65000000E+2	7.68281683E-8	2.09291738E-8	5.46679020E-7	1.17856615E-4
2.65500000E+2	4.41889383E-9	2.53212625E-8	2.65498371E-7	1.42589398E-4
2.66000000E+2	5.54949180E-9	1.86229252E-8	2.16804616E-7	1.04869640E-4
2.66500000E+2	5.49408529E-9	1.85175687E-8	2.47181597E-7	1.04276355E-4
2.67000000E+2	4.96842483E-9	2.19674856E-8	2.66483397E-7	1.23703569E-4
2.67500000E+2	5.91383757E-9	1.96201039E-8	2.49810831E-7	1.10484965E-4
2.68000000E+2	4.42555785E-9	1.80605398E-8	1.78974152E-7	1.01702729E-4
2.68500000E+2	8.36016363E-9	2.33875029E-8	2.34625998E-7	1.31699988E-4
2.69000000E+2	4.51997589E-9	2.15436331E-8	1.90970358E-7	1.21316765E-4
2.69500000E+2	4.51119438E-9	2.76634294E-8	2.31151429E-7	1.55778636E-4
2.70000000E+2	3.26411617E-8	2.20361298E-8	2.37769098E-7	1.24090119E-4
2.70500000E+2	5.72816485E-9	2.02045472E-8	1.84090077E-7	1.13776089E-4
2.71000000E+2	4.56507019E-9	1.80988207E-8	2.90932893E-7	1.01918297E-4
2.71500000E+2	5.59264906E-9	1.97857009E-8	2.25806717E-7	1.11417477E-4
2.72000000E+2	4.64348289E-9	2.03416493E-8	2.19815979E-7	1.14548140E-4
2.72500000E+2	5.33505520E-9	2.53927382E-8	2.18582109E-7	1.42991893E-4
2.73000000E+2	5.19896459E-9	1.87605126E-8	2.30658143E-7	1.05644424E-4
2.73500000E+2	4.42233284E-9	1.94640282E-8	2.60485033E-7	1.09606070E-4
2.74000000E+2	4.78624297E-9	1.91065288E-8	1.91124578E-7	1.07592915E-4
2.74500000E+2	4.27681857E-9	1.99282128E-8	2.30463761E-7	1.12219992E-4
2.75000000E+2	4.69618010E-8	1.78360150E-8	2.34175455E-7	1.00438382E-4
2.75500000E+2	4.26159269E-9	2.64875416E-8	2.28755894E-7	1.49156963E-4
2.76000000E+2	5.15023981E-9	2.41479812E-8	2.28045930E-7	1.35982402E-4
2.76500000E+2	7.33112541E-9	1.89968024E-8	2.09779945E-7	1.06975022E-4
2.77000000E+2	4.45660721E-9	1.99346088E-8	2.22408316E-7	1.12256009E-4
2.77500000E+2	7.08777327E-9	2.08568261E-8	2.65962104E-7	1.17449210E-4
2.78000000E+2	5.51511092E-9	1.95766317E-8	2.04455997E-7	1.10240164E-4
2.78500000E+2	4.88195741E-9	2.18095488E-8	2.08854516E-7	1.22814193E-4
2.79000000E+2	4.36930785E-9	1.98288410E-8	2.15020795E-7	1.11660408E-4
2.79500000E+2	7.57960547E-9	2.46796625E-8	1.81114955E-7	1.38976412E-4
2.80000000E+2	6.82541081E-8	1.75129608E-8	1.88658568E-7	9.86191952E-5
2.80500000E+2	4.88966834E-9	2.20378206E-8	2.30462583E-7	1.24099640E-4
2.81000000E+2	4.41311436E-9	2.01124813E-8	2.20104137E-7	1.13257646E-4
2.81500000E+2	5.02446651E-9	2.04718007E-8	2.13755933E-7	1.15281050E-4
2.82000000E+2	4.61050749E-9	3.33300655E-8	2.55206238E-7	1.87688666E-4
2.82500000E+2	4.41100304E-9	2.29210004E-8	2.16870238E-7	1.29073013E-4
2.83000000E+2	5.56858334E-9	3.08333414E-8	3.03664116E-7	1.73629083E-4
2.83500000E+2	4.27960207E-9	1.86111672E-8	2.15459069E-7	1.04803429E-4
2.84000000E+2	5.00964250E-9	1.78195469E-8	2.30546269E-7	1.00345647E-4
2.84500000E+2	4.52986852E-9	2.16943687E-8	2.35939829E-7	1.22165590E-4
2.85000000E+2	5.88598101E-8	2.34356796E-8	2.31787371E-7	1.31971281E-4
2.85500000E+2	4.50123061E-9	1.87766917E-8	2.00229462E-7	1.05735532E-4
2.86000000E+2	4.82010238E-9	2.67801225E-8	2.44801738E-7	1.50804548E-4
2.86500000E+2	4.50349445E-9	2.04446791E-8	1.94088558E-7	1.15128323E-4
2.87000000E+2	4.51817909E-9	1.84731547E-8	2.93988133E-7	1.04026251E-4
2.87500000E+2	6.19395979E-9	2.34749085E-8	2.76176861E-7	1.32192187E-4
2.88000000E+2	6.82624015E-9	1.89050158E-8	1.85134075E-7	1.06458153E-4
2.88500000E+2	5.57014840E-9	1.91414951E-8	2.70240496E-7	1.07789817E-4
2.89000000E+2	4.52066069E-9	1.90468697E-8	2.19650745E-7	1.07256962E-4
2.89500000E+2	6.31692960E-9	2.17495797E-8	2.13116387E-7	1.22476495E-4
2.90000000E+2	5.23517861E-8	2.65872690E-8	2.25740478E-7	1.49718549E-4
2.90500000E+2	4.61871323E-9	2.03308918E-8	2.02018665E-7	1.14487562E-4
2.91000000E+2	4.93446238E-9	2.05720014E-8	1.88831601E-7	1.15845301E-4
2.91500000E+2	4.56781289E-9	2.10075057E-8	2.19209106E-7	1.18297719E-4
2.92000000E+2	4.44886298E-9	1.95293256E-8	2.20135277E-7	1.09973773E-4
2.92500000E+2	4.20366304E-9	1.86584511E-8	2.40969313E-7	1.05069694E-4
2.93000000E+2	8.18288204E-9	2.13936567E-8	2.00228047E-7	1.20472217E-4
2.93500000E+2	5.55269550E-9	1.86278911E-8	2.11908321E-7	1.04897604E-4
2.94000000E+2	5.18715298E-9	1.78808464E-8	2.28222643E-7	1.00690837E-4
2.94500000E+2	6.13447161E-9	1.98806591E-8	2.51042427E-7	1.11952206E-4
2.95000000E+2	5.01744660E-8	1.99110597E-8	2.25841925E-7	1.12123399E-4
2.95500000E+2	5.74980112E-9	2.84151812E-8	2.36539140E-7	1.60011910E-4
2.96000000E+2	4.63926363E-9	1.84789999E-8	2.08419728E-7	1.04059166E-4
2.96500000E+2	6.34828029E-9	1.79277032E-8	2.64117446E-7	1.00954698E-4
2.97000000E+2	4.52493398E-9	2.03857581E-8	2.68088700E-7	1.14796526E-4
2.97500000E+2	4.83951883E-9	2.44816566E-8	2.39306622E-7	1.37861399E-4
2.98000000E+2	4.23960276E-9	2.19980472E-8	2.56739180E-7	1.23875668E-4
2.98500000E+2	5.37433658E-9	2.25267410E-8	2.71292437E-7	1.26852855E-4
2.99000000E+2	4.43186950E-9	1.92854231E-8	2.37056893E-7	1.08600306E-4
2.99500000E+2	3.82957737E-9	2.61716375E-8	2.88815790E-7	1.47378040E-4
3.00000000E+2	3.71717744E-8	1.98919926E-8	6.41404867E-7	1.12016028E-4
3.00500000E+2	4.88766434E-9	2.76846156E-8	6.50370240E-7	1.55897940E-4
3.01000000E+2	4.82476251E-9	1.76187372E-8	2.79732399E-7	9.92148448E-5
3.01500000E+2	5.88497011E-9	2.18755900E-8	3.52647682E-7	1.23186085E-4
3.02000000E+2	5.25634301E-9	2.29971054E-8	2.52135297E-7	1.29501576E-4
3.02500000E+2	4.43094427E-9	1.81579525E-8	2.85089570E-7	1.02251280E-4
3.03000000E+2	4.25246782E-9	2.31326706E-8	3.26841170E-7	1.30264973E-4
3.03500000E+2	4.57928613E-9	1.91381454E-8	3.14884005E-7	1.07770955E-4
3.04000000E+2	4.14706473E-9	2.19808414E-8	2.62119913E-7	1.23778778E-4
3.04500000E+2	5.02257960E-9	1.96455943E-8	2.55012985E-7	1.10628507E-4
3.05000000E+2	5.69441566E-8	2.13719626E-8	2.76200179E-7	1.20350053E-4
3.05500000E+2	4.18955842E-9	2.63240593E-8	2.50856353E-7	1.48236359E-4
3.06000000E+2	5.37118675E-9	1.79781635E-8	2.33249276E-7	1.01238850E-4
3.06500000E+2	4.87833872E-9	2.32452564E-8	2.31992337E-7	1.30898967E-4
3.07000000E+2	5.86001050E-9	2.93973697E-8	2.42274807E-7	1.65542822E-4
3.07500000E+2	4.34124661E-9	2.44286418E-8	2.80412174E-7	1.37562862E-4
3.08000000E+2	8.90544327E-9	1.80443434E-8	2.00305411E-7	1.01611524E-4
3.08500000E+2	5.41445222E-9	2.09911621E-8	3.19600575E-7	1.18205684E-4
3.09000000E+2	6.69536573E-9	1.93168018E-8	2.46559968E-7	1.08777006E-4
3.09500000E+2	5.46403287E-9	2.54209455E-8	2.13904999E-7	1.43150734E-4
3.10000000E+2	3.53679242E-8	2.18324362E-8	2.24109187E-7	1.22943077E-4
3.10500000E+2	5.31210039E-9	1.98543913E-8	2.94496402E-7	1.11804287E-4
3.11000000E+2	5.24393371E-9	2.17538358E-8	2.34005561E-7	1.22500461E-4
3.11500000E+2	5.79283275E-9	2.16232673E-8	2.31046855E-7	1.21765203E-4
3.12000000E+2	5.07485808E-9	2.85811760E-8	2.77488523E-7	1.60946662E-4
3.12500000E+2	5.38139455E-9	2.12567373E-8	2.37596603E-7	1.19701195E-4
3.13000000E+2	5.13152537E-9	2.16202086E-8	2.11161282E-7	1.21747979E-4
3.13500000E+2	4.31006866E-9	1.94334871E-8	1.99917743E-7	1.09434086E-4
3.14000000E+2	4.11203208E-9	1.85789029E-8	2.12745925E-7	1.04621741E-4
3.14500000E+2	5.11553391E-9	2.22236998E-8	2.59594635E-7	1.25146366E-4
3.15000000E+2	5.77631739E-8	2.50408506E-8	2.34019824E-7	1.41010339E-4
3.15500000E+2	4.61764563E-9	2.10880334E-8	2.19646332E-7	1.18751187E-4
3.16000000E+2	5.34622048E-9	2.45436425E-8	2.87129627E-7	1.38210455E-4
3.16500000E+2	6.09350735E-9	2.32432786E-8	2.44822735E-7	1.30887830E-4
3.17000000E+2	5.12658720E-9	2.06393672E-8	1.80021791E-7	1.16224653E-4
3.17500000E+2	7.47503812E-9	1.75831552E-8	2.23902647E-7	9.90144751E-5
3.18000000E+2	4.23317879E-9	2.15380524E-8	2.19487954E-7	1.21285340E-4
3.18500000E+2	4.40937482E-9	2.12101015E-8	1.93194642E-7	1.19438579E-4
3.19000000E+2	4.30293524E-9	1.68451017E-8	1.89810666E-7	9.48583393E-5
3.19500000E+2	5.24615408E-9	2.78034466E-8	2.26007368E-7	1.56567103E-4
3.20000000E+2	6.02212130E-8	1.80168387E-8	2.07744501E-7	1.01456639E-4
3.20500000E+2	5.16734876E-9	1.88257452E-8	2.09402232E-7	1.06011762E-4
3.21000000E+2	5.31372118E-9	1.83334752E-8	1.88074404E-7	1.03239686E-4
3.21500000E+2	6.13957477E-9	1.73147874E-8	2.33133941E-7	9.75032387E-5
3.22000000E+2	7.22955273E-9	1.76772922E-8	1.83694844E-7	9.95445803E-5
3.22500000E+2	4.22217892E-9	1.99117401E-8	2.30873337E-7	1.12127230E-4
3.23000000E+2	4.64511764E-9	2.51169388E-8	2.04740268E-7	1.41438808E-4
3.23500000E+2	6.21980502E-9	2.05459508E-8	2.77019414E-7	1.15698605E-4
3.24000000E+2	5.92446284E-9	3.19666674E-8	2.06554821E-7	1.80011082E-4
3.24500000E+2	6.01390648E-9	2.73624648E-8	2.59996914E-7	1.54083841E-4
3.25000000E+2	1.04345601E-7	2.04048339E-8	2.09421586E-7	1.14903946E-4
3.25500000E+2	4.80450513E-9	2.48254721E-8	2.20960842E-7	1.39797497E-4
3.26000000E+2	5.25239813E-9	1.95426949E-8	2.85913841E-7	1.10049059E-4
3.26500000E+2	4.05506754E-9	2.15446547E-8	1.93441973E-7	1.21322518E-4
3.27000000E+2	4.69167061E-9	2.74276451E-8	2.27906627E-7	1.54450885E-4
3.27500000E+2	4.94117826E-9	1.74796762E-8	2.10413638E-7	9.84317628E-5
3.28000000E+2	5.38087316E-9	2.21307390E-8	1.85090985E-7	1.24622884E-4
3.28500000E+2	5.51153000E-9	2.30779378E-8	1.88739160E-7	1.29956761E-4
3.29000000E+2	6.16227900E-9	2.19155274E-8	1.91445858E-7	1.23410981E-4
3.29500000E+2	4.45565796E-9	2.97386771E-8	2.54507334E-7	1.67464796E-4
3.30000000E+2	4.04193146E-8	2.45174247E-8	2.93337820E-7	1.38062817E-4
3.30500000E+2	5.61423163E-9	2.01728482E-8	2.93746371E-7	1.13597585E-4
3.31000000E+2	5.23876224E-9	2.39509583E-8	2.92317136E-7	1.34872924E-4
3.31500000E+2	5.27467483E-9	1.70035596E-8	2.24045882E-7	9.57506493E-5
3.32000000E+2	4.46745912E-9	1.86796063E-8	1.86619353E-7	1.05188823E-4
3.32500000E+2	5.65436509E-9	2.57210543E-8	2.37126194E-7	1.44840710E-4
3.33000000E+2	5.11508907E-9	2.27116810E-8	4.97902328E-7	1.27894291E-4
3.33500000E+2	5.01389499E-9	1.87957239E-8	7.26352298E-7	1.05842707E-4
3.34000000E+2	4.87513541E-9	2.88324677E-8	3.67397205E-7	1.62361739E-4
3.34500000E+2	3.74016533E-9	2.02591555E-8	2.07836430E-7	1.14083600E-4
3.35000000E+2	2.82853390E-8	2.86257187E-8	2.10253091E-7	1.61197491E-4
3.35500000E+2	4.96660754E-9	1.95597160E-8	2.52993655E-7	1.10144908E-4
3.36000000E+2	5.03223256E-9	2.04986331E-8	2.33747325E-7	1.15432149E-4
3.36500000E+2	5.29848702E-9	2.80855470E-8	2.36920246E-7	1.58155670E-4
3.37000000E+2	3.82338977E-9	2.09058595E-8	2.33597716E-7	1.17725327E-4
3.37500000E+2	4.48099732E-9	2.04579351E-8	2.32853851E-7	1.15202970E-4
3.38000000E+2	5.36730170E-9	2.91079457E-8	2.07042277E-7	1.63913014E-4
3.38500000E+2	7.57278301E-9	1.84655949E-8	2.03317517E-7	1.03983680E-4
3.39000000E+2	5.74929384E-9	2.76364185E-8	2.73021569E-7	1.55626532E-4
3.39500000E+2	4.41810958E-9	2.11332266E-8	2.25736419E-7	1.19005680E-4
3.40000000E+2	5.02360138E-8	1.80425942E-8	2.55352564E-7	1.01601673E-4
3.40500000E+2	4.36238775E-9	2.03473281E-8	1.93492020E-7	1.14580118E-4
3.41000000E+2	4.32913471E-9	2.98715079E-8	2.34459815E-7	1.68212794E-4
3.41500000E+2	5.87967268E-9	2.06870524E-8	2.57937153E-7	1.16493178E-4
3.42000000E+2	7.38107347E-9	2.65857088E-8	2.51461595E-7	1.49709763E-4
3.42500000E+2	4.76088130E-9	1.76307575E-8	2.43088040E-7	9.92825335E-5
3.43000000E+2	4.39246033E-9	1.87219291E-8	2.62058053E-7	1.05427152E-4
3.43500000E+2	5.41761609E-9	1.60835353E-8	2.78451985E-7	9.05697973E-5
3.44000000E+2	4.56857932E-9	2.64820862E-8	3.13051889E-7	1.49126242E-4
3.44500000E+2	4.20693786E-9	2.70647288E-8	2.61049289E-7	1.52407226E-4
3.45000000E+2	4.66499817E-8	2.12898844E-8	2.24734826E-7	1.19887853E-4
3.45500000E+2	4.13051883E-9	2.77985693E-8	2.20820274E-7	1.56539638E-4
3.46000000E+2	4.73784052E-9	1.75127438E-8	2.21237039E-7	9.86179734E-5
3.46500000E+2	4.93073630E-9	2.09214929E-8	3.04931648E-7	1.17813362E-4
3.47000000E+2	6.51040357E-9	2.02305431E-8	3.77758132E-7	1.13922477E-4
3.47500000E+2	5.51127143E-9	2.23550962E-8	2.61338609E-7	1.25886286E-4
3.48000000E+2	5.69137196E-9	2.47910652E-8	2.62219101E-7	1.39603745E-4
3.48500000E+2	4.40599126E-9	2.02869890E-8	5.60676367E-7	1.14240337E-4
3.49000000E+2	5.23947482E-9	2.33238176E-8	5.55123828E-7	1.31341362E-4
3.49500000E+2	5.31433367E-9	2.11088531E-8	9.79163232E-7	1.18868427E-4
3.50000000E+2	9.44669994E-8	1.95914645E-8	6.45911489E-6	1.10323690E-4
3.50500000E+2	5.12482085E-9	1.99353179E-8	7.66381054E-7	1.12260002E-4
3.51000000E+2	4.61375800E-9	1.89731872E-8	4.98616672E-7	1.06842040E-4
3.51500000E+2	6.31371296E-9	1.84648269E-8	4.66957915E-7	1.03979355E-4
3.52000000E+2	4.68456947E-9	1.89585756E-8	3.19373723E-7	1.06759759E-4
3.52500000E+2	5.13482141E-9	1.63862223E-8	3.46197386E-7	9.22742923E-5
3.53000000E+2	7.03840696E-9	1.81130828E-8	3.16595322E-7	1.01998610E-4
3.53500000E+2	4.88135593E-9	2.14570570E-8	2.52595186E-7	1.20829237E-4
3.54000000E+2	4.78232085E-9	3.36162134E-8	4.01121756E-7	1.89300025E-4
3.54500000E+2	4.43626720E-9	2.14211179E-8	2.93146092E-7	1.20626857E-4
3.55000000E+2	3.49815326E-8	1.60294288E-8	2.21067359E-7	9.02651120E-5
3.55500000E+2	5.04863144E-9	1.89925851E-8	2.91235589E-7	1.06951274E-4
3.56000000E+2	5.20176396E-9	1.89244567E-8	2.09424796E-7	1.06567628E-4
3.56500000E+2	6.05339339E-9	1.58448355E-8	2.20996136E-7	8.92256282E-5
3.57000000E+2	5.23226372E-9	2.79823570E-8	2.44687316E-7	1.57574585E-4
3.57500000E+2	5.32659305E-9	2.04053176E-8	2.29531038E-7	1.14906670E-4
3.58000000E+2	4.91355076E-9	2.27921751E-8	2.57655363E-7	1.28347570E-4
3.58500000E+2	3.94887946E-9	2.19666462E-8	2.74840242E-7	1.23698842E-4
3.59000000E+2	5.82236629E-9	1.76737235E-8	2.28478079E-7	9.95244845E-5
3.59500000E+2	5.58490636E-9	1.96820021E-8	1.90823269E-7	1.10833527E-4
3.60000000E+2	6.17187614E-8	1.64834124E-8	2.74138138E-7	9.28215898E-5
3.60500000E+2	5.00675707E-9	2.10246567E-8	2.30986844E-7	1.18394300E-4
3.61000000E+2	4.13194913E-9	2.41676291E-8	2.24103994E-7	1.36093043E-4
3.61500000E+2	4.07411286E-9	1.78507748E-8	1.92965054E-7	1.00521498E-4
3.62000000E+2	5.91852720E-9	1.69338421E-8	2.11886869E-7	9.53580553E-5
3.62500000E+2	4.44575147E-9	2.49964448E-8	1.87991809E-7	1.40760280E-4
3.63000000E+2	7.14506922E-9	1.95757744E-8	1.98210516E-7	1.10235336E-4
3.63500000E+2	4.51737303E-9	2.27512826E-8	2.34793781E-7	1.28117296E-4
3.64000000E+2	4.33793343E-9	2.68871212E-8	2.34007315E-7	1.51407080E-4
3.64500000E+2	5.15440314E-9	2.41835020E-8	2.13067340E-7	1.36182427E-4
3.65000000E+2	8.69943149E-8	2.08908630E-8	2.33785234E-7	1.17640879E-4
3.65500000E+2	5.81876237E-9	2.28158812E-8	2.06553470E-7	1.28481065E-4
3.66000000E+2	4.73805268E-9	2.82604643E-8	2.14446666E-7	1.59140666E-4
3.66500000E+2	6.33809743E-9	1.92628196E-8	2.09094344E-7	1.08473021E-4
3.67000000E+2	4.25426605E-9	2.05037686E-8	1.87711826E-7	1.15461068E-4
3.67500000E+2	6.33341268E-9	1.83625082E-8	1.87605310E-7	1.03403177E-4
3.68000000E+2	4.00073363E-9	1.85869567E-8	1.80608598E-7	1.04667094E-4
3.68500000E+2	5.85955867E-9	1.76532248E-8	2.08840946E-7	9.94090518E-5
3.69000000E+2	6.56235162E-9	1.58680184E-8	1.88818985E-7	8.93561760E-5
3.69500000E+2	5.45702489E-9	2.28842775E-8	2.59865848E-7	1.28866219E-4
3.70000000E+2	4.76926027E-8	1.85559793E-8	1.90085211E-7	1.04492654E-4
3.70500000E+2	6.11432990E-9	1.86164462E-8	1.82846583E-7	1.04833155E-4
3.71000000E+2	4.25094464E-9	1.89981111E-8	2.04488991E-7	1.06982392E-4
3.71500000E+2	7.18488763E-9	1.82861680E-8	2.42507796E-7	1.02973289E-4
3.72000000E+2	5.77420358E-9	2.06605548E-8	2.07578427E-7	1.16343964E-4
3.72500000E+2	4.49678778E-9	1.91369067E-8	1.68205593E-7	1.07763979E-4
3.73000000E+2	3.89360297E-9	1.97815054E-8	2.30604461E-7	1.11393851E-4
3.73500000E+2	5.18558316E-9	2.22920268E-8	2.34961226E-7	1.25531129E-4
3.74000000E+2	4.56449454E-9	2.06860751E-8	2.08210670E-7	1.16487675E-4
3.74500000E+2	7.71736293E-9	1.81214181E-8	2.15689180E-7	1.02045547E-4
3.75000000E+2	2.63795255E-8	2.65756084E-8	2.27104869E-7	1.49652885E-4
3.75500000E+2	5.55226914E-9	2.14738556E-8	2.59242170E-7	1.20923834E-4
3.76000000E+2	5.65646282E-9	2.02257729E-8	1.78923276E-7	1.13895616E-4
3.76500000E+2	5.95968249E-9	1.95894386E-8	2.73652323E-7	1.10312282E-4
3.77000000E+2	4.73209052E-9	2.21940416E-8	2.41285269E-7	1.24979354E-4
3.77500000E+2	4.23671110E-9	1.92646955E-8	1.74248984E-7	1.08483585E-4
3.78000000E+2	5.09507597E-9	1.70933491E-8	2.29515861E-7	9.62562727E-5
3.78500000E+2	5.23090519E-9	1.99750918E-8	2.07937067E-7	1.12483977E-4
3.79000000E+2	4.02666011E-9	2.33066496E-8	2.11930407E-7	1.31244685E-4
3.79500000E+2	4.56429125E-9	1.72835031E-8	2.06670813E-7	9.73270704E-5
3.80000000E+2	5.80356767E-8	1.72363414E-8	1.90950440E-7	9.70614929E-5
3.80500000E+2	6.45343605E-9	2.21974404E-8	2.06499997E-7	1.24998493E-4
3.81000000E+2	4.27711916E-9	1.98469517E-8	1.82110362E-7	1.11762393E-4
3.81500000E+2	5.52227440E-9	2.06918275E-8	2.08660185E-7	1.16520068E-4
3.82000000E+2	7.17672552E-9	2.01125876E-8	2.62426289E-7	1.13258245E-4
3.82500000E+2	6.13249238E-9	1.80455604E-8	2.01595048E-7	1.01618377E-4
3.83000000E+2	4.18723345E-9	1.92551187E-8	2.00588818E-7	1.08429656E-4
3.83500000E+2	4.97976432E-9	1.75312064E-8	1.74794981E-7	9.87219405E-5
3.84000000E+2	4.40501220E-9	2.33691119E-8	2.09675221E-7	1.31596424E-4
3.84500000E+2	6.69417994E-9	1.79347108E-8	1.97477935E-7	1.00994159E-4
3.85000000E+2	7.55208281E-8	1.95919470E-8	2.64533190E-7	1.10326407E-4
3.85500000E+2	6.99885786E-9	1.86025532E-8	2.00540577E-7	1.04754921E-4
3.86000000E+2	5.48291031E-9	1.93062195E-8	2.37539142E-7	1.08717415E-4
3.86500000E+2	4.94160068E-9	1.85225249E-8	2.09123818E-7	1.04304265E-4
3.87000000E+2	4.11937669E-9	1.58608960E-8	1.81580462E-7	8.93160681E-5
3.87500000E+2	5.32879265E-9	1.63020514E-8	1.88792778E-7	9.18003080E-5
3.88000000E+2	5.83532760E-9	3.01809801E-8	2.68282446E-7	1.69955498E-4
3.88500000E+2	4.62578124E-9	2.26220444E-8	2.21377295E-7	1.27389528E-4
3.89000000E+2	5.75815529E-9	1.71046660E-8	2.18112191E-7	9.63200006E-5
3.89500000E+2	5.69430727E-9	2.34868534E-8	2.01786445E-7	1.32259451E-4
3.90000000E+2	9.26777233E-8	1.97791264E-8	2.58030452E-7	1.11380454E-4
3.90500000E+2	6.49910197E-9	1.84533245E-8	1.93999127E-7	1.03914583E-4
3.91000000E+2	6.06752426E-9	1.80990859E-8	2.40854383E-7	1.01919790E-4
3.91500000E+2	4.52767733E-9	1.72619382E-8	3.04072229E-7	9.72056341E-5
3.92000000E+2	5.01859773E-9	1.72361809E-8	2.30736188E-7	9.70605891E-5
3.92500000E+2	5.07091256E-9	2.66856162E-8	2.50999539E-7	1.50272363E-4
3.93000000E+2	6.66602276E-9	1.89502453E-8	2.26702603E-7	1.06712849E-4
3.93500000E+2	5.52184938E-9	1.74258922E-8	2.78600215E-7	9.81288938E-5
3.94000000E+2	4.92024910E-9	2.89045069E-8	2.73302975E-7	1.62767407E-4
3.94500000E+2	5.11595518E-9	2.20366000E-8	2.92637671E-7	1.24092767E-4
3.95000000E+2	4.79672397E-8	2.12269966E-8	3.09574740E-7	1.19533718E-4
3.95500000E+2	5.09698859E-9	1.76873272E-8	2.67909027E-7	9.96010897E-5
3.96000000E+2	4.36311339E-9	1.91911033E-8	2.96543717E-7	1.08069172E-4
3.96500000E+2	4.60591501E-9	1.92678540E-8	2.21974172E-7	1.08501371E-4
3.97000000E+2	4.95229062E-9	1.66947096E-8	3.00805175E-7	9.40114496E-5
3.97500000E+2	5.02131175E-9	1.76967874E-8	2.87997271E-7	9.96543620E-5
3.98000000E+2	5.89395680E-9	2.04637923E-8	3.83263523E-7	1.15235953E-4
3.98500000E+2	6.30187244E-9	2.27456068E-8	2.82250469E-7	1.28085334E-4
3.99000000E+2	4.84372364E-9	1.90136410E-8	2.72294021E-7	1.07069844E-4
3.99500000E+2	4.42688463E-9	1.94319085E-8	3.82131189E-7	1.09425197E-4
4.00000000E+2	4.15835559E-8	1.63021572E-8	4.29907445E-7	9.18009038E-5
4.00500000E+2	4.68594072E-9	2.12460945E-8	4.00204651E-7	1.19641263E-4
4.01000000E+2	4.31743477E-9	1.72514859E-8	2.68472312E-7	9.71467746E-5
4.01500000E+2	4.83341770E-9	2.27614626E-8	2.82830601E-7	1.28174622E-4
4.02000000E+2	4.14113681E-9	2.32413267E-8	2.47108802E-7	1.30876838E-4
4.02500000E+2	4.74500933E-9	2.71050185E-8	2.21967079E-7	1.52634106E-4
4.03000000E+2	4.25792370E-9	1.79530401E-8	2.44511622E-7	1.01097375E-4
4.03500000E+2	5.42289747E-9	1.71574272E-8	2.92703160E-7	9.66171101E-5
4.04000000E+2	6.27435104E-9	2.99616099E-8	2.24546325E-7	1.68720178E-4
4.04500000E+2	5.44345035E-9	2.29978573E-8	2.04986697E-7	1.29505810E-4
4.05000000E+2	4.72658085E-8	1.87745210E-8	2.70425809E-7	1.05723308E-4
4.05500000E+2	4.68635028E-9	2.26305207E-8	2.21483860E-7	1.27437260E-4
4.06000000E+2	4.84377057E-9	2.06775639E-8	2.11964732E-7	1.16439746E-4
4.06500000E+2	7.83559532E-9	1.74190836E-8	2.50085856E-7	9.80905531E-5
4.07000000E+2	4.89027391E-9	2.32723389E-8	2.26322880E-7	1.31051475E-4
4.07500000E+2	6.74523480E-9	2.07009466E-8	1.97961343E-7	1.16571419E-4
4.08000000E+2	5.90770960E-9	2.34773743E-8	1.95027443E-7	1.32206073E-4
4.08500000E+2	5.43576406E-9	1.93405646E-8	2.19260598E-7	1.08910820E-4
4.09000000E+2	6.46199729E-9	2.30602704E-8	2.52636418E-7	1.29857272E-4
4.09500000E+2	6.12335919E-9	2.93362614E-8	2.45152191E-7	1.65198708E-4
4.10000000E+2	5.93627977E-8	3.03976194E-8	2.80891959E-7	1.71175440E-4
4.10500000E+2	7.31470555E-9	1.78347591E-8	2.18662632E-7	1.00431310E-4
4.11000000E+2	4.06017447E-9	1.62099033E-8	1.74758530E-7	9.12814024E-5
4.11500000E+2	6.84209880E-9	1.63831034E-8	1.99527026E-7	9.22567289E-5
4.12000000E+2	4.85637754E-9	1.79592047E-8	2.58046297E-7	1.01132090E-4
4.12500000E+2	6.40013755E-9	1.74511390E-8	2.29166291E-7	9.82710638E-5
4.13000000E+2	6.86358454E-9	1.93002741E-8	1.91956686E-7	1.08683935E-4
4.13500000E+2	5.31511819E-9	2.10704883E-8	1.83280933E-7	1.18652387E-4
4.14000000E+2	4.49148209E-9	2.17363937E-8	2.00815740E-7	1.22402242E-4
4.14500000E+2	4.84344939E-9	1.66021622E-8	1.89028535E-7	9.34902953E-5
4.15000000E+2	4.02144144E-8	1.76428869E-8	1.83791783E-7	9.93508367E-5
4.15500000E+2	4.34989395E-9	1.81554135E-8	1.98760826E-7	1.02236983E-4
4.16000000E+2	4.71100153E-9	1.92218876E-8	1.87649112E-7	1.08242525E-4
4.16500000E+2	4.83371960E-9	2.57509531E-8	1.98839124E-7	1.45009076E-4
4.17000000E+2	4.65064141E-9	2.22821605E-8	2.44490778E-7	1.25475570E-4
4.17500000E+2	4.68029049E-9	1.71802710E-8	2.00625951E-7	9.67457488E-5
4.18000000E+2	4.42997996E-9	2.44192056E-8	1.86310763E-7	1.37509724E-4
4.18500000E+2	4.51805591E-9	2.10407776E-8	1.91648932E-7	1.18485080E-4
4.19000000E+2	4.08575124E-9	1.87657312E-8	2.66190724E-7	1.05673811E-4
4.19500000E+2	5.22605088E-9	1.87598929E-8	2.56469018E-7	1.05640934E-4
4.20000000E+2	8.09778738E-8	1.97410625E-8	1.82840260E-7	1.11166108E-4
4.20500000E+2	5.24520007E-9	1.72110445E-8	1.74036901E-7	9.69190405E-5
4.21000000E+2	5.99930832E-9	2.68505304E-8	2.73634090E-7	1.51201030E-4
4.21500000E+2	5.15044021E-9	1.76818398E-8	2.22105258E-7	9.95701887E-5
4.22000000E+2	6.60224911E-9	2.42608514E-8	2.87267763E-7	1.36617998E-4
4.22500000E+2	6.11279794E-9	1.66767984E-8	2.37211191E-7	9.39105875E-5
4.23000000E+2	6.62669990E-9	1.62485856E-8	1.99558048E-7	9.14992307E-5
4.23500000E+2	6.28907464E-9	2.22581587E-8	2.07678078E-7	1.25340411E-4
4.24000000E+2	4.64656899E-9	2.20348769E-8	2.23226922E-7	1.24083064E-4
4.24500000E+2	4.63566913E-9	1.78585950E-8	1.98937726E-7	1.00565535E-4
4.25000000E+2	7.71316313E-8	1.83645611E-8	2.08600096E-7	1.03414737E-4
4.25500000E+2	4.48015724E-9	2.10960212E-8	2.66070418E-7	1.18796168E-4
4.26000000E+2	4.59732600E-9	2.65422469E-8	2.63815442E-7	1.49465020E-4
4.26500000E+2	6.60530653E-9	2.43619358E-8	1.83495566E-7	1.37187225E-4
4.27000000E+2	4.38391452E-9	2.57616965E-8	1.90478470E-7	1.45069575E-4
4.27500000E+2	5.61319020E-9	3.29901457E-8	2.85020866E-7	1.85774505E-4
4.28000000E+2	4.25377232E-9	2.08379176E-8	1.97422865E-7	1.17342732E-4
4.28500000E+2	3.90071102E-9	2.00177697E-8	2.28059117E-7	1.12724305E-4
4.29000000E+2	5.45965192E-9	2.49886534E-8	2.29595841E-7	1.40716405E-4
4.29500000E+2	4.29072379E-9	1.75302208E-8	2.12761509E-7	9.87163902E-5
4.30000000E+2	7.74787769E-8	2.19225948E-8	1.97446226E-7	1.23450779E-4
4.30500000E+2	4.65183496E-9	1.72178422E-8	2.28215453E-7	9.69573201E-5
4.31000000E+2	8.46420591E-9	2.54877668E-8	1.78061051E-7	1.43527019E-4
4.31500000E+2	5.20041404E-9	2.51529853E-8	2.36300508E-7	1.41641793E-4
4.32000000E+2	4.38793406E-9	2.23348612E-8	2.29165807E-7	1.25772339E-4
4.32500000E+2	4.63320204E-9	1.82060967E-8	1.81771615E-7	1.02522391E-4
4.33000000E+2	4.11229320E-9	2.63288417E-8	2.60180311E-7	1.48263290E-4
4.33500000E+2	6.60334808E-9	2.24279595E-8	1.99404001E-7	1.26296595E-4
4.34000000E+2	4.28213663E-9	1.91219757E-8	2.23543850E-7	1.07679899E-4
4.34500000E+2	5.84300818E-9	2.22346840E-8	2.03983434E-7	1.25208220E-4
4.35000000E+2	2.70718261E-8	1.77821250E-8	2.11751025E-7	1.00134916E-4
4.35500000E+2	4.02470896E-9	1.89582547E-8	2.04860824E-7	1.06757952E-4
4.36000000E+2	4.09278329E-9	1.65672637E-8	1.81465069E-7	9.32937746E-5
4.36500000E+2	4.77524161E-9	2.33183579E-8	2.01438775E-7	1.31310617E-4
4.37000000E+2	6.65078725E-9	1.61583599E-8	2.12211687E-7	9.09911507E-5
4.37500000E+2	6.09470867E-9	2.40782451E-8	2.62603850E-7	1.35589703E-4
4.38000000E+2	5.34513546E-9	3.03138189E-8	1.98228514E-7	1.70703542E-4
4.38500000E+2	4.17297218E-9	1.99931304E-8	1.87284475E-7	1.12585556E-4
4.39000000E+2	5.05399178E-9	1.86983191E-8	2.20950179E-7	1.05294199E-4
4.39500000E+2	4.47142588E-9	1.96359167E-8	1.82904858E-7	1.10574010E-4
4.40000000E+2	5.24505459E-8	1.85164872E-8	2.15418408E-7	1.04270265E-4
4.40500000E+2	4.04883879E-9	1.73827187E-8	2.11740505E-7	9.78857743E-5
4.41000000E+2	5.18562243E-9	2.02679170E-8	2.21464671E-7	1.14132938E-4
4.41500000E+2	5.50090021E-9	2.32650103E-8	3.08848024E-7	1.31010206E-4
4.42000000E+2	5.40821301E-9	1.95793569E-8	1.98076682E-7	1.10255510E-4
4.42500000E+2	4.22259981E-9	1.71362738E-8	2.11538938E-7	9.64979910E-5
4.43000000E+2	6.17492829E-9	2.92942440E-8	3.38556519E-7	1.64962099E-4
4.43500000E+2	7.31464867E-9	2.25405487E-8	1.98683041E-7	1.26930609E-4
4.44000000E+2	4.15828283E-9	2.59866758E-8	2.39923845E-7	1.46336481E-4
4.44500000E+2	5.00179257E-9	1.91219099E-8	3.16841483E-7	1.07679529E-4
4.45000000E+2	2.92663169E-8	2.51478718E-8	1.94062035E-7	1.41612998E-4
4.45500000E+2	4.43966595E-9	1.57023337E-8	2.10665356E-7	8.84231701E-5
4.46000000E+2	4.93847875E-9	2.43880375E-8	2.04910118E-7	1.37334210E-4
4.46500000E+2	5.03814278E-9	2.51622074E-8	2.25745783E-7	1.41693725E-4
4.47000000E+2	6.59814486E-9	2.89264077E-8	2.23707654E-7	1.62890735E-4
4.47500000E+2	7.04381190E-9	2.09901824E-8	3.26224223E-7	1.18200167E-4
4.48000000E+2	4.76674471E-9	2.11415680E-8	2.98650167E-7	1.19052652E-4
4.48500000E+2	5.61951846E-9	2.24476576E-8	3.84192584E-7	1.26407519E-4
4.49000000E+2	5.26498702E-9	1.67697420E-8	5.20864327E-7	9.44339725E-5
4.49500000E+2	4.89428631E-9	1.71414291E-8	1.13790750E-6	9.65270218E-5
4.50000000E+2	7.79016656E-8	1.94802634E-8	3.04097936E-6	1.09697493E-4
4.50500000E+2	5.94780969E-9	2.54645019E-8	7.89416840E-7	1.43396009E-4
4.51000000E+2	4.78837580E-9	2.13560558E-8	3.67822081E-7	1.20260478E-4
4.51500000E+2	4.61822156E-9	1.47701310E-8	5.34017179E-7	8.31737392E-5
4.52000000E+2	4.32512034E-9	2.64782752E-8	4.73762580E-7	1.49104782E-4
4.52500000E+2	5.96565588E-9	2.18075132E-8	2.53270446E-7	1.22802730E-4
4.53000000E+2	4.26166236E-9	2.39961426E-8	2.82579830E-7	1.35127367E-4
4.53500000E+2	5.24116035E-9	2.07989558E-8	2.24062072E-7	1.17123330E-4
4.54000000E+2	4.73452826E-9	1.88482069E-8	2.44628058E-7	1.06138249E-4
4.54500000E+2	7.02547834E-9	1.81512865E-8	1.90690572E-7	1.02213743E-4
4.55000000E+2	3.62853053E-8	2.14380032E-8	2.59887039E-7	1.20721942E-4
4.55500000E+2	4.28132006E-9	1.81627056E-8	2.04496292E-7	1.02278046E-4
4.56000000E+2	6.11398394E-9	1.82099638E-8	2.79908619E-7	1.02544167E-4
4.56500000E+2	4.76422217E-9	2.23520078E-8	2.35392104E-7	1.25868895E-4
4.57000000E+2	4.42312276E-9	1.87581975E-8	2.35344637E-7	1.05631387E-4
4.57500000E+2	4.93781368E-9	1.63182847E-8	2.36871639E-7	9.18917210E-5
4.58000000E+2	4.39941075E-9	2.65940942E-8	2.69096059E-7	1.49756983E-4
4.58500000E+2	5.35507421E-9	2.20644791E-8	2.25684564E-7	1.24249760E-4
4.59000000E+2	4.36262872E-9	2.35663991E-8	2.12420059E-7	1.32707390E-4
4.59500000E+2	5.68508961E-9	2.30695459E-8	1.88703168E-7	1.29909504E-4
4.60000000E+2	7.15793641E-8	1.81388798E-8	1.74532492E-7	1.02143878E-4
4.60500000E+2	4.32912747E-9	1.70836538E-8	1.78330571E-7	9.62016768E-5
4.61000000E+2	5.14651721E-9	2.77550126E-8	2.52434131E-7	1.56294361E-4
4.61500000E+2	5.04717906E-9	1.80492539E-8	1.89152286E-7	1.01639176E-4
4.62000000E+2	5.66293546E-9	2.20063519E-8	2.14205009E-7	1.23922433E-4
4.62500000E+2	7.63465631E-9	1.71714460E-8	1.83430105E-7	9.66960529E-5
4.63000000E+2	4.64644359E-9	1.62151556E-8	2.01350668E-7	9.13109793E-5
4.63500000E+2	4.69306092E-9	2.00233250E-8	2.00417038E-7	1.12755588E-4
4.64000000E+2	4.33399732E-9	2.32255695E-8	2.64839750E-7	1.30788106E-4
4.64500000E+2	4.43226141E-9	1.83774868E-8	1.74996883E-7	1.03487525E-4
4.65000000E+2	5.13528812E-8	1.95856035E-8	2.47396090E-7	1.10290686E-4
4.65500000E+2	7.35689726E-9	2.71587107E-8	1.90409427E-7	1.52936458E-4
4.66000000E+2	5.07937510E-9	2.00126981E-8	1.88593942E-7	1.12695746E-4
4.66500000E+2	5.16586866E-9	2.34134310E-8	1.83641924E-7	1.31845994E-4
4.67000000E+2	4.62174807E-9	2.30218659E-8	2.32328342E-7	1.29641008E-4
4.67500000E+2	6.19282916E-9	2.72634509E-8	1.97710950E-7	1.53526272E-4
4.68000000E+2	4.27314693E-9	2.65420874E-8	3.32698365E-7	1.49464121E-4
4.68500000E+2	4.13573843E-9	2.69219675E-8	1.85804964E-7	1.51603307E-4
4.69000000E+2	4.65306409E-9	1.74768961E-8	2.40612085E-7	9.84161075E-5
4.69500000E+2	5.04074141E-9	2.04043930E-8	1.79305586E-7	1.14901463E-4
4.70000000E+2	5.48465200E-8	2.65840138E-8	1.89549966E-7	1.49700218E-4
4.70500000E+2	5.06508793E-9	2.50160788E-8	2.12326496E-7	1.40870844E-4
4.71000000E+2	4.45104443E-9	2.85142270E-8	2.59280717E-7	1.60569658E-4
4.71500000E+2	4.39086794E-9	2.12485063E-8	1.96326243E-7	1.19654844E-4
4.72000000E+2	4.59579539E-9	2.49535303E-8	3.20269680E-7	1.40518620E-4
4.72500000E+2	6.53302863E-9	2.00928337E-8	1.73033368E-7	1.13147007E-4
4.73000000E+2	4.35541709E-9	1.54512491E-8	2.09931059E-7	8.70092597E-5
4.73500000E+2	7.14036129E-9	1.75743271E-8	2.07186758E-7	9.89647618E-5
4.74000000E+2	3.99943869E-9	2.02349894E-8	2.01142943E-7	1.13947515E-4
4.74500000E+2	4.60650540E-9	2.46277508E-8	2.07098417E-7	1.38684087E-4
4.75000000E+2	4.35301699E-8	1.62171148E-8	1.93112007E-7	9.13220116E-5
4.75500000E+2	5.27482493E-9	1.71257679E-8	1.86534910E-7	9.64388302E-5
4.76000000E+2	5.76460415E-9	1.80272805E-8	2.52309104E-7	1.01515439E-4
4.76500000E+2	4.04902660E-9	2.68279840E-8	2.17969485E-7	1.51074066E-4
4.77000000E+2	4.57220501E-9	2.51177253E-8	2.07028113E-7	1.41443237E-4
4.77500000E+2	6.74115415E-9	2.34109010E-8	2.00503683E-7	1.31831747E-4
4.78000000E+2	5.18958764E-9	2.33885612E-8	2.31729457E-7	1.31705947E-4
4.78500000E+2	4.04999155E-9	1.86015322E-8	1.89040892E-7	1.04749172E-4
4.79000000E+2	4.67295205E-9	1.69774366E-8	1.81114839E-7	9.56035453E-5
4.79500000E+2	6.05979690E-9	1.77703786E-8	1.79906245E-7	1.00068769E-4
4.80000000E+2	3.94894677E-8	1.77169897E-8	1.94621772E-7	9.97681254E-5
4.80500000E+2	5.48940312E-9	1.63508165E-8	2.11743417E-7	9.20749143E-5
4.81000000E+2	7.53462294E-9	1.90433722E-8	2.07031109E-7	1.07237266E-4
4.81500000E+2	4.78005382E-9	2.11546808E-8	2.28580138E-7	1.19126493E-4
4.82000000E+2	4.19089819E-9	2.67316843E-8	3.06193865E-7	1.50531782E-4
4.82500000E+2	4.07046965E-9	1.95447277E-8	2.45441282E-7	1.10060506E-4
4.83000000E+2	4.58507477E-9	2.24293334E-8	2.59307853E-7	1.26304332E-4
4.83500000E+2	6.10907113E-9	1.96185888E-8	2.38710824E-7	1.10476433E-4
4.84000000E+2	5.76505502E-9	2.09276835E-8	3.25975214E-7	1.17848223E-4
4.84500000E+2	5.41441763E-9	2.23083806E-8	3.18851551E-7	1.25623221E-4
4.85000000E+2	6.24043996E-8	1.97117903E-8	3.36383089E-7	1.11001271E-4
4.85500000E+2	4.92637055E-9	1.81381508E-8	3.39718470E-7	1.02139773E-4
4.86000000E+2	4.59087281E-9	2.32525542E-8	3.32369084E-7	1.30940063E-4
4.86500000E+2	4.67353315E-9	1.71709089E-8	3.80928359E-7	9.66930287E-5
4.87000000E+2	9.72306043E-9	2.25656036E-8	4.74623945E-7	1.27071698E-4
4.87500000E+2	5.29164056E-9	2.46189606E-8	6.26209016E-7	1.38634587E-4
4.88000000E+2	5.23413679E-9	1.85952204E-8	3.67480388E-7	1.04713629E-4
4.88500000E+2	5.35305873E-9	2.21703023E-8	4.51596401E-7	1.24845673E-4
4.89000000E+2	5.19932095E-9	2.05014195E-8	3.74846693E-7	1.15447840E-4
4.89500000E+2	5.27979467E-9	1.72575435E-8	4.92987199E-7	9.71808862E-5
4.90000000E+2	7.52536307E-8	1.78367129E-8	3.85960268E-7	1.00442312E-4
4.90500000E+2	4.99295635E-9	2.14437947E-8	3.12976468E-7	1.20754555E-4
4.91000000E+2	5.41012563E-9	1.78782631E-8	3.39502291E-7	1.00676290E-4
4.91500000E+2	4.95273807E-9	2.04351996E-8	3.39460317E-7	1.15074942E-4
4.92000000E+2	4.13086091E-9	2.13090068E-8	2.75863287E-7	1.19995535E-4
4.92500000E+2	6.27459094E-9	2.28851245E-8	2.67780682E-7	1.28870988E-4
4.93000000E+2	4.56505665E-9	2.06461107E-8	2.35842809E-7	1.16262627E-4
4.93500000E+2	5.20389709E-9	1.95705247E-8	2.54635925E-7	1.10205774E-4
4.94000000E+2	5.97974457E-9	1.71187567E-8	2.34206945E-7	9.63993484E-5
4.94500000E+2	4.35674155E-9	1.97182057E-8	2.12873942E-7	1.11037397E-4
4.95000000E+2	7.05640605E-8	2.11602594E-8	1.86678054E-7	1.19157907E-4
4.95500000E+2	5.37790464E-9	1.91176696E-8	2.09158346E-7	1.07655651E-4
4.96000000E+2	4.90088387E-9	2.01576578E-8	1.82627212E-7	1.13512045E-4
4.96500000E+2	6.48169194E-9	1.82944521E-8	2.52376429E-7	1.03019938E-4
4.97000000E+2	5.84086602E-9	1.89658653E-8	2.41718821E-7	1.06800809E-4
4.97500000E+2	4.94559591E-9	1.63545289E-8	2.23411750E-7	9.20958199E-5
4.98000000E+2	4.67007862E-9	2.39408000E-8	2.26013919E-7	1.34815721E-4
4.98500000E+2	5.65919020E-9	2.35359898E-8	2.51204007E-7	1.32536149E-4
4.99000000E+2	5.17727909E-9	2.98694544E-8	4.03702847E-7	1.68201231E-4
4.99500000E+2	4.10894906E-9	2.33469073E-8	4.81271346E-7	1.31471385E-4
