0.00000000E+0	1.55157376E-8	1.21566990E-7	3.58496609E-3	4.85417728E-4
5.00000000E-1	5.36896100E-9	2.59750568E-7	1.20408069E-5	1.03718560E-3
1.00000000E+0	4.80280580E-9	2.25062228E-7	4.67361136E-6	8.98674843E-4
1.50000000E+0	4.51466936E-9	1.41239107E-7	3.39609365E-6	5.63968613E-4
2.00000000E+0	4.69928209E-9	1.18107400E-7	2.32169334E-6	4.71603565E-4
2.50000000E+0	4.81276393E-9	1.20257385E-7	1.58800040E-6	4.80188468E-4
3.00000000E+0	5.36225432E-9	1.16995255E-7	1.24657993E-6	4.67162766E-4
3.50000000E+0	5.65748212E-9	1.13070724E-7	1.44227540E-6	4.51492088E-4
4.00000000E+0	5.02701757E-9	9.11545742E-8	1.15182444E-6	3.63980768E-4
4.50000000E+0	4.49858012E-9	9.33061005E-8	1.12968104E-6	3.72571826E-4
5.00000000E+0	3.43990707E-3	8.61479647E-7	1.01892327E-5	3.43989346E-3
5.50000000E+0	4.13533494E-9	8.68213168E-8	9.71324159E-7	3.46678045E-4
6.00000000E+0	5.78071661E-9	8.56780688E-8	7.71316028E-7	3.42113049E-4
6.50000000E+0	4.53073094E-9	7.08782210E-8	1.03661208E-6	2.83017167E-4
7.00000000E+0	4.77436475E-9	6.80075874E-8	7.36040488E-7	2.71554709E-4
7.50000000E+0	6.56988100E-9	8.16056820E-8	9.57587764E-7	3.25851984E-4
8.00000000E+0	5.55970409E-9	7.48735193E-8	6.06477590E-7	2.98970417E-4
8.50000000E+0	4.55480417E-9	6.43703011E-8	7.05701810E-7	2.57031003E-4
9.00000000E+0	7.09956178E-9	5.63113346E-8	6.52360431E-7	2.24851501E-4
9.50000000E+0	6.30724906E-9	8.44022757E-8	4.77317488E-7	3.37018800E-4
1.00000000E+1	1.73195127E-8	7.09024191E-8	7.11783977E-7	2.83113790E-4
1.05000000E+1	7.19399872E-9	6.61904148E-8	6.35930840E-7	2.64298728E-4
1.10000000E+1	5.10406998E-9	6.01705512E-8	5.81782071E-7	2.40261376E-4
1.15000000E+1	5.93544078E-9	5.55236447E-8	4.76666216E-7	2.21706250E-4
1.20000000E+1	4.71434780E-9	7.13784988E-8	4.79528606E-7	2.85014779E-4
1.25000000E+1	6.06025155E-9	5.28406887E-8	6.27845723E-7	2.10993191E-4
1.30000000E+1	5.03139656E-9	7.10181031E-8	6.38349651E-7	2.83575717E-4
1.35000000E+1	4.84372553E-9	4.93076757E-8	4.84851978E-7	1.96885849E-4
1.40000000E+1	5.23875346E-9	5.24494004E-8	4.03876145E-7	2.09430774E-4
1.45000000E+1	4.37243796E-9	8.31846530E-8	5.21242871E-7	3.32156825E-4
1.50000000E+1	2.49332186E-8	6.03393018E-8	4.68485598E-7	2.40935198E-4
1.55000000E+1	4.50433952E-9	8.64441914E-8	6.49180755E-7	3.45172181E-4
1.60000000E+1	4.76870860E-9	6.17261079E-8	4.16561617E-7	2.46472724E-4
1.65000000E+1	4.69561603E-9	5.34740832E-8	4.37641390E-7	2.13522339E-4
1.70000000E+1	4.10192404E-9	4.66543950E-8	4.23025005E-7	1.86291282E-4
1.75000000E+1	5.03475235E-9	5.44449061E-8	5.50951492E-7	2.17398841E-4
1.80000000E+1	5.27609581E-9	4.37706497E-8	4.12738087E-7	1.74776470E-4
1.85000000E+1	5.86246694E-9	5.45704031E-8	4.62044775E-7	2.17899951E-4
1.90000000E+1	4.81217685E-9	4.62367238E-8	3.87039448E-7	1.84623519E-4
1.95000000E+1	5.25276001E-9	4.37618239E-8	4.68973307E-7	1.74741229E-4
2.00000000E+1	2.52654577E-8	5.81907608E-8	5.64961447E-7	2.32356061E-4
2.05000000E+1	4.56429480E-9	4.51965446E-8	4.84627362E-7	1.80470077E-4
2.10000000E+1	4.43093925E-9	4.81983255E-8	4.50105216E-7	1.92456207E-4
2.15000000E+1	5.31466240E-9	6.67678353E-8	3.97637612E-7	2.66604372E-4
2.20000000E+1	4.91068179E-9	4.62528304E-8	4.35104843E-7	1.84687833E-4
2.25000000E+1	5.07854250E-9	6.86221543E-8	6.01522096E-7	2.74008679E-4
2.30000000E+1	5.22528634E-9	5.77848291E-8	5.53945238E-7	2.30735174E-4
2.35000000E+1	4.28259624E-9	3.76584456E-8	4.44272196E-7	1.50370402E-4
2.40000000E+1	5.15972743E-9	4.84814136E-8	5.11400639E-7	1.93586579E-4
2.45000000E+1	4.65238080E-9	4.41837519E-8	4.02900304E-7	1.76425990E-4
2.50000000E+1	2.59693184E-8	5.02119411E-8	4.01287839E-7	2.00496586E-4
2.55000000E+1	5.36925947E-9	3.73448526E-8	3.59976335E-7	1.49118223E-4
2.60000000E+1	4.88425093E-9	4.58307657E-8	4.49275167E-7	1.83002526E-4
2.65000000E+1	4.62942004E-9	4.38114770E-8	5.36553347E-7	1.74939494E-4
2.70000000E+1	3.80398416E-9	3.86477453E-8	4.30836523E-7	1.54320682E-4
2.75000000E+1	4.35672126E-9	3.80426483E-8	4.07690967E-7	1.51904526E-4
2.80000000E+1	4.14671322E-9	6.05421176E-8	6.48696060E-7	2.41745043E-4
2.85000000E+1	5.05119051E-9	3.90440315E-8	4.74792915E-7	1.55903055E-4
2.90000000E+1	5.17330183E-9	4.02456768E-8	4.94566444E-7	1.60701232E-4
2.95000000E+1	6.18735111E-9	3.57053105E-8	4.76105732E-7	1.42571522E-4
3.00000000E+1	2.91033139E-8	4.09386410E-8	3.95994807E-7	1.63468242E-4
3.05000000E+1	4.27328404E-9	4.01274693E-8	4.92348848E-7	1.60229229E-4
3.10000000E+1	4.49838381E-9	3.50776755E-8	4.42510020E-7	1.40065371E-4
3.15000000E+1	6.46896466E-9	4.06498086E-8	4.30508490E-7	1.62314933E-4
3.20000000E+1	6.11266691E-9	3.90732934E-8	4.13935690E-7	1.56019898E-4
3.25000000E+1	4.95103357E-9	3.37148770E-8	4.63738567E-7	1.34623709E-4
3.30000000E+1	4.96410864E-9	4.34686409E-8	4.19021706E-7	1.73570547E-4
3.35000000E+1	5.54424566E-9	3.81404876E-8	4.87314240E-7	1.52295199E-4
3.40000000E+1	5.67028669E-9	5.37074496E-8	4.74894980E-7	2.14454172E-4
3.45000000E+1	6.07552603E-9	4.16461741E-8	4.66862514E-7	1.66293426E-4
3.50000000E+1	4.74979027E-8	5.76666314E-8	5.88881688E-7	2.30263209E-4
3.55000000E+1	4.97773505E-9	4.71132650E-8	4.59089012E-7	1.88123553E-4
3.60000000E+1	6.58444890E-9	3.12159563E-8	5.47280110E-7	1.24645503E-4
3.65000000E+1	4.23453260E-9	3.30510983E-8	4.91915693E-7	1.31973236E-4
3.70000000E+1	4.30817384E-9	3.54079966E-8	5.12442297E-7	1.41384346E-4
3.75000000E+1	5.77667287E-9	3.17903572E-8	5.12586772E-7	1.26939089E-4
3.80000000E+1	4.61936031E-9	4.17562457E-8	5.62785306E-7	1.66732943E-4
3.85000000E+1	4.24417895E-9	4.38057931E-8	5.77373066E-7	1.74916798E-4
3.90000000E+1	4.69682565E-9	3.68037043E-8	6.44976797E-7	1.46957415E-4
3.95000000E+1	4.56391528E-9	3.13306032E-8	6.69900193E-7	1.25103289E-4
4.00000000E+1	4.48583181E-8	3.66789933E-8	6.81095503E-7	1.46459443E-4
4.05000000E+1	4.38916990E-9	3.63061108E-8	7.41000759E-7	1.44970521E-4
4.10000000E+1	6.10559494E-9	3.69987451E-8	7.19525425E-7	1.47736214E-4
4.15000000E+1	6.16872085E-9	3.47635073E-8	7.39209895E-7	1.38810896E-4
4.20000000E+1	4.49485387E-9	3.28097167E-8	7.75254886E-7	1.31009398E-4
4.25000000E+1	6.82102152E-9	2.97297040E-8	8.23418543E-7	1.18710889E-4
4.30000000E+1	6.87003129E-9	3.37256275E-8	8.53944830E-7	1.34666635E-4
4.35000000E+1	5.29547155E-9	4.65881948E-8	1.20192321E-6	1.86026945E-4
4.40000000E+1	4.52519588E-9	3.63233441E-8	1.02819363E-6	1.45039334E-4
4.45000000E+1	4.50586724E-9	3.44240588E-8	1.07538570E-6	1.37455476E-4
4.50000000E+1	6.04939505E-8	3.27515553E-8	1.17534364E-6	1.30777159E-4
4.55000000E+1	4.50970801E-9	3.09854714E-8	1.25817350E-6	1.23725175E-4
4.60000000E+1	5.98474655E-9	3.56453125E-8	1.44884042E-6	1.42331949E-4
4.65000000E+1	4.37055646E-9	3.75523270E-8	1.61667789E-6	1.49946670E-4
4.70000000E+1	5.02031280E-9	3.20109915E-8	1.90359026E-6	1.27820083E-4
4.75000000E+1	4.70479243E-9	2.60326215E-8	2.24166453E-6	1.03948416E-4
4.80000000E+1	5.65925487E-9	3.06928550E-8	2.78417815E-6	1.22556756E-4
4.85000000E+1	5.24562881E-9	3.89310436E-8	3.68839044E-6	1.55451894E-4
4.90000000E+1	7.34574110E-9	4.01014186E-8	5.58141702E-6	1.60125208E-4
4.95000000E+1	6.43307257E-9	3.05200294E-8	1.14140748E-5	1.21866663E-4
5.00000000E+1	6.40361385E-8	7.88203745E-8	5.53655029E-4	3.14730234E-4
5.05000000E+1	3.86580753E-9	3.41345114E-8	1.06727651E-5	1.36299311E-4
5.10000000E+1	5.12121626E-9	3.07424677E-8	5.44033845E-6	1.22754860E-4
5.15000000E+1	4.33551574E-9	4.25516392E-8	3.59498969E-6	1.69908954E-4
5.20000000E+1	5.15006043E-9	2.92379199E-8	2.77068437E-6	1.16747192E-4
5.25000000E+1	6.36572420E-9	2.75077053E-8	2.20838280E-6	1.09838434E-4
5.30000000E+1	6.74206174E-9	4.05874578E-8	1.88961174E-6	1.62065965E-4
5.35000000E+1	5.73934086E-9	3.24659357E-8	1.57911977E-6	1.29636678E-4
5.40000000E+1	5.40521335E-9	3.55702216E-8	1.36297056E-6	1.42032111E-4
5.45000000E+1	4.10915639E-9	2.69808264E-8	1.22997322E-6	1.07734604E-4
5.50000000E+1	2.64598685E-8	2.62957400E-8	1.11969521E-6	1.04999050E-4
5.55000000E+1	5.66613356E-9	3.77476999E-8	1.01452556E-6	1.50726795E-4
5.60000000E+1	4.29267284E-9	2.77500931E-8	9.36972149E-7	1.10806290E-4
5.65000000E+1	5.52725322E-9	3.89232456E-8	8.70813188E-7	1.55420756E-4
5.70000000E+1	4.84906760E-9	3.60119347E-8	7.95459604E-7	1.43795874E-4
5.75000000E+1	3.99449194E-9	2.98063645E-8	7.48390761E-7	1.19016995E-4
5.80000000E+1	4.83102285E-9	2.86171126E-8	7.04630793E-7	1.14268304E-4
5.85000000E+1	4.72119832E-9	3.35637183E-8	6.77928544E-7	1.34020131E-4
5.90000000E+1	5.45289407E-9	2.98839219E-8	6.33315890E-7	1.19326682E-4
5.95000000E+1	4.16154495E-9	3.93655016E-8	5.73203478E-7	1.57186687E-4
6.00000000E+1	2.92747031E-8	3.77101028E-8	6.03931946E-7	1.50576669E-4
6.05000000E+1	4.53308980E-9	3.21321842E-8	5.49939695E-7	1.28304006E-4
6.10000000E+1	4.63600322E-9	3.76614896E-8	5.82124639E-7	1.50382557E-4
6.15000000E+1	4.49402543E-9	2.69038668E-8	5.46710175E-7	1.07427304E-4
6.20000000E+1	5.34705048E-9	4.32407497E-8	4.91910354E-7	1.72660576E-4
6.25000000E+1	4.37689275E-9	4.21446969E-8	5.40233899E-7	1.68284031E-4
6.30000000E+1	6.13953348E-9	3.92814918E-8	5.12630648E-7	1.56851235E-4
6.35000000E+1	5.68005699E-9	2.38628399E-8	4.48520016E-7	9.52844647E-5
6.40000000E+1	5.30069837E-9	2.86189896E-8	4.37254001E-7	1.14275799E-4
6.45000000E+1	4.37542859E-9	2.58039525E-8	4.26924360E-7	1.03035339E-4
6.50000000E+1	3.02257147E-8	2.82650575E-8	4.31207639E-7	1.12862546E-4
6.55000000E+1	4.85217725E-9	2.52095327E-8	4.19708196E-7	1.00661817E-4
6.60000000E+1	4.94179334E-9	3.94189008E-8	4.40820147E-7	1.57399910E-4
6.65000000E+1	5.62400160E-9	3.68383007E-8	4.46612012E-7	1.47095558E-4
6.70000000E+1	5.52827549E-9	2.70504495E-8	3.82362270E-7	1.08012609E-4
6.75000000E+1	4.64108022E-9	3.12633874E-8	3.91259381E-7	1.24834896E-4
6.80000000E+1	5.74512910E-9	2.81629621E-8	4.97738392E-7	1.12454879E-4
6.85000000E+1	4.62474349E-9	2.99297999E-8	3.51810453E-7	1.19509873E-4
6.90000000E+1	6.97059401E-9	2.66755565E-8	3.95378295E-7	1.06515659E-4
6.95000000E+1	5.72253833E-9	2.42014075E-8	3.91633106E-7	9.66363671E-5
7.00000000E+1	3.77751160E-8	2.87182346E-8	4.03801752E-7	1.14672085E-4
7.05000000E+1	5.08474311E-9	3.03331603E-8	3.38064984E-7	1.21120493E-4
7.10000000E+1	5.86411025E-9	2.57108165E-8	4.71953004E-7	1.02663446E-4
7.15000000E+1	5.05829723E-9	2.38771837E-8	5.17089359E-7	9.53417395E-5
7.20000000E+1	6.22223257E-9	2.43774477E-8	3.57367124E-7	9.73392966E-5
7.25000000E+1	4.89228726E-9	2.82959046E-8	3.31691734E-7	1.12985719E-4
7.30000000E+1	4.57322231E-9	2.26268439E-8	2.87498206E-7	9.03491251E-5
7.35000000E+1	4.94517144E-9	3.64580213E-8	3.71939560E-7	1.45577101E-4
7.40000000E+1	4.46798059E-9	2.35968506E-8	3.42572156E-7	9.42223678E-5
7.45000000E+1	4.37238180E-9	3.02984374E-8	3.20243876E-7	1.20981845E-4
7.50000000E+1	4.58743984E-8	2.55852249E-8	3.29874031E-7	1.02161958E-4
7.55000000E+1	5.49305906E-9	2.53742491E-8	2.68082514E-7	1.01319531E-4
7.60000000E+1	5.22922517E-9	2.95771207E-8	3.06296273E-7	1.18101623E-4
7.65000000E+1	4.51416589E-9	2.58919068E-8	3.22879467E-7	1.03386541E-4
7.70000000E+1	5.00198338E-9	2.80734560E-8	2.99399815E-7	1.12097480E-4
7.75000000E+1	4.60139969E-9	2.41715251E-8	2.90860775E-7	9.65170465E-5
7.80000000E+1	5.67187020E-9	3.61338753E-8	3.26095233E-7	1.44282783E-4
7.85000000E+1	5.93315480E-9	3.33454338E-8	3.38153478E-7	1.33148520E-4
7.90000000E+1	4.19491018E-9	2.60568663E-8	2.72863120E-7	1.04045225E-4
7.95000000E+1	4.35606882E-9	3.06848953E-8	2.77192416E-7	1.22524973E-4
8.00000000E+1	6.80101063E-8	4.28859403E-8	3.29501525E-7	1.71243820E-4
8.05000000E+1	6.88144690E-9	2.98595255E-8	3.16431114E-7	1.19229267E-4
8.10000000E+1	4.92763164E-9	3.92456950E-8	3.89389906E-7	1.56708298E-4
8.15000000E+1	4.63926464E-9	3.02591016E-8	2.94781537E-7	1.20824777E-4
8.20000000E+1	6.52913080E-9	2.34821780E-8	2.61838763E-7	9.37644793E-5
8.25000000E+1	4.34335962E-9	2.98440391E-8	2.68973681E-7	1.19167429E-4
8.30000000E+1	7.98568032E-9	3.79578109E-8	2.93745636E-7	1.51565769E-4
8.35000000E+1	4.93035532E-9	3.52697147E-8	3.30996568E-7	1.40832185E-4
8.40000000E+1	5.42108077E-9	2.47099014E-8	2.94581583E-7	9.86667862E-5
8.45000000E+1	4.80418349E-9	3.39695765E-8	3.38409948E-7	1.35640725E-4
8.50000000E+1	3.50496173E-8	4.47543696E-8	3.72440146E-7	1.78704469E-4
8.55000000E+1	4.75216049E-9	4.05924806E-8	3.15476147E-7	1.62086022E-4
8.60000000E+1	5.31594155E-9	3.00737596E-8	2.67547164E-7	1.20084705E-4
8.65000000E+1	4.88856819E-9	2.71491416E-8	3.22344779E-7	1.08406687E-4
8.70000000E+1	4.38169360E-9	3.84248459E-8	2.75665387E-7	1.53430643E-4
8.75000000E+1	4.01695929E-9	2.72268664E-8	3.23730389E-7	1.08717043E-4
8.80000000E+1	4.69590177E-9	2.56959308E-8	2.77609611E-7	1.02604008E-4
8.85000000E+1	4.83164893E-9	3.03426746E-8	2.69184331E-7	1.21158484E-4
8.90000000E+1	6.34356337E-9	2.34637498E-8	2.26738425E-7	9.36908954E-5
8.95000000E+1	4.20263927E-9	3.08778968E-8	2.57981624E-7	1.23295630E-4
9.00000000E+1	5.04468594E-8	2.80978777E-8	2.60319010E-7	1.12194996E-4
9.05000000E+1	4.44529382E-9	3.03967472E-8	2.36732607E-7	1.21374396E-4
9.10000000E+1	6.20335757E-9	2.48026416E-8	2.38497167E-7	9.90370985E-5
9.15000000E+1	7.44318487E-9	3.10956054E-8	2.49373748E-7	1.24164941E-4
9.20000000E+1	5.77288303E-9	3.22278502E-8	2.39015569E-7	1.28686002E-4
9.25000000E+1	3.78699118E-9	2.97938338E-8	2.38188150E-7	1.18966960E-4
9.30000000E+1	5.29848824E-9	3.14654798E-8	3.22833729E-7	1.25641852E-4
9.35000000E+1	6.03201534E-9	2.44079823E-8	2.35329045E-7	9.74612214E-5
9.40000000E+1	4.15664947E-9	2.85510321E-8	2.60134091E-7	1.14004445E-4
9.45000000E+1	4.11126928E-9	2.82170081E-8	3.33240181E-7	1.12670685E-4
9.50000000E+1	3.55442740E-8	2.42930985E-8	3.03921554E-7	9.70024900E-5
9.55000000E+1	4.74900055E-9	3.25606024E-8	3.42834732E-7	1.30014683E-4
9.60000000E+1	5.97476380E-9	2.80239375E-8	2.89483658E-7	1.11899753E-4
9.65000000E+1	5.01652891E-9	2.81497757E-8	2.65005265E-7	1.12402225E-4
9.70000000E+1	4.67479579E-9	2.34178764E-8	2.45615314E-7	9.35077228E-5
9.75000000E+1	6.71133785E-9	3.00964527E-8	2.48867869E-7	1.20175318E-4
9.80000000E+1	5.44641713E-9	2.31628375E-8	2.90412825E-7	9.24893507E-5
9.85000000E+1	4.96695405E-9	2.46750254E-8	2.91281223E-7	9.85275261E-5
9.90000000E+1	5.49664489E-9	2.37708813E-8	2.72361691E-7	9.49172733E-5
9.95000000E+1	4.56027893E-9	2.57553239E-8	2.60880422E-7	1.02841165E-4
1.00000000E+2	3.77546715E-8	2.33713646E-8	2.04338345E-6	9.33220009E-5
1.00500000E+2	4.64406344E-9	2.73605797E-8	4.15827067E-7	1.09250961E-4
1.01000000E+2	4.98127828E-9	2.91270576E-8	2.61332577E-7	1.16304518E-4
1.01500000E+2	4.05252076E-9	3.09582620E-8	3.60030515E-7	1.23616528E-4
1.02000000E+2	6.06533544E-9	3.14578699E-8	3.96032813E-7	1.25611466E-4
1.02500000E+2	6.16430851E-9	2.65725414E-8	2.91150693E-7	1.06104319E-4
1.03000000E+2	4.07370198E-9	2.78190473E-8	2.87764889E-7	1.11081625E-4
1.03500000E+2	4.58785929E-9	2.58239495E-8	3.50780789E-7	1.03115187E-4
1.04000000E+2	4.76912659E-9	2.65665430E-8	2.70866866E-7	1.06080367E-4
1.04500000E+2	5.27792132E-9	2.40350367E-8	2.56954384E-7	9.59720475E-5
1.05000000E+2	3.77194010E-8	2.68503323E-8	2.44973818E-7	1.07213540E-4
1.05500000E+2	4.73527549E-9	2.15908960E-8	2.11734443E-7	8.62125787E-5
1.06000000E+2	4.14750081E-9	2.68877585E-8	2.60970594E-7	1.07362983E-4
1.06500000E+2	5.33062324E-9	3.14511770E-8	2.63491243E-7	1.25584741E-4
1.07000000E+2	5.14571199E-9	2.87217125E-8	2.44783775E-7	1.14685973E-4
1.07500000E+2	4.78982634E-9	2.43646389E-8	2.44325515E-7	9.72881510E-5
1.08000000E+2	4.81183198E-9	2.27963660E-8	2.24493970E-7	9.10260280E-5
1.08500000E+2	4.87180598E-9	2.50445826E-8	2.67506476E-7	1.00003170E-4
1.09000000E+2	5.08042021E-9	2.49065720E-8	2.32456311E-7	9.94520931E-5
1.09500000E+2	5.56711595E-9	2.65090081E-8	2.44815951E-7	1.05850631E-4
1.10000000E+2	3.09569153E-8	2.34779954E-8	2.04043977E-7	9.37477782E-5
1.10500000E+2	5.14771647E-9	2.29999618E-8	2.00632151E-7	9.18389872E-5
1.11000000E+2	7.46550321E-9	3.10480956E-8	2.39903846E-7	1.23975234E-4
1.11500000E+2	3.82660952E-9	2.48625827E-8	2.23625624E-7	9.92764439E-5
1.12000000E+2	6.07822220E-9	2.51230471E-8	2.19890265E-7	1.00316480E-4
1.12500000E+2	4.87794748E-9	2.10790836E-8	1.85728304E-7	8.41689089E-5
1.13000000E+2	5.97527084E-9	2.52191395E-8	2.33528362E-7	1.00700177E-4
1.13500000E+2	5.51226580E-9	2.82477302E-8	2.74463982E-7	1.12793358E-4
1.14000000E+2	5.04499508E-9	2.62026015E-8	2.07710148E-7	1.04627147E-4
1.14500000E+2	4.44217397E-9	2.46749462E-8	2.37477973E-7	9.85272101E-5
1.15000000E+2	3.62383881E-8	2.60189770E-8	2.04074814E-7	1.03893933E-4
1.15500000E+2	4.35333864E-9	2.40842468E-8	2.66341864E-7	9.61685438E-5
1.16000000E+2	5.26400937E-9	2.28962387E-8	2.24781701E-7	9.14248203E-5
1.16500000E+2	4.64130251E-9	3.31850304E-8	2.22903060E-7	1.32508028E-4
1.17000000E+2	6.02372638E-9	2.62443281E-8	2.76813380E-7	1.04793761E-4
1.17500000E+2	5.35237702E-9	2.70681983E-8	2.06980223E-7	1.08083480E-4
1.18000000E+2	5.59982916E-9	2.93660687E-8	2.93078568E-7	1.17258891E-4
1.18500000E+2	9.06685231E-9	2.31016006E-8	2.12896035E-7	9.22448316E-5
1.19000000E+2	5.49811500E-9	2.73264491E-8	2.52186113E-7	1.09114677E-4
1.19500000E+2	4.81558172E-9	2.33198876E-8	2.13617806E-7	9.31164528E-5
1.20000000E+2	5.51773350E-8	3.37621498E-8	2.30425897E-7	1.34812469E-4
1.20500000E+2	8.42850946E-9	2.74869164E-8	2.61262672E-7	1.09755424E-4
1.21000000E+2	6.98409479E-9	2.44772519E-8	2.19999167E-7	9.77378154E-5
1.21500000E+2	5.08338553E-9	2.88946784E-8	2.86535757E-7	1.15376626E-4
1.22000000E+2	7.83209992E-9	2.52833873E-8	2.27194356E-7	1.00956719E-4
1.22500000E+2	4.90190048E-9	2.57234932E-8	1.96041157E-7	1.02714065E-4
1.23000000E+2	4.81091035E-9	3.04284925E-8	2.30069095E-7	1.21501156E-4
1.23500000E+2	4.58046322E-9	2.28990908E-8	2.09595930E-7	9.14362088E-5
1.24000000E+2	6.14583084E-9	3.56550181E-8	1.84581104E-7	1.42370704E-4
1.24500000E+2	5.55418036E-9	2.19000823E-8	2.01957666E-7	8.74471615E-5
1.25000000E+2	1.44313958E-8	2.50089296E-8	1.97548772E-7	9.98608077E-5
1.25500000E+2	5.46110183E-9	2.47735434E-8	2.48825888E-7	9.89209091E-5
1.26000000E+2	4.76084945E-9	2.09825270E-8	1.98374593E-7	8.37833577E-5
1.26500000E+2	5.45645630E-9	2.72729006E-8	2.51307267E-7	1.08900858E-4
1.27000000E+2	4.98454437E-9	2.29905980E-8	2.44078318E-7	9.18015976E-5
1.27500000E+2	5.07494140E-9	3.08503020E-8	2.45547376E-7	1.23185443E-4
1.28000000E+2	4.96424401E-9	2.40746306E-8	4.38426934E-7	9.61301464E-5
1.28500000E+2	5.35405533E-9	2.15597052E-8	2.03514285E-7	8.60880340E-5
1.29000000E+2	4.20587016E-9	2.30172942E-8	2.36606345E-7	9.19081956E-5
1.29500000E+2	5.49791567E-9	2.41925157E-8	2.01865651E-7	9.66008620E-5
1.30000000E+2	4.44297088E-8	2.65486602E-8	4.44331430E-7	1.06008961E-4
1.30500000E+2	5.40150158E-9	2.04145458E-8	2.66163576E-7	8.15154055E-5
1.31000000E+2	5.67477059E-9	1.98484862E-8	2.16339101E-7	7.92551260E-5
1.31500000E+2	3.93788610E-9	2.17805461E-8	2.15508636E-7	8.69698527E-5
1.32000000E+2	4.79360479E-9	2.63508584E-8	2.69091780E-7	1.05219138E-4
1.32500000E+2	4.58081763E-9	2.22796312E-8	2.51680231E-7	8.89627028E-5
1.33000000E+2	4.80321176E-9	3.20643637E-8	2.45122998E-7	1.28033199E-4
1.33500000E+2	4.48649776E-9	1.98897845E-8	2.13490527E-7	7.94200304E-5
1.34000000E+2	4.75188249E-9	2.26704192E-8	2.15053586E-7	9.05231215E-5
1.34500000E+2	6.75560392E-9	2.24054432E-8	2.32995999E-7	8.94650707E-5
1.35000000E+2	4.63908887E-8	2.20102967E-8	2.29942566E-7	8.78872484E-5
1.35500000E+2	5.03517951E-9	3.32298781E-8	1.97140254E-7	1.32687105E-4
1.36000000E+2	4.10487620E-9	2.23137065E-8	2.38125909E-7	8.90987654E-5
1.36500000E+2	4.21147797E-9	2.30053490E-8	1.87326325E-7	9.18604984E-5
1.37000000E+2	5.81526359E-9	2.02346144E-8	1.91337193E-7	8.07969381E-5
1.37500000E+2	4.54232079E-9	2.28041945E-8	2.18684024E-7	9.10572871E-5
1.38000000E+2	5.77158716E-9	2.31306526E-8	2.19963966E-7	9.23608362E-5
1.38500000E+2	5.79069230E-9	3.21060515E-8	2.82971696E-7	1.28199659E-4
1.39000000E+2	4.67441812E-9	3.33272229E-8	2.23733805E-7	1.33075803E-4
1.39500000E+2	5.19995508E-9	2.71713447E-8	2.31314959E-7	1.08495344E-4
1.40000000E+2	1.92919640E-8	2.05197650E-8	2.17501146E-7	8.19355461E-5
1.40500000E+2	6.13250768E-9	2.34518078E-8	2.26472184E-7	9.36432109E-5
1.41000000E+2	5.42122150E-9	2.71660297E-8	2.43118661E-7	1.08474121E-4
1.41500000E+2	4.71138155E-9	2.14658174E-8	2.44396645E-7	8.57131392E-5
1.42000000E+2	4.81841984E-9	3.10320184E-8	2.57198425E-7	1.23911038E-4
1.42500000E+2	6.86452737E-9	4.10444484E-8	2.56838690E-7	1.63890732E-4
1.43000000E+2	6.68748875E-9	2.07555344E-8	2.08369670E-7	8.28769748E-5
1.43500000E+2	6.73737814E-9	2.29696688E-8	1.97013381E-7	9.17180270E-5
1.44000000E+2	5.29964695E-9	2.07810807E-8	2.11016478E-7	8.29789816E-5
1.44500000E+2	4.78482264E-9	1.91999059E-8	1.97530227E-7	7.66653410E-5
1.45000000E+2	3.18760020E-8	2.60112037E-8	2.32782209E-7	1.03862895E-4
1.45500000E+2	4.28609636E-9	2.07634153E-8	2.12460992E-7	8.29084434E-5
1.46000000E+2	4.72667976E-9	2.50106838E-8	2.38239102E-7	9.98678125E-5
1.46500000E+2	4.48344314E-9	2.62252169E-8	3.03646830E-7	1.04717450E-4
1.47000000E+2	6.11764629E-9	3.57595404E-8	2.20447694E-7	1.42788062E-4
1.47500000E+2	5.49306746E-9	2.41094233E-8	2.44115492E-7	9.62690735E-5
1.48000000E+2	4.95132856E-9	2.03608950E-8	2.80377455E-7	8.13011774E-5
1.48500000E+2	6.25543594E-9	2.84599043E-8	6.61565982E-7	1.13640571E-4
1.49000000E+2	5.04971842E-9	2.45089326E-8	5.07959637E-7	9.78643166E-5
1.49500000E+2	5.98152645E-9	2.20116221E-8	8.03488202E-7	8.78925409E-5
1.50000000E+2	4.38137143E-8	3.90141318E-8	1.13741191E-5	1.55783665E-4
1.50500000E+2	5.53237718E-9	2.36280798E-8	7.15912028E-7	9.43470661E-5
1.51000000E+2	4.81471247E-9	2.51009745E-8	3.86981542E-7	1.00228344E-4
1.51500000E+2	4.84474151E-9	2.50247818E-8	4.31953240E-7	9.99241059E-5
1.52000000E+2	6.35803580E-9	2.19054135E-8	2.63215769E-7	8.74684491E-5
1.52500000E+2	4.59955116E-9	3.20209473E-8	2.53281001E-7	1.27859837E-4
1.53000000E+2	5.91710985E-9	2.01674378E-8	2.05116377E-7	8.05287016E-5
1.53500000E+2	4.03444396E-9	2.01096147E-8	2.28125608E-7	8.02978138E-5
1.54000000E+2	5.54188469E-9	3.00675691E-8	2.42676796E-7	1.20059986E-4
1.54500000E+2	4.83251390E-9	2.34208944E-8	2.53936608E-7	9.35197734E-5
1.55000000E+2	3.38476267E-8	4.11279569E-8	2.95121812E-7	1.64224182E-4
1.55500000E+2	5.98722795E-9	2.08689811E-8	1.80803322E-7	8.33299683E-5
1.56000000E+2	5.08854513E-9	2.04302005E-8	1.70440102E-7	8.15779147E-5
1.56500000E+2	5.80353594E-9	2.11909969E-8	2.04304479E-7	8.46157794E-5
1.57000000E+2	5.34004227E-9	2.94964024E-8	2.18432322E-7	1.17779314E-4
1.57500000E+2	5.22929840E-9	2.33721788E-8	2.05837949E-7	9.33252518E-5
1.58000000E+2	5.23815262E-9	2.45120595E-8	1.95757374E-7	9.78768027E-5
1.58500000E+2	4.30273421E-9	2.08996297E-8	1.89928057E-7	8.34523483E-5
1.59000000E+2	4.48118441E-9	3.55288418E-8	2.44747744E-7	1.41866881E-4
1.59500000E+2	5.09649774E-9	3.18109009E-8	2.66472198E-7	1.27021121E-4
1.60000000E+2	2.75900924E-8	2.29032002E-8	1.98526764E-7	9.14526176E-5
1.60500000E+2	4.89437752E-9	2.02707013E-8	2.06560078E-7	8.09410336E-5
1.61000000E+2	4.36631497E-9	2.55556904E-8	1.79963715E-7	1.02044027E-4
1.61500000E+2	5.69838222E-9	2.37109447E-8	2.07779907E-7	9.46779460E-5
1.62000000E+2	4.39821096E-9	2.15788384E-8	2.37998224E-7	8.61644327E-5
1.62500000E+2	6.42969764E-9	2.75601325E-8	2.70458766E-7	1.10047776E-4
1.63000000E+2	4.82534616E-9	2.27044870E-8	1.78294238E-7	9.06591545E-5
1.63500000E+2	5.16685546E-9	4.05020831E-8	2.87827402E-7	1.61725064E-4
1.64000000E+2	5.22583307E-9	3.13163441E-8	2.65257666E-7	1.25046352E-4
1.64500000E+2	4.38135983E-9	2.53406187E-8	2.20330341E-7	1.01185245E-4
1.65000000E+2	3.12106140E-8	3.36219138E-8	1.91729334E-7	1.34252506E-4
1.65500000E+2	4.26694150E-9	2.98150528E-8	2.75582457E-7	1.19051687E-4
1.66000000E+2	5.23910307E-9	2.96384753E-8	1.82296851E-7	1.18346612E-4
1.66500000E+2	4.69199933E-9	2.72733779E-8	1.98773520E-7	1.08902764E-4
1.67000000E+2	4.93023310E-9	2.43347429E-8	2.13333093E-7	9.71687762E-5
1.67500000E+2	4.83311738E-9	2.76053286E-8	1.89463205E-7	1.10228245E-4
1.68000000E+2	4.39561869E-9	2.63926576E-8	2.16894245E-7	1.05386042E-4
1.68500000E+2	6.98794502E-9	2.19102111E-8	2.78314577E-7	8.74876059E-5
1.69000000E+2	4.69355110E-9	2.21522592E-8	1.99576967E-7	8.84541055E-5
1.69500000E+2	5.97330128E-9	1.98023771E-8	1.81883060E-7	7.90710121E-5
1.70000000E+2	7.86819294E-8	2.20698535E-8	1.73666983E-7	8.81250592E-5
1.70500000E+2	6.23591086E-9	1.90761662E-8	3.02804572E-7	7.61712475E-5
1.71000000E+2	5.77210843E-9	2.32706987E-8	1.93470360E-7	9.29200413E-5
1.71500000E+2	4.32049746E-9	2.29955071E-8	2.64239698E-7	9.18211994E-5
1.72000000E+2	5.47417726E-9	2.39965189E-8	1.87856515E-7	9.58182457E-5
1.72500000E+2	5.02062966E-9	3.16430023E-8	2.32153172E-7	1.26350700E-4
1.73000000E+2	5.74949673E-9	2.12029871E-8	1.90382825E-7	8.46636562E-5
1.73500000E+2	7.27043886E-9	2.21716013E-8	2.06925641E-7	8.85313388E-5
1.74000000E+2	4.37639542E-9	2.28855133E-8	1.79822068E-7	9.13819936E-5
1.74500000E+2	7.00566713E-9	1.88937940E-8	1.93131594E-7	7.54430343E-5
1.75000000E+2	6.87333683E-8	3.08373315E-8	1.86593285E-7	1.23133652E-4
1.75500000E+2	4.92942177E-9	2.58550521E-8	1.89097099E-7	1.03239380E-4
1.76000000E+2	4.69754552E-9	2.72379059E-8	1.82937841E-7	1.08761124E-4
1.76500000E+2	6.47922830E-9	2.38149294E-8	2.47205421E-7	9.50931579E-5
1.77000000E+2	4.90819676E-9	2.09357330E-8	1.78359759E-7	8.35965088E-5
1.77500000E+2	4.87315277E-9	1.90704368E-8	2.78842262E-7	7.61483701E-5
1.78000000E+2	9.29937962E-9	2.21160455E-8	1.68204530E-7	8.83095039E-5
1.78500000E+2	1.18634361E-8	2.54281856E-8	2.76049207E-7	1.01534899E-4
1.79000000E+2	5.10050605E-9	2.30568873E-8	1.86228982E-7	9.20662909E-5
1.79500000E+2	4.24883172E-9	2.01344216E-8	2.00880312E-7	8.03968677E-5
1.80000000E+2	2.40240162E-8	2.08707977E-8	1.82016292E-7	8.33372220E-5
1.80500000E+2	5.28790120E-9	3.11705092E-8	2.54730382E-7	1.24464033E-4
1.81000000E+2	4.32631779E-9	2.04895214E-8	2.23624029E-7	8.18147836E-5
1.81500000E+2	4.83069387E-9	2.38187771E-8	2.01601240E-7	9.51085215E-5
1.82000000E+2	4.55958776E-9	3.08134483E-8	2.26709397E-7	1.23038286E-4
1.82500000E+2	4.83223031E-9	1.99276418E-8	1.99295585E-7	7.95711946E-5
1.83000000E+2	4.81340219E-9	2.14901849E-8	1.75416373E-7	8.58104388E-5
1.83500000E+2	7.94997117E-9	1.89203389E-8	1.83595996E-7	7.55490281E-5
1.84000000E+2	4.68259404E-9	2.11767577E-8	1.80940096E-7	8.45589221E-5
1.84500000E+2	4.17474480E-9	2.21613498E-8	1.91202393E-7	8.84904044E-5
1.85000000E+2	2.14125783E-8	2.45995592E-8	1.81172486E-7	9.82261892E-5
1.85500000E+2	4.30353844E-9	2.40024347E-8	2.00025367E-7	9.58418674E-5
1.86000000E+2	4.00983562E-9	2.27947198E-8	2.45475760E-7	9.10194546E-5
1.86500000E+2	4.68112209E-9	2.51889934E-8	2.11677609E-7	1.00579803E-4
1.87000000E+2	4.50374604E-9	2.14582803E-8	1.92017422E-7	8.56830437E-5
1.87500000E+2	5.77093165E-9	2.76855597E-8	2.92374028E-7	1.10548608E-4
1.88000000E+2	4.44556768E-9	1.99381008E-8	1.59348154E-7	7.96129578E-5
1.88500000E+2	4.74088329E-9	4.35529586E-8	2.59509358E-7	1.73907228E-4
1.89000000E+2	5.77882856E-9	2.19096341E-8	1.68887447E-7	8.74853020E-5
1.89500000E+2	4.68764572E-9	2.16116088E-8	1.98546603E-7	8.62952852E-5
1.90000000E+2	6.90738618E-8	2.27504311E-8	2.19116286E-7	9.08426096E-5
1.90500000E+2	4.74387969E-9	1.91067903E-8	1.93655203E-7	7.62935299E-5
1.91000000E+2	4.82859674E-9	2.08976484E-8	2.50536867E-7	8.34444371E-5
1.91500000E+2	5.64490152E-9	1.83117467E-8	1.88747924E-7	7.31189158E-5
1.92000000E+2	4.21196785E-9	2.07931514E-8	2.28498206E-7	8.30271798E-5
1.92500000E+2	6.37023890E-9	2.05635219E-8	2.36755628E-7	8.21102679E-5
1.93000000E+2	5.71492176E-9	2.35139330E-8	3.16336061E-7	9.38912773E-5
1.93500000E+2	4.78078062E-9	2.20954430E-8	2.64493064E-7	8.82272381E-5
1.94000000E+2	4.66948361E-9	2.12283101E-8	2.20190634E-7	8.47647710E-5
1.94500000E+2	6.17310704E-9	2.52101824E-8	2.23809305E-7	1.00664411E-4
1.95000000E+2	7.03643600E-8	2.05265986E-8	1.56683381E-7	8.19628330E-5
1.95500000E+2	6.11173710E-9	2.18198722E-8	2.03367871E-7	8.71268824E-5
1.96000000E+2	6.83136857E-9	2.70936755E-8	1.71712172E-7	1.08185211E-4
1.96500000E+2	5.23054488E-9	2.51130893E-8	2.36120435E-7	1.00276718E-4
1.97000000E+2	5.15378048E-9	2.22372608E-8	2.39532898E-7	8.87935175E-5
1.97500000E+2	4.58111282E-9	2.57114146E-8	2.41522862E-7	1.02665835E-4
1.98000000E+2	4.36063420E-9	1.77848715E-8	2.60806524E-7	7.10151001E-5
1.98500000E+2	4.02361393E-9	2.15567497E-8	2.92588815E-7	8.60762324E-5
1.99000000E+2	4.10820436E-9	1.84318820E-8	2.39828754E-7	7.35986168E-5
1.99500000E+2	4.17444594E-9	1.93201115E-8	2.77141303E-7	7.71453226E-5
2.00000000E+2	4.23137510E-8	1.89795210E-8	6.28785325E-7	7.57853428E-5
2.00500000E+2	7.17618234E-9	2.15684165E-8	3.62147683E-7	8.61228179E-5
2.01000000E+2	4.17266442E-9	2.75128184E-8	3.50763619E-7	1.09858851E-4
2.01500000E+2	5.89164038E-9	2.39818282E-8	2.86135691E-7	9.57595858E-5
2.02000000E+2	5.44670814E-9	2.96683988E-8	2.58230021E-7	1.18466096E-4
2.02500000E+2	4.67832625E-9	2.17573370E-8	2.28748484E-7	8.68771788E-5
2.03000000E+2	4.54280483E-9	1.99176932E-8	2.16115471E-7	7.95314697E-5
2.03500000E+2	6.12470479E-9	2.41243218E-8	2.32011780E-7	9.63285634E-5
2.04000000E+2	6.50737113E-9	2.43229125E-8	2.26341309E-7	9.71215373E-5
2.04500000E+2	5.29228980E-9	2.10395948E-8	2.22893209E-7	8.40112297E-5
2.05000000E+2	3.81845883E-8	2.25349240E-8	2.06722978E-7	8.99820885E-5
2.05500000E+2	7.48883795E-9	2.98139485E-8	2.15561480E-7	1.19047277E-4
2.06000000E+2	5.49721373E-9	2.58359407E-8	2.14831127E-7	1.03163068E-4
2.06500000E+2	4.30467493E-9	2.46865904E-8	2.96738143E-7	9.85737053E-5
2.07000000E+2	5.57214218E-9	2.45352006E-8	1.91526688E-7	9.79692050E-5
2.07500000E+2	4.24011909E-9	1.93588143E-8	1.68312274E-7	7.72998631E-5
2.08000000E+2	5.37783824E-9	2.50693047E-8	1.94087458E-7	1.00101886E-4
2.08500000E+2	4.54885673E-9	2.13786771E-8	1.77560655E-7	8.53651874E-5
2.09000000E+2	4.42386250E-9	2.24997524E-8	1.73680153E-7	8.98416478E-5
2.09500000E+2	4.34762029E-9	2.30470936E-8	2.32076557E-7	9.20271848E-5
2.10000000E+2	7.07421417E-8	2.11558919E-8	2.10193944E-7	8.44756047E-5
2.10500000E+2	5.51153797E-9	2.27769520E-8	2.82628765E-7	9.09485076E-5
2.11000000E+2	4.22373393E-9	1.96058121E-8	1.66434802E-7	7.82861269E-5
2.11500000E+2	4.79913818E-9	2.84773858E-8	2.21173116E-7	1.13710374E-4
2.12000000E+2	4.35275227E-9	2.26737107E-8	1.80688250E-7	9.05362644E-5
2.12500000E+2	5.25306390E-9	2.92747684E-8	1.82328008E-7	1.16894328E-4
2.13000000E+2	4.60229990E-9	2.44993879E-8	1.96961431E-7	9.78262047E-5
2.13500000E+2	4.89689967E-9	2.15124275E-8	1.95217595E-7	8.58992538E-5
2.14000000E+2	4.17571408E-9	2.68389445E-8	2.35478225E-7	1.07168068E-4
2.14500000E+2	5.21402324E-9	2.30952439E-8	2.34155043E-7	9.22194492E-5
2.15000000E+2	4.20159513E-8	1.63163556E-8	2.64063549E-7	6.51513069E-5
2.15500000E+2	5.81051997E-9	2.03695247E-8	2.30644846E-7	8.13356358E-5
2.16000000E+2	6.94350961E-9	1.83513726E-8	1.92577202E-7	7.32771422E-5
2.16500000E+2	6.13393841E-9	1.78662198E-8	1.54207272E-7	7.13399240E-5
2.17000000E+2	5.86178104E-9	2.19643033E-8	1.77310166E-7	8.77035964E-5
2.17500000E+2	5.75281802E-9	2.52689722E-8	1.89529837E-7	1.00899160E-4
2.18000000E+2	4.19283605E-9	1.95573796E-8	1.75663417E-7	7.80927355E-5
2.18500000E+2	4.56812186E-9	1.89838827E-8	1.83427249E-7	7.58027590E-5
2.19000000E+2	5.00381682E-9	2.02664919E-8	2.17337375E-7	8.09242251E-5
2.19500000E+2	4.09058736E-9	2.04206307E-8	1.66047893E-7	8.15397025E-5
2.20000000E+2	4.53316220E-8	2.69002417E-8	2.18412329E-7	1.07412829E-4
2.20500000E+2	4.79327329E-9	1.96070944E-8	1.93085358E-7	7.82912472E-5
2.21000000E+2	5.65078480E-9	2.49627056E-8	2.63964193E-7	9.96762351E-5
2.21500000E+2	5.03797088E-9	2.33293650E-8	1.97273628E-7	9.31542961E-5
2.22000000E+2	4.43123118E-9	2.45535420E-8	1.92527499E-7	9.80424423E-5
2.22500000E+2	4.71229844E-9	3.06839173E-8	2.71036052E-7	1.22521068E-4
2.23000000E+2	4.35416456E-9	1.99773488E-8	1.70648353E-7	7.97696750E-5
2.23500000E+2	5.49196392E-9	1.97775050E-8	1.83174910E-7	7.89716976E-5
2.24000000E+2	5.48365858E-9	2.12087319E-8	1.81577105E-7	8.46865955E-5
2.24500000E+2	5.22584399E-9	2.40786453E-8	1.92319061E-7	9.61461768E-5
2.25000000E+2	6.83420932E-8	2.18191553E-8	2.58484661E-7	8.71240195E-5
2.25500000E+2	5.23512703E-9	2.06019861E-8	2.11712599E-7	8.22638557E-5
2.26000000E+2	4.90425570E-9	2.02216262E-8	2.17631863E-7	8.07450763E-5
2.26500000E+2	4.54048209E-9	1.84133464E-8	1.59583087E-7	7.35246039E-5
2.27000000E+2	4.27833345E-9	2.60120068E-8	2.11239940E-7	1.03866101E-4
2.27500000E+2	4.35509627E-9	1.93629077E-8	2.16783707E-7	7.73162081E-5
2.28000000E+2	4.53400851E-9	1.80527977E-8	2.36847261E-7	7.20849309E-5
2.28500000E+2	5.33862201E-9	2.06899189E-8	2.56863964E-7	8.26149719E-5
2.29000000E+2	6.87867137E-9	1.84560606E-8	4.04136891E-7	7.36951622E-5
2.29500000E+2	5.39828504E-9	1.97237696E-8	2.91927270E-7	7.87571316E-5
2.30000000E+2	9.09215474E-8	2.54286718E-8	2.66602000E-7	1.01536841E-4
2.30500000E+2	6.84665398E-9	1.72410053E-8	2.25450283E-7	6.88434388E-5
2.31000000E+2	4.56645298E-9	2.51525961E-8	2.71464788E-7	1.00434469E-4
2.31500000E+2	4.52040161E-9	2.65971194E-8	1.88703912E-7	1.06202459E-4
2.32000000E+2	5.14505712E-9	2.00867555E-8	1.83049678E-7	8.02065367E-5
2.32500000E+2	4.74424347E-9	2.41019227E-8	1.68334901E-7	9.62391237E-5
2.33000000E+2	4.50477495E-9	2.13542648E-8	1.98020873E-7	8.52677092E-5
2.33500000E+2	6.72788288E-9	1.82143462E-8	2.06740247E-7	7.27299950E-5
2.34000000E+2	6.62416202E-9	2.26246366E-8	1.98586770E-7	9.03403115E-5
2.34500000E+2	4.15555685E-9	1.95233449E-8	1.50320084E-7	7.79568348E-5
2.35000000E+2	4.35296972E-8	1.93028696E-8	1.97050943E-7	7.70764754E-5
2.35500000E+2	5.56778259E-9	2.45377747E-8	2.20848021E-7	9.79794834E-5
2.36000000E+2	4.75821412E-9	2.47883524E-8	1.94572838E-7	9.89800418E-5
2.36500000E+2	5.23896096E-9	2.57693819E-8	1.53760703E-7	1.02897299E-4
2.37000000E+2	4.26895473E-9	2.18699588E-8	1.69841705E-7	8.73268783E-5
2.37500000E+2	5.88815253E-9	3.08625204E-8	2.18971815E-7	1.23234231E-4
2.38000000E+2	4.41024280E-9	2.47711146E-8	2.10859797E-7	9.89112110E-5
2.38500000E+2	5.03551709E-9	2.33787002E-8	1.61485961E-7	9.33512918E-5
2.39000000E+2	4.25283502E-9	2.14835571E-8	1.77415374E-7	8.57839741E-5
2.39500000E+2	4.40601821E-9	3.21767456E-8	2.37441029E-7	1.28481941E-4
2.40000000E+2	3.01072273E-8	2.01579109E-8	2.81266578E-7	8.04906605E-5
2.40500000E+2	4.81095552E-9	2.25514176E-8	2.44802113E-7	9.00479475E-5
2.41000000E+2	7.07555936E-9	1.99494965E-8	1.84234778E-7	7.96584609E-5
2.41500000E+2	5.23813952E-9	2.40547188E-8	1.82068702E-7	9.60506381E-5
2.42000000E+2	5.26313882E-9	1.86236787E-8	1.64893070E-7	7.43644623E-5
2.42500000E+2	5.00454211E-9	1.93935016E-8	1.80876271E-7	7.74383699E-5
2.43000000E+2	4.02811576E-9	1.91096984E-8	1.74984522E-7	7.63051416E-5
2.43500000E+2	4.79942388E-9	2.19264540E-8	1.94936120E-7	8.75524638E-5
2.44000000E+2	4.36187196E-9	2.59468516E-8	2.16816380E-7	1.03605936E-4
2.44500000E+2	4.27605066E-9	2.21079301E-8	1.74634253E-7	8.82770993E-5
2.45000000E+2	1.64480670E-8	2.38188645E-8	1.99094775E-7	9.51088704E-5
2.45500000E+2	4.36075477E-9	2.59145335E-8	2.19438085E-7	1.03476889E-4
2.46000000E+2	4.66677887E-9	2.20870301E-8	2.08275504E-7	8.81936453E-5
2.46500000E+2	5.40086037E-9	2.05974752E-8	1.94151119E-7	8.22458437E-5
2.47000000E+2	6.40546952E-9	2.08034017E-8	2.50603388E-7	8.30681095E-5
2.47500000E+2	4.20958496E-9	1.98012412E-8	2.39150413E-7	7.90664764E-5
2.48000000E+2	4.18103487E-9	2.91006003E-8	3.34131126E-7	1.16198874E-4
2.48500000E+2	4.44077383E-9	3.19916746E-8	4.32096233E-7	1.27742951E-4
2.49000000E+2	4.82132367E-9	1.95609415E-8	5.01840987E-7	7.81069581E-5
2.49500000E+2	4.82820855E-9	2.60319151E-8	9.13713217E-7	1.03945595E-4
2.50000000E+2	7.24873096E-8	1.94504450E-8	7.08876483E-6	7.76657449E-5
2.50500000E+2	4.52766166E-9	2.00865086E-8	6.77993829E-7	8.02055508E-5
2.51000000E+2	4.32022896E-9	1.87959057E-8	4.35371599E-7	7.50521655E-5
2.51500000E+2	3.87914880E-9	2.25887929E-8	3.44801549E-7	9.01971871E-5
2.52000000E+2	5.41508275E-9	2.35064978E-8	2.60337397E-7	9.38615886E-5
2.52500000E+2	5.05925918E-9	2.45685533E-8	2.24201680E-7	9.81023824E-5
2.53000000E+2	4.89334557E-9	2.94534009E-8	2.73187137E-7	1.17607609E-4
2.53500000E+2	4.83956042E-9	2.36137218E-8	2.13057862E-7	9.42897346E-5
2.54000000E+2	3.63171731E-9	2.09314393E-8	2.08501227E-7	8.35793642E-5
2.54500000E+2	4.62821567E-9	1.87091041E-8	2.11515835E-7	7.47055664E-5
2.55000000E+2	8.07630041E-8	1.90314022E-8	2.42134897E-7	7.59925045E-5
2.55500000E+2	4.26049414E-9	2.07750889E-8	1.82067116E-7	8.29550562E-5
2.56000000E+2	5.21640684E-9	2.05963732E-8	1.78768645E-7	8.22414433E-5
2.56500000E+2	4.57300500E-9	1.89823131E-8	1.92739258E-7	7.57964915E-5
2.57000000E+2	5.12635140E-9	2.14941809E-8	2.08381239E-7	8.58263951E-5
2.57500000E+2	4.49588225E-9	1.94044334E-8	1.69366606E-7	7.74820205E-5
2.58000000E+2	4.70591952E-9	2.06597844E-8	1.81434421E-7	8.24946447E-5
2.58500000E+2	5.89696876E-9	2.94893370E-8	2.40533165E-7	1.17751102E-4
2.59000000E+2	5.20543857E-9	1.91116233E-8	1.91371476E-7	7.63128278E-5
2.59500000E+2	9.25875707E-9	2.59198816E-8	1.77929291E-7	1.03498245E-4
2.60000000E+2	5.68793329E-8	1.84052334E-8	2.16028575E-7	7.34922088E-5
2.60500000E+2	5.10254857E-9	1.76679890E-8	1.76958522E-7	7.05483875E-5
2.61000000E+2	4.28247853E-9	2.06622288E-8	1.96713504E-7	8.25044053E-5
2.61500000E+2	5.05088031E-9	2.27115545E-8	1.87630313E-7	9.06873751E-5
2.62000000E+2	5.36349990E-9	1.92806731E-8	1.92154341E-7	7.69878449E-5
2.62500000E+2	4.53257412E-9	2.56424275E-8	2.32153732E-7	1.02390369E-4
2.63000000E+2	4.43610054E-9	2.01866008E-8	1.69464446E-7	8.06052195E-5
2.63500000E+2	5.08333051E-9	2.19214044E-8	2.08792350E-7	8.75323011E-5
2.64000000E+2	4.86654544E-9	2.29336875E-8	2.65201579E-7	9.15743534E-5
2.64500000E+2	4.63325247E-9	2.97757967E-8	6.51646508E-7	1.18894937E-4
2.65000000E+2	4.87828094E-8	2.66939678E-8	3.35226836E-7	1.06589176E-4
2.65500000E+2	4.70262258E-9	2.16495657E-8	2.12588613E-7	8.64468473E-5
2.66000000E+2	4.44006902E-9	1.85866070E-8	2.07573547E-7	7.42164346E-5
2.66500000E+2	7.27253423E-9	1.98799206E-8	1.82232345E-7	7.93806437E-5
2.67000000E+2	4.25371127E-9	2.00208006E-8	1.71653577E-7	7.99431783E-5
2.67500000E+2	4.24228326E-9	2.07821443E-8	2.92340444E-7	8.29832283E-5
2.68000000E+2	7.27564270E-9	2.21303707E-8	2.07161659E-7	8.83667048E-5
2.68500000E+2	6.44726988E-9	2.92591290E-8	2.79529217E-7	1.16831880E-4
2.69000000E+2	4.06704832E-9	2.64605962E-8	1.50485666E-7	1.05657321E-4
2.69500000E+2	6.66741157E-9	2.13505342E-8	3.33787360E-7	8.52528127E-5
2.70000000E+2	3.08206407E-8	2.17651817E-8	2.24291475E-7	8.69085028E-5
2.70500000E+2	5.13917195E-9	2.65714330E-8	2.70573823E-7	1.06099894E-4
2.71000000E+2	4.79509651E-9	2.00975872E-8	4.04001518E-7	8.02497877E-5
2.71500000E+2	6.26653147E-9	1.92072871E-8	2.80310884E-7	7.66948140E-5
2.72000000E+2	5.76052671E-9	2.83037846E-8	2.18415593E-7	1.13017184E-4
2.72500000E+2	4.35120471E-9	3.55015557E-8	2.12619894E-7	1.41757927E-4
2.73000000E+2	6.21977717E-9	2.41033305E-8	2.44143079E-7	9.62447452E-5
2.73500000E+2	4.99666581E-9	2.47437127E-8	2.05677303E-7	9.88017949E-5
2.74000000E+2	4.26858598E-9	1.87923348E-8	3.34154180E-7	7.50379068E-5
2.74500000E+2	4.57427231E-9	2.04633535E-8	1.96247435E-7	8.17102950E-5
2.75000000E+2	6.66968803E-8	2.15531945E-8	2.12466637E-7	8.60620366E-5
2.75500000E+2	6.31522872E-9	2.64573998E-8	2.83495629E-7	1.05644558E-4
2.76000000E+2	6.02465026E-9	1.98191690E-8	1.70607454E-7	7.91380620E-5
2.76500000E+2	6.21391135E-9	1.88303845E-8	2.35686969E-7	7.51898396E-5
2.77000000E+2	5.87746358E-9	2.01724602E-8	1.94106573E-7	8.05487561E-5
2.77500000E+2	4.42549237E-9	1.98869770E-8	1.62895682E-7	7.94088200E-5
2.78000000E+2	6.66523358E-9	1.93790116E-8	2.19832053E-7	7.73805112E-5
2.78500000E+2	4.87215759E-9	2.05652725E-8	1.76883410E-7	8.21172579E-5
2.79000000E+2	4.09320849E-9	2.00400953E-8	2.19977655E-7	8.00202223E-5
2.79500000E+2	4.30838002E-9	2.15396548E-8	1.66711621E-7	8.60079726E-5
2.80000000E+2	5.58408022E-8	1.97885459E-8	2.02445975E-7	7.90157838E-5
2.80500000E+2	4.44855768E-9	1.99844268E-8	1.68179321E-7	7.97979374E-5
2.81000000E+2	4.77772849E-9	1.84389574E-8	1.72136498E-7	7.36268687E-5
2.81500000E+2	4.77523870E-9	2.43427760E-8	2.81866395E-7	9.72008522E-5
2.82000000E+2	4.43713415E-9	2.51856717E-8	1.79273805E-7	1.00566540E-4
2.82500000E+2	6.56835714E-9	2.16007507E-8	1.62500843E-7	8.62519288E-5
2.83000000E+2	4.89257230E-9	2.02899749E-8	2.18964570E-7	8.10179930E-5
2.83500000E+2	4.58738560E-9	1.69604741E-8	1.76630973E-7	6.77232759E-5
2.84000000E+2	6.35740070E-9	1.87094011E-8	2.17032687E-7	7.47067523E-5
2.84500000E+2	5.09663302E-9	2.27293764E-8	1.88315568E-7	9.07585381E-5
2.85000000E+2	3.02481152E-8	2.56583389E-8	2.61975539E-7	1.02453903E-4
2.85500000E+2	6.41413758E-9	2.55815972E-8	2.17160245E-7	1.02147473E-4
2.86000000E+2	4.29415780E-9	1.75071810E-8	2.09850989E-7	6.99062801E-5
2.86500000E+2	4.27718011E-9	1.74250831E-8	1.77132622E-7	6.95784627E-5
2.87000000E+2	4.55760076E-9	2.93862993E-8	2.14458515E-7	1.17339672E-4
2.87500000E+2	4.32734078E-9	2.33150033E-8	2.74329291E-7	9.30969498E-5
2.88000000E+2	6.33189276E-9	2.35853555E-8	2.43348699E-7	9.41764679E-5
2.88500000E+2	5.84092242E-9	1.66349453E-8	1.75675954E-7	6.64234375E-5
2.89000000E+2	4.84922831E-9	2.46360872E-8	1.88596035E-7	9.83720457E-5
2.89500000E+2	4.91391737E-9	2.23990981E-8	2.39995207E-7	8.94397349E-5
2.90000000E+2	6.79081139E-8	2.49287670E-8	2.12364182E-7	9.95407179E-5
2.90500000E+2	5.51865940E-9	2.73083147E-8	1.91097144E-7	1.09042266E-4
2.91000000E+2	4.89466680E-9	2.12224279E-8	1.96360363E-7	8.47412835E-5
2.91500000E+2	4.43605523E-9	2.94974016E-8	2.30974481E-7	1.17783304E-4
2.92000000E+2	4.84316590E-9	2.08014298E-8	1.54919220E-7	8.30602356E-5
2.92500000E+2	5.26332729E-9	3.67231196E-8	2.46784970E-7	1.46635640E-4
2.93000000E+2	4.53909059E-9	1.94688373E-8	2.02469246E-7	7.77391855E-5
2.93500000E+2	5.85590791E-9	2.20436602E-8	1.86203366E-7	8.80204692E-5
2.94000000E+2	4.82411651E-9	2.21208587E-8	1.86121520E-7	8.83287230E-5
2.94500000E+2	4.35813314E-9	2.38473681E-8	1.76740309E-7	9.52226856E-5
2.95000000E+2	6.24297370E-8	2.80711402E-8	2.26045311E-7	1.12088233E-4
2.95500000E+2	5.91708858E-9	2.28729765E-8	1.84287960E-7	9.13319343E-5
2.96000000E+2	5.28551946E-9	2.50367403E-8	2.49071080E-7	9.99718560E-5
2.96500000E+2	6.42119833E-9	1.95550298E-8	2.02601132E-7	7.80833527E-5
2.97000000E+2	5.29181122E-9	1.99384741E-8	2.12543347E-7	7.96144480E-5
2.97500000E+2	5.42230766E-9	1.90910661E-8	2.18218573E-7	7.62307430E-5
2.98000000E+2	4.87831632E-9	2.79581980E-8	2.65457760E-7	1.11637254E-4
2.98500000E+2	6.14470161E-9	2.18430087E-8	2.09434671E-7	8.72192664E-5
2.99000000E+2	6.36007077E-9	2.91364892E-8	2.55271501E-7	1.16342179E-4
2.99500000E+2	5.21345662E-9	2.73473456E-8	3.34963956E-7	1.09198117E-4
3.00000000E+2	5.31995001E-8	2.56153069E-8	6.67941129E-7	1.02282076E-4
3.00500000E+2	6.31473859E-9	2.31361075E-8	3.22392683E-7	9.23826180E-5
3.01000000E+2	4.09288744E-9	1.75045546E-8	2.40218962E-7	6.98957927E-5
3.01500000E+2	5.92248258E-9	1.89047518E-8	2.46304073E-7	7.54867887E-5
3.02000000E+2	4.54659967E-9	1.83369650E-8	1.86175858E-7	7.32196127E-5
3.02500000E+2	5.08756871E-9	1.80649107E-8	2.03008674E-7	7.21332982E-5
3.03000000E+2	5.99234785E-9	2.08188322E-8	2.34899101E-7	8.31297234E-5
3.03500000E+2	4.40003127E-9	2.70906691E-8	1.84664696E-7	1.08173206E-4
3.04000000E+2	4.50815570E-9	2.76306563E-8	2.07890220E-7	1.10329378E-4
3.04500000E+2	4.84002716E-9	1.87907496E-8	1.88098980E-7	7.50315774E-5
3.05000000E+2	5.40662577E-8	2.86322246E-8	2.40460729E-7	1.14328647E-4
3.05500000E+2	4.82582307E-9	2.25260751E-8	1.87234083E-7	8.99467545E-5
3.06000000E+2	4.96756057E-9	2.18169464E-8	2.03002596E-7	8.71151996E-5
3.06500000E+2	5.19813633E-9	2.81345326E-8	1.95228619E-7	1.12341360E-4
3.07000000E+2	4.05910336E-9	1.81057826E-8	1.87564770E-7	7.22964999E-5
3.07500000E+2	5.84454612E-9	2.62461340E-8	2.14770495E-7	1.04800972E-4
3.08000000E+2	5.46241577E-9	1.67894231E-8	1.64425366E-7	6.70402683E-5
3.08500000E+2	4.24540942E-9	2.69640986E-8	2.40880762E-7	1.07667810E-4
3.09000000E+2	4.95608954E-9	1.87159354E-8	1.83844563E-7	7.47328437E-5
3.09500000E+2	4.68768656E-9	2.30289253E-8	2.41870186E-7	9.19546386E-5
3.10000000E+2	4.13401647E-8	2.54564227E-8	2.06549840E-7	1.01647651E-4
3.10500000E+2	4.53951890E-9	2.21598209E-8	2.78520191E-7	8.84842993E-5
3.11000000E+2	4.16930682E-9	2.07606811E-8	1.68794894E-7	8.28975257E-5
3.11500000E+2	4.66397915E-9	2.22119261E-8	2.05862544E-7	8.86923560E-5
3.12000000E+2	4.47960138E-9	1.73388890E-8	1.65814856E-7	6.92342889E-5
3.12500000E+2	5.10400874E-9	1.78787283E-8	1.77676019E-7	7.13898707E-5
3.13000000E+2	4.32184504E-9	1.89838664E-8	2.19919064E-7	7.58026937E-5
3.13500000E+2	4.91387343E-9	2.01807452E-8	1.89435848E-7	8.05818382E-5
3.14000000E+2	6.33105297E-9	2.15861803E-8	1.72775776E-7	8.61937492E-5
3.14500000E+2	4.22450228E-9	2.05573321E-8	1.94054109E-7	8.20855518E-5
3.15000000E+2	6.47910327E-8	2.43536563E-8	1.59682822E-7	9.72442976E-5
3.15500000E+2	4.11193168E-9	1.65771608E-8	2.40212674E-7	6.61927036E-5
3.16000000E+2	4.80069760E-9	1.90967444E-8	2.03284772E-7	7.62534164E-5
3.16500000E+2	6.25743303E-9	3.11191214E-8	2.75665276E-7	1.24258841E-4
3.17000000E+2	4.89488810E-9	1.81325461E-8	1.86013051E-7	7.24033668E-5
3.17500000E+2	6.87283257E-9	2.64610921E-8	2.13577175E-7	1.05659301E-4
3.18000000E+2	5.25483571E-9	1.96267667E-8	2.34604035E-7	7.83697988E-5
3.18500000E+2	4.05860470E-9	2.08940217E-8	1.68481094E-7	8.34299556E-5
3.19000000E+2	4.25508253E-9	2.18914237E-8	1.79164578E-7	8.74125878E-5
3.19500000E+2	5.39509143E-9	2.20868276E-8	1.73957064E-7	8.81928368E-5
3.20000000E+2	5.19621839E-8	2.18528178E-8	1.94929096E-7	8.72584341E-5
3.20500000E+2	4.62556286E-9	1.83060523E-8	1.72209262E-7	7.30961779E-5
3.21000000E+2	4.33077458E-9	1.78205293E-8	1.82875157E-7	7.11574815E-5
3.21500000E+2	7.51287985E-9	1.69246010E-8	1.94753697E-7	6.75800345E-5
3.22000000E+2	5.36436011E-9	1.96873115E-8	1.80118645E-7	7.86115545E-5
3.22500000E+2	4.60033374E-9	2.50747662E-8	1.72945409E-7	1.00123694E-4
3.23000000E+2	5.09792274E-9	2.18759149E-8	1.64742764E-7	8.73506610E-5
3.23500000E+2	6.22070346E-9	1.80374836E-8	1.71981718E-7	7.20237815E-5
3.24000000E+2	5.33843653E-9	2.19986942E-8	1.97777391E-7	8.78409196E-5
3.24500000E+2	4.44126809E-9	3.20722579E-8	2.56129151E-7	1.28064721E-4
3.25000000E+2	2.55435257E-8	2.15199356E-8	1.91226720E-7	8.59292337E-5
3.25500000E+2	5.46081855E-9	1.98331098E-8	2.49376110E-7	7.91937279E-5
3.26000000E+2	4.54162743E-9	2.37416365E-8	2.57812389E-7	9.48004986E-5
3.26500000E+2	4.89028135E-9	2.36489606E-8	1.79365878E-7	9.44304434E-5
3.27000000E+2	4.62645742E-9	2.05275266E-8	1.77694962E-7	8.19665385E-5
3.27500000E+2	4.87064632E-9	2.51689813E-8	1.76867754E-7	1.00499895E-4
3.28000000E+2	4.00673181E-9	1.87398691E-8	2.47161463E-7	7.48284110E-5
3.28500000E+2	5.96131814E-9	2.62700467E-8	2.86661251E-7	1.04896456E-4
3.29000000E+2	4.23931087E-9	1.73648606E-8	1.84526547E-7	6.93379940E-5
3.29500000E+2	4.85008005E-9	1.89535473E-8	1.68395517E-7	7.56816293E-5
3.30000000E+2	3.71235167E-8	2.44724952E-8	1.69511764E-7	9.77188221E-5
3.30500000E+2	6.03104834E-9	2.38964693E-8	1.66955472E-7	9.54187472E-5
3.31000000E+2	5.74959854E-9	2.29133592E-8	1.95919857E-7	9.14931823E-5
3.31500000E+2	5.46237613E-9	2.13360453E-8	1.88527615E-7	8.51949584E-5
3.32000000E+2	4.94577991E-9	1.81755393E-8	1.88531627E-7	7.25750387E-5
3.32500000E+2	4.29372854E-9	1.95352560E-8	2.61105923E-7	7.80043959E-5
3.33000000E+2	4.56058559E-9	1.88247114E-8	4.00284110E-7	7.51671870E-5
3.33500000E+2	5.67239510E-9	2.03107267E-8	6.47145489E-7	8.11008551E-5
3.34000000E+2	5.22250729E-9	1.86523510E-8	2.37862724E-7	7.44789507E-5
3.34500000E+2	5.42580201E-9	2.45977166E-8	1.94561609E-7	9.82188316E-5
3.35000000E+2	4.94967294E-8	1.86752241E-8	1.85709163E-7	7.45702833E-5
3.35500000E+2	4.43571830E-9	1.82145283E-8	1.50780888E-7	7.27307223E-5
3.36000000E+2	4.04845136E-9	2.25372495E-8	2.58098178E-7	8.99913742E-5
3.36500000E+2	4.39867953E-9	2.29115626E-8	1.84478633E-7	9.14860085E-5
3.37000000E+2	4.17564312E-9	2.45785366E-8	1.68719936E-7	9.81422458E-5
3.37500000E+2	4.22608108E-9	1.91374707E-8	1.62299693E-7	7.64160367E-5
3.38000000E+2	4.76265396E-9	1.74502089E-8	1.46720440E-7	6.96787900E-5
3.38500000E+2	4.47057801E-9	1.90775424E-8	1.64967939E-7	7.61767428E-5
3.39000000E+2	6.55234768E-9	1.86010020E-8	2.01347417E-7	7.42739142E-5
3.39500000E+2	5.52294775E-9	2.04346599E-8	2.19794997E-7	8.15957211E-5
3.40000000E+2	5.16464026E-8	2.37362589E-8	1.76221269E-7	9.47790262E-5
3.40500000E+2	4.95347222E-9	1.98452497E-8	2.03130776E-7	7.92422028E-5
3.41000000E+2	4.75590653E-9	2.48493009E-8	2.39141062E-7	9.92234095E-5
3.41500000E+2	4.19981984E-9	3.02382710E-8	2.52493934E-7	1.20741600E-4
3.42000000E+2	5.02970076E-9	1.91020352E-8	1.75717825E-7	7.62745428E-5
3.42500000E+2	6.09033880E-9	1.82264936E-8	1.82506989E-7	7.27784997E-5
3.43000000E+2	4.29164791E-9	2.33120852E-8	2.43099026E-7	9.30852976E-5
3.43500000E+2	6.28632586E-9	2.05373565E-8	1.87773633E-7	8.20057892E-5
3.44000000E+2	5.89724200E-9	1.78454497E-8	1.87976756E-7	7.12569891E-5
3.44500000E+2	4.33599723E-9	2.83446368E-8	3.03122070E-7	1.13180307E-4
3.45000000E+2	4.91718117E-8	1.73647362E-8	1.94031453E-7	6.93374971E-5
3.45500000E+2	4.58897862E-9	1.87980410E-8	1.82177869E-7	7.50606921E-5
3.46000000E+2	5.71598962E-9	2.03392553E-8	2.38000583E-7	8.12147700E-5
3.46500000E+2	4.27954234E-9	2.68304316E-8	2.27320958E-7	1.07134076E-4
3.47000000E+2	5.04269434E-9	1.68373614E-8	2.59782754E-7	6.72316864E-5
3.47500000E+2	4.71778065E-9	2.76477716E-8	2.77543148E-7	1.10397720E-4
3.48000000E+2	5.64220570E-9	2.35073133E-8	3.13743531E-7	9.38648450E-5
3.48500000E+2	6.28360648E-9	1.98282045E-8	4.09866753E-7	7.91741409E-5
3.49000000E+2	4.48980129E-9	1.86429416E-8	5.55767176E-7	7.44413790E-5
3.49500000E+2	6.05899795E-9	1.96375759E-8	1.08893005E-6	7.84129597E-5
3.50000000E+2	6.26572728E-8	2.49230353E-8	5.91414961E-6	9.95178314E-5
3.50500000E+2	4.80167614E-9	2.38961009E-8	9.75685547E-7	9.54172760E-5
3.51000000E+2	6.04115073E-9	1.85183555E-8	4.97835371E-7	7.39439059E-5
3.51500000E+2	4.44237926E-9	2.07616986E-8	3.99619939E-7	8.29015886E-5
3.52000000E+2	5.41703766E-9	2.73930289E-8	3.31083402E-7	1.09380531E-4
3.52500000E+2	4.04527281E-9	2.97289842E-8	3.21729777E-7	1.18708014E-4
3.53000000E+2	5.97742417E-9	2.48810535E-8	2.95277610E-7	9.93501976E-5
3.53500000E+2	5.41386528E-9	1.88989000E-8	2.06133651E-7	7.54634225E-5
3.54000000E+2	4.28076661E-9	2.04628520E-8	2.43169665E-7	8.17082922E-5
3.54500000E+2	4.80326472E-9	2.41049553E-8	2.88099723E-7	9.62512329E-5
3.55000000E+2	4.92758313E-8	3.25819038E-8	1.94285493E-7	1.30099740E-4
3.55500000E+2	5.14456663E-9	2.03803618E-8	1.80840456E-7	8.13789085E-5
3.56000000E+2	6.69387081E-9	1.89134038E-8	1.94581297E-7	7.55213364E-5
3.56500000E+2	5.03827725E-9	2.17475964E-8	2.03449725E-7	8.68382847E-5
3.57000000E+2	4.98790617E-9	2.00812675E-8	1.63816293E-7	8.01846233E-5
3.57500000E+2	5.77491808E-9	2.34140939E-8	1.76886651E-7	9.34926193E-5
3.58000000E+2	6.85318710E-9	2.16992242E-8	1.96269765E-7	8.66451341E-5
3.58500000E+2	4.73497856E-9	1.94220218E-8	1.65217604E-7	7.75522509E-5
3.59000000E+2	6.11288797E-9	2.16457820E-8	1.96834896E-7	8.64317390E-5
3.59500000E+2	4.32478313E-9	1.91466498E-8	1.73029563E-7	7.64526889E-5
3.60000000E+2	4.87342187E-8	1.95090100E-8	2.02865227E-7	7.78995953E-5
3.60500000E+2	5.38118737E-9	2.24478125E-8	1.85900822E-7	8.96342516E-5
3.61000000E+2	5.57570240E-9	1.98715991E-8	1.89180848E-7	7.93474159E-5
3.61500000E+2	4.76123219E-9	2.96903055E-8	2.85262748E-7	1.18553570E-4
3.62000000E+2	4.33799793E-9	1.88914550E-8	2.55499246E-7	7.54336947E-5
3.62500000E+2	6.80206705E-9	1.91010120E-8	1.72367572E-7	7.62704568E-5
3.63000000E+2	4.69713734E-9	1.64078954E-8	2.03007039E-7	6.55168258E-5
3.63500000E+2	5.31017721E-9	1.61876979E-8	1.65633425E-7	6.46375762E-5
3.64000000E+2	4.36556848E-9	2.01234603E-8	1.58948806E-7	8.03530994E-5
3.64500000E+2	4.90283643E-9	1.98791811E-8	1.72337359E-7	7.93776909E-5
3.65000000E+2	5.26856725E-8	2.59463250E-8	1.94575368E-7	1.03603833E-4
3.65500000E+2	4.76382201E-9	2.22861931E-8	1.78030904E-7	8.89889046E-5
3.66000000E+2	4.33144080E-9	1.86831919E-8	1.58469303E-7	7.46020987E-5
3.66500000E+2	4.24644755E-9	1.89139124E-8	1.90147729E-7	7.55233672E-5
3.67000000E+2	4.34102061E-9	2.01399978E-8	2.18414068E-7	8.04191337E-5
3.67500000E+2	5.37338688E-9	1.87143563E-8	1.84569028E-7	7.47265385E-5
3.68000000E+2	4.61687371E-9	2.34423508E-8	2.20843893E-7	9.36054490E-5
3.68500000E+2	6.14474765E-9	1.71305717E-8	2.68803517E-7	6.84024767E-5
3.69000000E+2	5.67374401E-9	1.89728267E-8	1.68469204E-7	7.57586121E-5
3.69500000E+2	4.70055553E-9	1.78288860E-8	1.82298309E-7	7.11908500E-5
3.70000000E+2	6.09795986E-8	2.43936926E-8	1.70240994E-7	9.74041625E-5
3.70500000E+2	4.24654752E-9	1.71432338E-8	1.68371352E-7	6.84530366E-5
3.71000000E+2	3.97306549E-9	2.08223864E-8	2.73685439E-7	8.31439153E-5
3.71500000E+2	5.89012729E-9	2.00964093E-8	1.78914867E-7	8.02450843E-5
3.72000000E+2	4.88766998E-9	2.51897698E-8	1.79356244E-7	1.00582904E-4
3.72500000E+2	7.93962644E-9	2.16395356E-8	1.68823337E-7	8.64067970E-5
3.73000000E+2	7.43987030E-9	2.78577113E-8	1.96817665E-7	1.11236010E-4
3.73500000E+2	5.38008526E-9	1.90981421E-8	1.84996863E-7	7.62589973E-5
3.74000000E+2	5.59269894E-9	2.07714471E-8	1.72972638E-7	8.29405143E-5
3.74500000E+2	5.68297754E-9	2.17395121E-8	1.59506114E-7	8.68060039E-5
3.75000000E+2	4.61774728E-8	1.84301371E-8	1.65190771E-7	7.35916494E-5
3.75500000E+2	5.09353040E-9	2.57144068E-8	2.17821451E-7	1.02677782E-4
3.76000000E+2	4.13818022E-9	2.45315868E-8	2.57113671E-7	9.79547749E-5
3.76500000E+2	4.82585838E-9	3.46473753E-8	2.73103309E-7	1.38347180E-4
3.77000000E+2	5.19857027E-9	1.97023341E-8	1.58616348E-7	7.86715399E-5
3.77500000E+2	5.48282178E-9	1.75983584E-8	1.71375001E-7	7.02703521E-5
3.78000000E+2	4.44573282E-9	2.07935359E-8	1.54497637E-7	8.30287153E-5
3.78500000E+2	4.44534672E-9	2.15088394E-8	1.89095544E-7	8.58849264E-5
3.79000000E+2	4.90761651E-9	2.06426945E-8	1.84467792E-7	8.24264047E-5
3.79500000E+2	5.53823261E-9	1.83309387E-8	1.66924072E-7	7.31955495E-5
3.80000000E+2	2.21383468E-8	2.20696375E-8	2.22159384E-7	8.81241968E-5
3.80500000E+2	8.66597064E-9	2.51591522E-8	1.67704075E-7	1.00460648E-4
3.81000000E+2	4.52312703E-9	1.75311854E-8	1.58300605E-7	7.00021298E-5
3.81500000E+2	4.26047487E-9	1.93836062E-8	1.86304494E-7	7.73988574E-5
3.82000000E+2	4.16954220E-9	2.28141005E-8	2.44780280E-7	9.10968419E-5
3.82500000E+2	4.80595676E-9	1.79090748E-8	1.78173039E-7	7.15110444E-5
3.83000000E+2	4.83112672E-9	1.89808392E-8	2.53455023E-7	7.57906061E-5
3.83500000E+2	4.32232739E-9	1.81075136E-8	2.19913622E-7	7.23034120E-5
3.84000000E+2	7.89522475E-9	3.18157974E-8	1.73479816E-7	1.27040672E-4
3.84500000E+2	5.72770755E-9	1.74730484E-8	1.72648198E-7	6.97699883E-5
3.85000000E+2	5.29550788E-8	2.93150520E-8	2.32398999E-7	1.17055181E-4
3.85500000E+2	6.11349099E-9	3.66711427E-8	3.55153881E-7	1.46428095E-4
3.86000000E+2	4.92856667E-9	1.72798048E-8	1.67457863E-7	6.89983656E-5
3.86500000E+2	4.84949371E-9	2.18177911E-8	1.87319641E-7	8.71185722E-5
3.87000000E+2	5.82545387E-9	1.76148213E-8	1.83039826E-7	7.03360883E-5
3.87500000E+2	5.08485422E-9	2.14446725E-8	2.23406535E-7	8.56287076E-5
3.88000000E+2	5.57648831E-9	2.19881931E-8	2.30038376E-7	8.77989885E-5
3.88500000E+2	5.24789750E-9	2.39370792E-8	2.41904339E-7	9.55809027E-5
3.89000000E+2	7.36252379E-9	2.28630202E-8	2.25363441E-7	9.12921787E-5
3.89500000E+2	4.71542969E-9	2.37936113E-8	2.19836326E-7	9.50080343E-5
3.90000000E+2	6.15862121E-8	1.70498505E-8	1.99636113E-7	6.80801567E-5
3.90500000E+2	5.37168541E-9	2.03893552E-8	1.57970568E-7	8.14148190E-5
3.91000000E+2	4.32258281E-9	1.75770846E-8	1.98610628E-7	7.01854058E-5
3.91500000E+2	4.24348019E-9	2.02176863E-8	1.97373318E-7	8.07293440E-5
3.92000000E+2	4.24302481E-9	2.34875941E-8	2.41451190E-7	9.37861058E-5
3.92500000E+2	4.71486737E-9	1.75100811E-8	1.65761035E-7	6.99178600E-5
3.93000000E+2	6.38149883E-9	2.04208421E-8	1.75033276E-7	8.15405465E-5
3.93500000E+2	5.15040522E-9	1.53970897E-8	1.76623837E-7	6.14806725E-5
3.94000000E+2	5.97217374E-9	2.32156488E-8	1.67231991E-7	9.27002266E-5
3.94500000E+2	4.48771029E-9	2.17091351E-8	2.30256156E-7	8.66847085E-5
3.95000000E+2	4.72489971E-8	2.02340413E-8	1.79778049E-7	8.07946498E-5
3.95500000E+2	4.97963059E-9	1.80999774E-8	1.90689247E-7	7.22733198E-5
3.96000000E+2	4.30971163E-9	1.80020743E-8	2.27671794E-7	7.18823922E-5
3.96500000E+2	4.73714521E-9	2.40098479E-8	2.29032165E-7	9.58714683E-5
3.97000000E+2	5.00927157E-9	1.73995031E-8	2.15471546E-7	6.94763215E-5
3.97500000E+2	4.22053667E-9	2.37759477E-8	2.45672260E-7	9.49375034E-5
3.98000000E+2	4.43630596E-9	1.98284802E-8	2.27353300E-7	7.91752418E-5
3.98500000E+2	5.49503369E-9	1.79587559E-8	2.10334756E-7	7.17094213E-5
3.99000000E+2	4.85605021E-9	1.71858922E-8	2.44693930E-7	6.86233718E-5
3.99500000E+2	5.85560890E-9	1.69824237E-8	2.95519128E-7	6.78109208E-5
4.00000000E+2	5.68326030E-8	3.13418981E-8	3.45175350E-7	1.25148389E-4
4.00500000E+2	4.82849971E-9	1.74993175E-8	2.72108415E-7	6.98748810E-5
4.01000000E+2	5.38253582E-9	2.09091226E-8	2.66222096E-7	8.34902536E-5
4.01500000E+2	3.86885693E-9	1.87013121E-8	2.20991323E-7	7.46744526E-5
4.02000000E+2	5.17552848E-9	2.34590017E-8	2.05745752E-7	9.36719365E-5
4.02500000E+2	4.61133964E-9	2.20350314E-8	2.17421202E-7	8.79860142E-5
4.03000000E+2	4.24393828E-9	1.83340857E-8	1.94487564E-7	7.32081157E-5
4.03500000E+2	4.13735122E-9	2.87000065E-8	2.62979015E-7	1.14599300E-4
4.04000000E+2	4.67025877E-9	1.80340491E-8	2.54468157E-7	7.20100675E-5
4.04500000E+2	3.86355680E-9	2.12971299E-8	2.39822948E-7	8.50395692E-5
4.05000000E+2	6.26354518E-8	2.94647986E-8	2.91089390E-7	1.17653120E-4
4.05500000E+2	5.36945484E-9	2.33686070E-8	2.07444412E-7	9.33109899E-5
4.06000000E+2	6.21257114E-9	1.77446344E-8	1.80693410E-7	7.08544330E-5
4.06500000E+2	6.88429491E-9	1.96102339E-8	1.99266986E-7	7.83037830E-5
4.07000000E+2	4.32223609E-9	1.95613966E-8	2.04549821E-7	7.81087754E-5
4.07500000E+2	5.73770534E-9	1.99293114E-8	2.51924437E-7	7.95778617E-5
4.08000000E+2	5.22530141E-9	1.83949322E-8	1.93580308E-7	7.34510761E-5
4.08500000E+2	5.32771867E-9	2.13906065E-8	1.84336193E-7	8.54128218E-5
4.09000000E+2	4.70972361E-9	1.95089360E-8	1.98021079E-7	7.78993000E-5
4.09500000E+2	4.47266187E-9	1.86631698E-8	1.82938669E-7	7.45221506E-5
4.10000000E+2	5.83325688E-8	1.90426557E-8	1.86092296E-7	7.60374397E-5
4.10500000E+2	4.54883995E-9	2.23088752E-8	1.64483017E-7	8.90794742E-5
4.11000000E+2	5.44390207E-9	2.69942904E-8	1.69668568E-7	1.07788366E-4
4.11500000E+2	5.00803898E-9	1.86878799E-8	1.74132465E-7	7.46208181E-5
4.12000000E+2	5.02227428E-9	1.76516201E-8	1.62631270E-7	7.04830264E-5
4.12500000E+2	4.49086112E-9	1.84757121E-8	1.85426466E-7	7.37736308E-5
4.13000000E+2	5.16345821E-9	2.29244397E-8	1.80341166E-7	9.15374269E-5
4.13500000E+2	4.64633341E-9	3.18191010E-8	1.88705906E-7	1.27053863E-4
4.14000000E+2	4.25244811E-9	1.90298844E-8	1.72448599E-7	7.59864442E-5
4.14500000E+2	4.91672376E-9	2.27111557E-8	2.10231186E-7	9.06857827E-5
4.15000000E+2	6.70658704E-8	1.87443043E-8	2.10133718E-7	7.48461208E-5
4.15500000E+2	5.60658394E-9	1.76336835E-8	1.84478107E-7	7.04114054E-5
4.16000000E+2	6.20384861E-9	2.12809659E-8	1.69428274E-7	8.49750260E-5
4.16500000E+2	8.55527305E-9	1.72219761E-8	1.53142912E-7	6.87674553E-5
4.17000000E+2	5.26749261E-9	1.76293967E-8	1.80931600E-7	7.03942881E-5
4.17500000E+2	5.99859527E-9	2.47108754E-8	1.77213495E-7	9.86706757E-5
4.18000000E+2	5.33737971E-9	1.72751993E-8	1.67126133E-7	6.89799755E-5
4.18500000E+2	6.48540400E-9	2.03427588E-8	1.88551576E-7	8.12287593E-5
4.19000000E+2	4.67698496E-9	1.92613542E-8	1.73580781E-7	7.69107044E-5
4.19500000E+2	4.54332962E-9	1.68071107E-8	1.94523901E-7	6.71108950E-5
4.20000000E+2	4.43867436E-8	1.94372802E-8	1.80056646E-7	7.76131778E-5
4.20500000E+2	7.75360083E-9	1.76062819E-8	2.21978901E-7	7.03019906E-5
4.21000000E+2	5.63276052E-9	1.73297878E-8	1.89640953E-7	6.91979479E-5
4.21500000E+2	6.51618755E-9	1.97705052E-8	1.66508068E-7	7.89437474E-5
4.22000000E+2	5.83772829E-9	2.32171163E-8	1.91675292E-7	9.27060866E-5
4.22500000E+2	5.85772356E-9	2.61842255E-8	2.30098959E-7	1.04553772E-4
4.23000000E+2	4.98279140E-9	1.92144481E-8	2.09981788E-7	7.67234081E-5
4.23500000E+2	5.22694006E-9	1.98797514E-8	1.58192336E-7	7.93799682E-5
4.24000000E+2	5.58211823E-9	1.96420866E-8	1.84078607E-7	7.84309710E-5
4.24500000E+2	5.76885285E-9	1.92712167E-8	1.59185598E-7	7.69500854E-5
4.25000000E+2	3.40470684E-8	1.80844772E-8	2.07056505E-7	7.22114272E-5
4.25500000E+2	4.19074462E-9	3.33969305E-8	2.49257136E-7	1.33354146E-4
4.26000000E+2	4.86599914E-9	2.85708162E-8	1.88096623E-7	1.14083442E-4
4.26500000E+2	5.21740899E-9	1.83236322E-8	2.03334853E-7	7.31663747E-5
4.27000000E+2	5.20604626E-9	1.97082825E-8	2.01829197E-7	7.86952918E-5
4.27500000E+2	6.09137637E-9	2.92488772E-8	2.72587886E-7	1.16790944E-4
4.28000000E+2	5.96993886E-9	1.81289501E-8	2.50270120E-7	7.23890080E-5
4.28500000E+2	4.66265131E-9	2.29164593E-8	2.84232751E-7	9.15055612E-5
4.29000000E+2	4.85402746E-9	1.74473291E-8	1.98500656E-7	6.96672909E-5
4.29500000E+2	4.06802509E-9	2.37573083E-8	3.01684305E-7	9.48630762E-5
4.30000000E+2	4.02356166E-8	2.89318312E-8	1.67152784E-7	1.15524978E-4
4.30500000E+2	4.40467276E-9	1.97614528E-8	1.62737337E-7	7.89076012E-5
4.31000000E+2	4.68774614E-9	1.99912921E-8	1.68825481E-7	7.98253507E-5
4.31500000E+2	5.32619614E-9	1.78630837E-8	2.02581829E-7	7.13274018E-5
4.32000000E+2	5.10831433E-9	2.09651941E-8	1.84269652E-7	8.37141474E-5
4.32500000E+2	5.13826085E-9	1.67471018E-8	2.51546633E-7	6.68712794E-5
4.33000000E+2	5.41168939E-9	1.79552884E-8	2.04382520E-7	7.16955756E-5
4.33500000E+2	4.55626862E-9	2.09621394E-8	1.63331791E-7	8.37019501E-5
4.34000000E+2	4.41207355E-9	2.28989657E-8	3.04926111E-7	9.14357092E-5
4.34500000E+2	5.06205608E-9	1.91486871E-8	2.07573526E-7	7.64608238E-5
4.35000000E+2	2.85634376E-8	1.79197297E-8	1.68181600E-7	7.15535895E-5
4.35500000E+2	5.28272945E-9	1.72515763E-8	1.87935700E-7	6.88856489E-5
4.36000000E+2	5.84313863E-9	1.96603464E-8	1.70196350E-7	7.85038825E-5
4.36500000E+2	4.98926658E-9	2.91858422E-8	2.66462802E-7	1.16539245E-4
4.37000000E+2	5.59027698E-9	1.97184394E-8	1.64875748E-7	7.87358482E-5
4.37500000E+2	6.42581028E-9	2.54011878E-8	2.27334560E-7	1.01427097E-4
4.38000000E+2	4.28734120E-9	2.04635315E-8	1.88669234E-7	8.17110054E-5
4.38500000E+2	4.20098348E-9	1.92586624E-8	2.24119637E-7	7.68999559E-5
4.39000000E+2	5.16842410E-9	2.36497225E-8	2.26782763E-7	9.44334857E-5
4.39500000E+2	4.46227910E-9	1.78019786E-8	1.71090368E-7	7.10834087E-5
4.40000000E+2	7.90614039E-8	1.80931625E-8	1.72137225E-7	7.22461079E-5
4.40500000E+2	4.44321446E-9	2.01657078E-8	1.82041098E-7	8.05217938E-5
4.41000000E+2	5.71657751E-9	1.86093323E-8	2.14156391E-7	7.43071770E-5
4.41500000E+2	5.07490634E-9	1.95599524E-8	2.29191021E-7	7.81030089E-5
4.42000000E+2	4.81792021E-9	2.01291821E-8	1.92962875E-7	8.03759463E-5
4.42500000E+2	4.63588817E-9	1.80807179E-8	1.69788515E-7	7.21964166E-5
4.43000000E+2	4.93261014E-9	2.42747550E-8	1.71020310E-7	9.69292442E-5
4.43500000E+2	4.38940122E-9	1.82370411E-8	1.63013421E-7	7.28206160E-5
4.44000000E+2	4.73288756E-9	1.64545931E-8	1.67170854E-7	6.57032902E-5
4.44500000E+2	5.54426131E-9	1.86405590E-8	1.87844281E-7	7.44318651E-5
4.45000000E+2	5.24328641E-8	2.41328240E-8	1.90759421E-7	9.63625127E-5
4.45500000E+2	6.25410772E-9	2.08047935E-8	2.63517014E-7	8.30736668E-5
4.46000000E+2	4.86057712E-9	2.18000567E-8	1.86596733E-7	8.70477587E-5
4.46500000E+2	4.91046050E-9	1.81753643E-8	1.93097655E-7	7.25743400E-5
4.47000000E+2	5.56552004E-9	2.37201391E-8	3.27864166E-7	9.47146593E-5
4.47500000E+2	4.64031116E-9	1.79997649E-8	2.03519781E-7	7.18731705E-5
4.48000000E+2	4.13367291E-9	1.74814286E-8	2.86567155E-7	6.98034504E-5
4.48500000E+2	4.56364669E-9	3.05163148E-8	3.38809260E-7	1.21851830E-4
4.49000000E+2	4.30586267E-9	2.65645669E-8	3.92983081E-7	1.06072477E-4
4.49500000E+2	3.68312874E-9	1.74124460E-8	7.89058040E-7	6.95280025E-5
4.50000000E+2	5.77866974E-8	1.79860298E-8	3.55267750E-6	7.18183264E-5
4.50500000E+2	4.90096487E-9	2.50182277E-8	6.54938298E-7	9.98979351E-5
4.51000000E+2	5.13092142E-9	1.87621253E-8	4.02047595E-7	7.49172803E-5
4.51500000E+2	4.28281191E-9	1.91440006E-8	2.78916572E-7	7.64421109E-5
4.52000000E+2	4.17770724E-9	1.64883695E-8	2.33032953E-7	6.58381595E-5
4.52500000E+2	4.84457575E-9	1.65827491E-8	2.24862958E-7	6.62150180E-5
4.53000000E+2	5.97649240E-9	2.43638364E-8	2.01181085E-7	9.72849468E-5
4.53500000E+2	5.01883126E-9	1.66734774E-8	2.17797227E-7	6.65772964E-5
4.54000000E+2	4.83856409E-9	1.79663346E-8	2.15371481E-7	7.17396832E-5
4.54500000E+2	4.30508225E-9	1.95255359E-8	1.77829763E-7	7.79655833E-5
4.55000000E+2	2.84638219E-8	3.02767033E-8	2.19445426E-7	1.20895060E-4
4.55500000E+2	6.28752971E-9	2.28118120E-8	1.79704430E-7	9.10877040E-5
4.56000000E+2	4.66879996E-9	2.07857914E-8	2.06224948E-7	8.29977913E-5
4.56500000E+2	5.77819684E-9	2.23089115E-8	1.90937889E-7	8.90796192E-5
4.57000000E+2	5.15433692E-9	2.48632525E-8	1.92087440E-7	9.92791183E-5
4.57500000E+2	4.84921344E-9	1.69436288E-8	1.98504522E-7	6.76560128E-5
4.58000000E+2	4.53509171E-9	1.73436341E-8	1.55364730E-7	6.92532363E-5
4.58500000E+2	7.11725674E-9	1.95330943E-8	2.09013425E-7	7.79957643E-5
4.59000000E+2	5.93117500E-9	1.99043527E-8	2.24969387E-7	7.94782012E-5
4.59500000E+2	4.75151653E-9	2.47187502E-8	2.52054487E-7	9.87021197E-5
4.60000000E+2	5.43274769E-8	3.10032759E-8	1.88527160E-7	1.23796269E-4
4.60500000E+2	5.94280129E-9	2.55821374E-8	1.93855899E-7	1.02149630E-4
4.61000000E+2	4.28294041E-9	1.87010732E-8	2.24996515E-7	7.46734987E-5
4.61500000E+2	4.40544898E-9	1.90480007E-8	1.96497549E-7	7.60587823E-5
4.62000000E+2	5.18723284E-9	2.18115041E-8	1.84694853E-7	8.70934683E-5
4.62500000E+2	5.99466635E-9	1.79442930E-8	1.44386806E-7	7.16516708E-5
4.63000000E+2	4.46653481E-9	1.97513162E-8	1.62390033E-7	7.88671254E-5
4.63500000E+2	4.72217211E-9	1.94379038E-8	1.88273937E-7	7.76156681E-5
4.64000000E+2	5.65078399E-9	1.74443367E-8	1.56329071E-7	6.96553425E-5
4.64500000E+2	7.13896530E-9	1.98110401E-8	1.72474049E-7	7.91056034E-5
4.65000000E+2	4.76213129E-8	2.55986810E-8	2.16216840E-7	1.02215689E-4
4.65500000E+2	4.37421097E-9	1.72787294E-8	1.70806867E-7	6.89940716E-5
4.66000000E+2	5.30781437E-9	1.78200233E-8	1.81174663E-7	7.11554611E-5
4.66500000E+2	7.86956259E-9	2.64264606E-8	1.67821839E-7	1.05521018E-4
4.67000000E+2	5.55370423E-9	1.94544405E-8	1.61976237E-7	7.76816989E-5
4.67500000E+2	5.09745400E-9	1.74649268E-8	1.78904089E-7	6.97375586E-5
4.68000000E+2	5.72555058E-9	1.79487707E-8	1.87980786E-7	7.16695504E-5
4.68500000E+2	5.06220539E-9	2.15517993E-8	1.47706887E-7	8.60564656E-5
4.69000000E+2	4.13725324E-9	2.30686463E-8	2.16536021E-7	9.21132450E-5
4.69500000E+2	6.90902818E-9	1.66034166E-8	1.50216370E-7	6.62975433E-5
4.70000000E+2	2.86763788E-8	2.01709401E-8	1.58534325E-7	8.05426865E-5
4.70500000E+2	5.80415913E-9	1.96230066E-8	2.61994062E-7	7.83547845E-5
4.71000000E+2	4.33531503E-9	1.73725952E-8	1.50256956E-7	6.93688783E-5
4.71500000E+2	4.75042717E-9	2.05369808E-8	1.56253390E-7	8.20042890E-5
4.72000000E+2	5.75968434E-9	2.16048209E-8	1.95991799E-7	8.62681812E-5
4.72500000E+2	4.79205132E-9	2.90518299E-8	2.50173119E-7	1.16004133E-4
4.73000000E+2	5.13001736E-9	1.74603249E-8	1.55736293E-7	6.97191833E-5
4.73500000E+2	5.01595509E-9	1.95856137E-8	1.63413150E-7	7.82054744E-5
4.74000000E+2	4.79268233E-9	2.18514723E-8	2.57779069E-7	8.72530617E-5
4.74500000E+2	5.70102699E-9	2.10464907E-8	1.69578999E-7	8.40387652E-5
4.75000000E+2	5.57128679E-8	3.10064951E-8	2.11829499E-7	1.23809123E-4
4.75500000E+2	3.98872160E-9	2.52464871E-8	1.68407797E-7	1.00809376E-4
4.76000000E+2	4.54194765E-9	1.98392940E-8	2.83908129E-7	7.92184216E-5
4.76500000E+2	4.96709193E-9	2.16833942E-8	2.18607045E-7	8.65819247E-5
4.77000000E+2	5.10081732E-9	2.03301396E-8	1.67716604E-7	8.11783709E-5
4.77500000E+2	4.32103994E-9	1.79224535E-8	1.73697885E-7	7.15644655E-5
4.78000000E+2	5.36549434E-9	1.58420534E-8	1.88282649E-7	6.32574154E-5
4.78500000E+2	4.31461508E-9	2.32939339E-8	2.23755438E-7	9.30128194E-5
4.79000000E+2	6.83906200E-9	1.89466124E-8	1.81374099E-7	7.56539386E-5
4.79500000E+2	6.04298825E-9	1.81271983E-8	1.98984710E-7	7.23820129E-5
4.80000000E+2	3.01710690E-8	1.80021392E-8	1.97822661E-7	7.18826513E-5
4.80500000E+2	4.81335514E-9	2.29030901E-8	2.11465876E-7	9.14521777E-5
4.81000000E+2	4.76466086E-9	2.18414752E-8	3.34542028E-7	8.72131432E-5
4.81500000E+2	4.90033977E-9	1.80316943E-8	2.44688055E-7	7.20006647E-5
4.82000000E+2	6.59072925E-9	2.01690206E-8	2.79555689E-7	8.05350218E-5
4.82500000E+2	5.02944954E-9	2.64917259E-8	2.61961933E-7	1.05781623E-4
4.83000000E+2	4.76385028E-9	2.25861211E-8	3.24437081E-7	9.01865189E-5
4.83500000E+2	5.79571819E-9	1.80385375E-8	4.22551945E-7	7.20279897E-5
4.84000000E+2	5.30076671E-9	2.97874860E-8	5.39510850E-7	1.18941613E-4
4.84500000E+2	4.96506592E-9	2.14432161E-8	3.41332677E-7	8.56228921E-5
4.85000000E+2	4.57164881E-8	2.30870703E-8	5.14938345E-7	9.21868118E-5
4.85500000E+2	6.06510665E-9	1.92518312E-8	6.40425939E-7	7.68726791E-5
4.86000000E+2	5.16971983E-9	1.80317983E-8	4.10424242E-7	7.20010802E-5
4.86500000E+2	5.93914938E-9	1.71517589E-8	4.83538253E-7	6.84870775E-5
4.87000000E+2	4.88414961E-9	2.09698650E-8	4.31511932E-7	8.37327983E-5
4.87500000E+2	4.98559290E-9	1.91793377E-8	3.82509365E-7	7.65832121E-5
4.88000000E+2	4.85553986E-9	2.38548230E-8	3.21462579E-7	9.52524530E-5
4.88500000E+2	6.89805253E-9	1.70479194E-8	3.39274042E-7	6.80724459E-5
4.89000000E+2	4.39789319E-9	1.67527498E-8	3.39791029E-7	6.68938316E-5
4.89500000E+2	6.18727764E-9	2.07728192E-8	3.12747323E-7	8.29459932E-5
4.90000000E+2	3.43876990E-8	2.22959274E-8	3.31540461E-7	8.90277737E-5
4.90500000E+2	5.28316084E-9	1.80950556E-8	2.49499639E-7	7.22536668E-5
4.91000000E+2	5.32037284E-9	1.91008565E-8	2.34870747E-7	7.62698359E-5
4.91500000E+2	4.50862393E-9	1.84347344E-8	2.03842182E-7	7.36100064E-5
4.92000000E+2	5.30060479E-9	1.66635872E-8	2.13933029E-7	6.65378048E-5
4.92500000E+2	5.15483735E-9	1.81225612E-8	1.81770012E-7	7.23634969E-5
4.93000000E+2	5.32659759E-9	1.71918881E-8	2.11195146E-7	6.86473136E-5
4.93500000E+2	4.24102225E-9	2.81151051E-8	1.98998387E-7	1.12263785E-4
4.94000000E+2	4.80352801E-9	1.85092460E-8	1.84896486E-7	7.39075317E-5
4.94500000E+2	6.37692757E-9	2.50306838E-8	1.72983027E-7	9.99476723E-5
4.95000000E+2	8.03932366E-8	1.82413920E-8	2.00068744E-7	7.28379889E-5
4.95500000E+2	4.67780526E-9	1.69678343E-8	1.67884457E-7	6.77526655E-5
4.96000000E+2	4.33334697E-9	2.29067568E-8	2.56407151E-7	9.14668189E-5
4.96500000E+2	5.05119400E-9	1.74228614E-8	1.83707789E-7	6.95695913E-5
4.97000000E+2	5.79137364E-9	1.54330301E-8	1.83889990E-7	6.16241828E-5
4.97500000E+2	4.68530423E-9	2.17822498E-8	2.03850539E-7	8.69766559E-5
4.98000000E+2	5.50232441E-9	2.67989660E-8	1.84386839E-7	1.07008434E-4
4.98500000E+2	6.40082946E-9	1.86702099E-8	2.17349162E-7	7.45502615E-5
4.99000000E+2	4.75945878E-9	2.26366390E-8	2.55406366E-7	9.03882370E-5
4.99500000E+2	6.91180196E-9	1.71249799E-8	4.21956874E-7	6.83801486E-5
