0.00000000E+0	3.31551198E-8	1.19806217E-7	3.41817471E-3	2.21709627E-4
5.00000000E-1	4.38093460E-9	2.59183314E-7	7.20129306E-5	4.79636509E-4
1.00000000E+0	5.38261515E-9	2.27352717E-7	3.24516890E-5	4.20731805E-4
1.50000000E+0	4.31149233E-9	1.72214692E-7	1.77442294E-5	3.18695105E-4
2.00000000E+0	5.19406491E-9	1.47191763E-7	1.68102085E-5	2.72388459E-4
2.50000000E+0	4.61089419E-9	1.11971831E-7	1.21863051E-5	2.07211558E-4
3.00000000E+0	6.68185274E-9	1.14145111E-7	1.04863177E-5	2.11233362E-4
3.50000000E+0	4.45987212E-9	9.40281576E-8	1.42543293E-5	1.74005558E-4
4.00000000E+0	5.51139079E-9	1.19502759E-7	8.38995569E-6	2.21148057E-4
4.50000000E+0	4.16662358E-9	8.88055423E-8	7.05653209E-6	1.64340750E-4
5.00000000E+0	3.43991106E-3	1.85883503E-6	7.48088063E-6	3.43990179E-3
5.50000000E+0	7.04381963E-9	7.68782447E-8	5.20581196E-6	1.42268468E-4
6.00000000E+0	6.67535843E-9	7.84415126E-8	4.64655489E-6	1.45161402E-4
6.50000000E+0	8.20414112E-9	9.98540321E-8	4.45020420E-6	1.84786739E-4
7.00000000E+0	6.45291399E-9	7.43210383E-8	4.33428117E-6	1.37536182E-4
7.50000000E+0	4.17239140E-9	6.32750134E-8	3.83494992E-6	1.17094755E-4
8.00000000E+0	5.18006525E-9	8.83134147E-8	3.45877423E-6	1.63430034E-4
8.50000000E+0	5.03136248E-9	6.49723048E-8	3.29682683E-6	1.20235709E-4
9.00000000E+0	4.34458186E-9	7.21570273E-8	3.04943912E-6	1.33531531E-4
9.50000000E+0	5.05884873E-9	5.38887057E-8	2.93450642E-6	9.97247481E-5
1.00000000E+1	1.96042185E-8	5.47097356E-8	2.83469105E-6	1.01244120E-4
1.05000000E+1	5.79374513E-9	6.36733010E-8	2.65988324E-6	1.17831813E-4
1.10000000E+1	4.96429354E-9	6.83404132E-8	2.52842854E-6	1.26468625E-4
1.15000000E+1	4.11683849E-9	5.83984759E-8	2.42398087E-6	1.08070387E-4
1.20000000E+1	4.76835243E-9	5.64785599E-8	2.30917786E-6	1.04517451E-4
1.25000000E+1	5.18736975E-9	5.45634048E-8	2.26413172E-6	1.00973325E-4
1.30000000E+1	5.00988973E-9	5.72952860E-8	2.13465674E-6	1.06028859E-4
1.35000000E+1	5.35150323E-9	7.62451525E-8	2.11588541E-6	1.41096887E-4
1.40000000E+1	6.49436086E-9	5.65893481E-8	1.99167113E-6	1.04722472E-4
1.45000000E+1	4.80478114E-9	6.09553801E-8	1.96464218E-6	1.12802114E-4
1.50000000E+1	1.76304237E-8	5.39432978E-8	1.94265470E-6	9.98257746E-5
1.55000000E+1	4.60205716E-9	4.71111972E-8	1.82536597E-6	8.71825035E-5
1.60000000E+1	4.75359155E-9	4.54414992E-8	1.77279990E-6	8.40926128E-5
1.65000000E+1	6.12069298E-9	6.45519953E-8	1.75288928E-6	1.19457897E-4
1.70000000E+1	5.61388106E-9	4.00377106E-8	1.63679844E-6	7.40925310E-5
1.75000000E+1	4.50336593E-9	4.87921280E-8	1.59891418E-6	9.02931813E-5
1.80000000E+1	4.70832563E-9	4.79121927E-8	1.66444411E-6	8.86648006E-5
1.85000000E+1	4.74531719E-9	8.77155510E-8	1.52988512E-6	1.62323647E-4
1.90000000E+1	5.54119715E-9	5.31532943E-8	1.47034689E-6	9.83638188E-5
1.95000000E+1	4.24013440E-9	5.80845164E-8	1.54341316E-6	1.07489384E-4
2.00000000E+1	2.56837725E-8	4.90259433E-8	1.42052621E-6	9.07258726E-5
2.05000000E+1	5.60748916E-9	4.55882876E-8	1.39469152E-6	8.43642548E-5
2.10000000E+1	4.99210018E-9	5.14433424E-8	1.40684806E-6	9.51994355E-5
2.15000000E+1	5.55495455E-9	4.31087228E-8	1.38368481E-6	7.97756499E-5
2.20000000E+1	5.09042606E-9	3.66266921E-8	1.35014725E-6	6.77802073E-5
2.25000000E+1	4.74042605E-9	3.92561448E-8	1.27888475E-6	7.26461900E-5
2.30000000E+1	4.21919786E-9	5.90261669E-8	1.38742621E-6	1.09231973E-4
2.35000000E+1	5.19098697E-9	3.95913824E-8	1.27970000E-6	7.32665701E-5
2.40000000E+1	5.31300441E-9	4.71280802E-8	1.19784099E-6	8.72137466E-5
2.45000000E+1	4.91320949E-9	4.52697689E-8	1.27355744E-6	8.37748140E-5
2.50000000E+1	1.76328546E-8	4.01271123E-8	1.21203637E-6	7.42579752E-5
2.55000000E+1	4.77074964E-9	3.95743826E-8	1.20456909E-6	7.32351109E-5
2.60000000E+1	4.98311239E-9	4.40745369E-8	1.31774134E-6	8.15629552E-5
2.65000000E+1	4.88763782E-9	3.82535307E-8	1.17999696E-6	7.07907837E-5
2.70000000E+1	5.34220271E-9	4.24466685E-8	1.11453550E-6	7.85504731E-5
2.75000000E+1	5.33328549E-9	3.97624287E-8	1.15403757E-6	7.35831031E-5
2.80000000E+1	6.57507252E-9	4.69123297E-8	1.22340611E-6	8.68144855E-5
2.85000000E+1	4.21818264E-9	3.88304803E-8	1.14967913E-6	7.18584685E-5
2.90000000E+1	4.44288777E-9	3.53044811E-8	1.16722018E-6	6.53333650E-5
2.95000000E+1	5.18816175E-9	3.64416650E-8	1.10823035E-6	6.74378019E-5
3.00000000E+1	2.96767805E-8	4.07575973E-8	1.15016101E-6	7.54247308E-5
3.05000000E+1	5.76192752E-9	3.34281355E-8	1.13472996E-6	6.18610589E-5
3.10000000E+1	6.91164099E-9	3.61652385E-8	1.17774977E-6	6.69262557E-5
3.15000000E+1	5.17423090E-9	3.45444299E-8	1.10900543E-6	6.39268382E-5
3.20000000E+1	5.85511064E-9	3.66916261E-8	1.12931133E-6	6.79003722E-5
3.25000000E+1	4.18034741E-9	4.69964983E-8	1.06712248E-6	8.69702454E-5
3.30000000E+1	4.27932450E-9	3.67653092E-8	1.18199726E-6	6.80367278E-5
3.35000000E+1	6.38050853E-9	5.50955501E-8	1.27078587E-6	1.01958097E-4
3.40000000E+1	5.00952602E-9	5.14967216E-8	1.33818494E-6	9.52982173E-5
3.45000000E+1	5.64596379E-9	3.63746530E-8	1.19292380E-6	6.73137917E-5
3.50000000E+1	3.16788920E-8	3.29746153E-8	1.18006150E-6	6.10217885E-5
3.55000000E+1	4.77872764E-9	4.57128704E-8	1.30290995E-6	8.45948038E-5
3.60000000E+1	4.40186341E-9	3.64308700E-8	1.28896194E-6	6.74178250E-5
3.65000000E+1	5.72885240E-9	3.01032818E-8	1.10309985E-6	5.57081888E-5
3.70000000E+1	5.79236336E-9	4.61178477E-8	1.61056721E-6	8.53442421E-5
3.75000000E+1	5.39479527E-9	3.16014006E-8	1.30652969E-6	5.84805605E-5
3.80000000E+1	4.19914694E-9	4.14011979E-8	1.44910678E-6	7.66157579E-5
3.85000000E+1	4.64558342E-9	4.34872631E-8	1.40824203E-6	8.04761647E-5
3.90000000E+1	5.43938761E-9	3.65542401E-8	1.42924247E-6	6.76461299E-5
3.95000000E+1	5.25138999E-9	3.97801097E-8	1.33291434E-6	7.36158230E-5
4.00000000E+1	3.13655706E-8	3.53331829E-8	1.42654868E-6	6.53864797E-5
4.05000000E+1	6.20024517E-9	3.84670934E-8	1.43172580E-6	7.11859961E-5
4.10000000E+1	5.81236517E-9	3.79040973E-8	1.45508538E-6	7.01441332E-5
4.15000000E+1	5.74754647E-9	3.52067684E-8	1.78116538E-6	6.51525410E-5
4.20000000E+1	5.46083677E-9	3.29540339E-8	1.65207117E-6	6.09837013E-5
4.25000000E+1	6.43626089E-9	4.42988101E-8	1.78707190E-6	8.19779882E-5
4.30000000E+1	4.59631216E-9	3.78059294E-8	1.91900560E-6	6.99624668E-5
4.35000000E+1	4.68221665E-9	3.72465305E-8	1.92668805E-6	6.89272607E-5
4.40000000E+1	7.34248197E-9	3.09209068E-8	2.06150179E-6	5.72212600E-5
4.45000000E+1	6.34011288E-9	2.95772197E-8	2.25242864E-6	5.47346749E-5
4.50000000E+1	3.52789744E-8	3.91921309E-8	2.49372078E-6	7.25277279E-5
4.55000000E+1	5.97100099E-9	3.98837192E-8	2.80665564E-6	7.38075594E-5
4.60000000E+1	4.88189009E-9	3.08893136E-8	3.14309634E-6	5.71627946E-5
4.65000000E+1	5.19187687E-9	3.64319889E-8	3.49674818E-6	6.74198957E-5
4.70000000E+1	4.21315481E-9	4.32231067E-8	3.93540180E-6	7.99873253E-5
4.75000000E+1	4.24546348E-9	4.94056755E-8	5.03142410E-6	9.14285930E-5
4.80000000E+1	4.57750447E-9	3.22742530E-8	6.03743134E-6	5.97257200E-5
4.85000000E+1	4.46603932E-9	3.02915917E-8	7.98599372E-6	5.60566693E-5
4.90000000E+1	5.05423514E-9	3.79846273E-8	1.18879221E-5	7.02931595E-5
4.95000000E+1	4.54966401E-9	3.25340646E-8	2.41304308E-5	6.02065192E-5
5.00000000E+1	5.12847811E-8	7.62778917E-8	5.45880190E-4	1.41157473E-4
5.05000000E+1	5.43760191E-9	4.65597105E-8	2.36624164E-5	8.61619395E-5
5.10000000E+1	6.14415359E-9	2.76254211E-8	1.17563584E-5	5.11227377E-5
5.15000000E+1	4.92825019E-9	3.04517933E-8	7.91232234E-6	5.63531332E-5
5.20000000E+1	4.81460988E-9	3.74686986E-8	5.88141935E-6	6.93383980E-5
5.25000000E+1	5.29155933E-9	2.78312322E-8	4.78625603E-6	5.15036051E-5
5.30000000E+1	4.48714458E-9	3.02672672E-8	3.89654326E-6	5.60116551E-5
5.35000000E+1	5.66886922E-9	2.81738017E-8	3.45948436E-6	5.21375535E-5
5.40000000E+1	5.76278277E-9	5.53742437E-8	2.93362714E-6	1.02473838E-4
5.45000000E+1	4.26419431E-9	3.01247112E-8	2.61552333E-6	5.57478453E-5
5.50000000E+1	1.94012315E-8	3.61867495E-8	2.28832136E-6	6.69660632E-5
5.55000000E+1	5.47408608E-9	3.11755156E-8	2.15320131E-6	5.76924312E-5
5.60000000E+1	7.00104310E-9	2.72004245E-8	2.03822295E-6	5.03362522E-5
5.65000000E+1	4.87573743E-9	3.40265512E-8	1.96768803E-6	6.29684682E-5
5.70000000E+1	4.95894517E-9	3.46640832E-8	1.80111617E-6	6.41482649E-5
5.75000000E+1	5.84266408E-9	2.45089252E-8	1.63340979E-6	4.53554481E-5
5.80000000E+1	6.13044604E-9	4.62025517E-8	1.44552090E-6	8.55009926E-5
5.85000000E+1	4.36225977E-9	2.87427828E-8	1.57315780E-6	5.31904920E-5
5.90000000E+1	6.01363815E-9	5.28416891E-8	1.28554430E-6	9.77871720E-5
5.95000000E+1	4.47512519E-9	3.76051452E-8	1.28114939E-6	6.95909019E-5
6.00000000E+1	2.56753868E-8	3.53191889E-8	1.33628478E-6	6.53605829E-5
6.05000000E+1	5.53471266E-9	2.97027547E-8	1.23940256E-6	5.49669860E-5
6.10000000E+1	3.92681181E-9	3.55881366E-8	1.13348394E-6	6.58582891E-5
6.15000000E+1	4.93231746E-9	3.24496416E-8	1.09791360E-6	6.00502888E-5
6.20000000E+1	5.63967770E-9	3.38349707E-8	1.11604727E-6	6.26139353E-5
6.25000000E+1	4.34549832E-9	3.87223374E-8	1.02583311E-6	7.16583427E-5
6.30000000E+1	7.17971262E-9	2.52542485E-8	9.71228579E-7	4.67347199E-5
6.35000000E+1	5.18703220E-9	2.93506251E-8	9.46520185E-7	5.43153460E-5
6.40000000E+1	4.25584051E-9	2.96690266E-8	9.74361540E-7	5.49045697E-5
6.45000000E+1	5.30663622E-9	3.44017407E-8	9.65928809E-7	6.36627820E-5
6.50000000E+1	2.30586318E-8	4.60136469E-8	9.43514219E-7	8.51514113E-5
6.55000000E+1	4.22915983E-9	4.60150256E-8	7.64009992E-7	8.51539628E-5
6.60000000E+1	5.32822555E-9	2.55362387E-8	8.86698009E-7	4.72565621E-5
6.65000000E+1	4.24633982E-9	2.73953089E-8	8.56975806E-7	5.06968992E-5
6.70000000E+1	5.18062184E-9	3.04545231E-8	7.49413204E-7	5.63581851E-5
6.75000000E+1	5.52277765E-9	4.69681863E-8	6.98621213E-7	8.69178521E-5
6.80000000E+1	5.96047561E-9	3.03203852E-8	9.25783011E-7	5.61099536E-5
6.85000000E+1	4.54943659E-9	3.22237926E-8	9.63364769E-7	5.96323397E-5
6.90000000E+1	4.37910332E-9	2.49477509E-8	7.05088031E-7	4.61675250E-5
6.95000000E+1	4.79046920E-9	2.56894671E-8	6.97643158E-7	4.75401219E-5
7.00000000E+1	3.35637663E-8	2.30580216E-8	6.36722772E-7	4.26704514E-5
7.05000000E+1	6.89879571E-9	2.63414139E-8	7.61895248E-7	4.87465941E-5
7.10000000E+1	7.03661826E-9	2.71413718E-8	6.40603410E-7	5.02269711E-5
7.15000000E+1	4.11362700E-9	3.05593218E-8	7.01014316E-7	5.65521222E-5
7.20000000E+1	5.47399104E-9	3.45598704E-8	8.96065186E-7	6.39554120E-5
7.25000000E+1	5.26645255E-9	3.06513761E-8	7.23679736E-7	5.67224749E-5
7.30000000E+1	5.95789771E-9	2.73368586E-8	5.89909975E-7	5.05887329E-5
7.35000000E+1	4.72945731E-9	3.00435192E-8	7.73589063E-7	5.55975941E-5
7.40000000E+1	5.80549681E-9	2.47656986E-8	6.83398307E-7	4.58306249E-5
7.45000000E+1	4.98550548E-9	3.73777402E-8	7.01385706E-7	6.91700733E-5
7.50000000E+1	2.37493339E-8	3.38606558E-8	5.66009657E-7	6.26614674E-5
7.55000000E+1	4.61468319E-9	2.36006504E-8	5.91013928E-7	4.36746232E-5
7.60000000E+1	6.30570483E-9	3.85563385E-8	7.05040238E-7	7.13511504E-5
7.65000000E+1	4.37515887E-9	3.35984130E-8	6.81735756E-7	6.21761690E-5
7.70000000E+1	4.95789283E-9	2.53007856E-8	6.24600636E-7	4.68208401E-5
7.75000000E+1	5.15544094E-9	2.90726672E-8	5.20464078E-7	5.38009659E-5
7.80000000E+1	5.22503182E-9	2.81803655E-8	5.81695613E-7	5.21497003E-5
7.85000000E+1	5.35894815E-9	3.51762523E-8	5.43648320E-7	6.50960690E-5
7.90000000E+1	6.77382589E-9	3.39490133E-8	6.02280217E-7	6.28249790E-5
7.95000000E+1	4.41965384E-9	2.45107049E-8	5.56747780E-7	4.53587415E-5
8.00000000E+1	3.52735347E-8	3.11770929E-8	5.86555147E-7	5.76953500E-5
8.05000000E+1	4.76457309E-9	3.19744556E-8	6.05602694E-7	5.91709244E-5
8.10000000E+1	5.02330025E-9	2.67538586E-8	5.05771148E-7	4.95098513E-5
8.15000000E+1	4.42613098E-9	2.92823575E-8	5.28840143E-7	5.41890121E-5
8.20000000E+1	4.88720845E-9	2.37840299E-8	5.45920260E-7	4.40139795E-5
8.25000000E+1	5.41196388E-9	3.13641481E-8	6.01746052E-7	5.80415085E-5
8.30000000E+1	5.91155449E-9	2.66985569E-8	5.58849568E-7	4.94075117E-5
8.35000000E+1	4.62906353E-9	2.95282084E-8	5.50129197E-7	5.46439760E-5
8.40000000E+1	3.90907725E-9	3.74309873E-8	4.92790445E-7	6.92686107E-5
8.45000000E+1	6.02676230E-9	2.83326400E-8	6.16733051E-7	5.24314947E-5
8.50000000E+1	1.56558030E-8	3.39797775E-8	6.21594905E-7	6.28819103E-5
8.55000000E+1	5.08125305E-9	2.55836935E-8	4.68066653E-7	4.73443805E-5
8.60000000E+1	5.01428696E-9	2.76549962E-8	4.81500660E-7	5.11774683E-5
8.65000000E+1	5.37042991E-9	4.02684765E-8	5.22916916E-7	7.45195793E-5
8.70000000E+1	5.57232891E-9	2.46121648E-8	5.44233675E-7	4.55465000E-5
8.75000000E+1	4.74170739E-9	2.44056921E-8	4.34694277E-7	4.51644081E-5
8.80000000E+1	4.34346723E-9	2.50241030E-8	5.56515887E-7	4.63088199E-5
8.85000000E+1	4.96025780E-9	2.56523539E-8	4.49657389E-7	4.74714414E-5
8.90000000E+1	4.55886805E-9	3.27001217E-8	4.38055667E-7	6.05138194E-5
8.95000000E+1	4.76547382E-9	2.21336247E-8	5.03075267E-7	4.09597915E-5
9.00000000E+1	3.21038098E-8	2.75828466E-8	5.70601706E-7	5.10439505E-5
9.05000000E+1	7.55596289E-9	2.83842481E-8	5.07733719E-7	5.25269990E-5
9.10000000E+1	5.86177634E-9	2.53459838E-8	6.19745687E-7	4.69044824E-5
9.15000000E+1	5.93590130E-9	2.60113061E-8	4.50222945E-7	4.81357071E-5
9.20000000E+1	5.52508137E-9	3.01743176E-8	4.08597333E-7	5.58396455E-5
9.25000000E+1	4.42125349E-9	2.17716115E-8	4.24633882E-7	4.02898613E-5
9.30000000E+1	6.17525962E-9	2.60794783E-8	4.20570193E-7	4.82618644E-5
9.35000000E+1	5.27038386E-9	2.29422931E-8	4.43674802E-7	4.24562878E-5
9.40000000E+1	4.64298125E-9	2.86628394E-8	4.53870143E-7	5.30425514E-5
9.45000000E+1	5.35541189E-9	2.35424893E-8	4.00502208E-7	4.35669921E-5
9.50000000E+1	2.13190479E-8	2.33653011E-8	4.67302048E-7	4.32390932E-5
9.55000000E+1	5.79061010E-9	2.46180506E-8	3.98254977E-7	4.55573920E-5
9.60000000E+1	6.21220205E-9	3.64862147E-8	5.20196754E-7	6.75202443E-5
9.65000000E+1	5.09777459E-9	2.74107632E-8	4.69693646E-7	5.07254984E-5
9.70000000E+1	6.98159193E-9	2.14645541E-8	4.60619296E-7	3.97216304E-5
9.75000000E+1	4.76739546E-9	3.99635403E-8	4.41615829E-7	7.39552739E-5
9.80000000E+1	4.90718843E-9	3.15077947E-8	5.43839016E-7	5.83073364E-5
9.85000000E+1	4.59067495E-9	2.67363785E-8	3.57667780E-7	4.94775033E-5
9.90000000E+1	4.58527853E-9	2.08473806E-8	4.16722420E-7	3.85795085E-5
9.95000000E+1	5.17063831E-9	2.88250790E-8	4.34990719E-7	5.33427869E-5
1.00000000E+2	2.70931975E-8	2.66808305E-8	1.85775844E-6	4.93747079E-5
1.00500000E+2	4.49980370E-9	2.60925327E-8	4.67924495E-7	4.82860225E-5
1.01000000E+2	6.18617844E-9	2.46825068E-8	5.40906055E-7	4.56766727E-5
1.01500000E+2	4.72316250E-9	2.43439908E-8	4.59038712E-7	4.50502256E-5
1.02000000E+2	4.25258096E-9	2.39878369E-8	4.02775141E-7	4.43911383E-5
1.02500000E+2	4.56238674E-9	2.19172545E-8	4.19281334E-7	4.05593836E-5
1.03000000E+2	4.33039725E-9	2.73862450E-8	4.28044995E-7	5.06801258E-5
1.03500000E+2	7.25676596E-9	2.65384453E-8	5.27823507E-7	4.91112143E-5
1.04000000E+2	6.33370716E-9	2.83359647E-8	4.79638418E-7	5.24376473E-5
1.04500000E+2	5.51144233E-9	2.46444162E-8	4.08870345E-7	4.56061835E-5
1.05000000E+2	2.49823816E-8	3.01190322E-8	4.11609585E-7	5.57373360E-5
1.05500000E+2	4.56762852E-9	2.52178525E-8	3.71851511E-7	4.66673667E-5
1.06000000E+2	4.59018987E-9	2.69935452E-8	3.77767103E-7	4.99534078E-5
1.06500000E+2	7.12355574E-9	2.28160726E-8	3.61385329E-7	4.22227082E-5
1.07000000E+2	5.44806066E-9	2.84478277E-8	5.07238945E-7	5.26446574E-5
1.07500000E+2	5.02602666E-9	3.31029499E-8	3.98384405E-7	6.12592805E-5
1.08000000E+2	4.90628363E-9	2.84609806E-8	4.12164116E-7	5.26689978E-5
1.08500000E+2	4.02434266E-9	3.23295576E-8	4.75267756E-7	5.98280650E-5
1.09000000E+2	5.25584751E-9	1.98572778E-8	4.44256971E-7	3.67472553E-5
1.09500000E+2	4.78377245E-9	2.12832396E-8	4.56897392E-7	3.93860954E-5
1.10000000E+2	2.55597333E-8	3.01625070E-8	4.08512812E-7	5.58177891E-5
1.10500000E+2	5.34778668E-9	3.28772140E-8	4.36355153E-7	6.08415408E-5
1.11000000E+2	6.41155742E-9	3.02059167E-8	3.45874357E-7	5.58981217E-5
1.11500000E+2	5.48807446E-9	2.34569594E-8	3.80516566E-7	4.34087132E-5
1.12000000E+2	6.11110507E-9	2.63652720E-8	3.71435280E-7	4.87907452E-5
1.12500000E+2	5.68798998E-9	2.73429511E-8	3.73030805E-7	5.06000075E-5
1.13000000E+2	5.22759941E-9	2.66424783E-8	3.34850113E-7	4.93037345E-5
1.13500000E+2	4.71647055E-9	3.13378591E-8	3.89929841E-7	5.79928589E-5
1.14000000E+2	4.35827471E-9	2.16144217E-8	3.79905529E-7	3.99989707E-5
1.14500000E+2	5.91358011E-9	2.30614098E-8	3.27074242E-7	4.26767215E-5
1.15000000E+2	2.39864160E-8	2.79461715E-8	3.63430944E-7	5.17163082E-5
1.15500000E+2	3.97212633E-9	2.12349927E-8	3.40481903E-7	3.92968114E-5
1.16000000E+2	5.58701187E-9	2.44238960E-8	3.96132764E-7	4.51980957E-5
1.16500000E+2	4.14513041E-9	2.84474121E-8	3.43738486E-7	5.26438884E-5
1.17000000E+2	4.29971473E-9	2.49905662E-8	3.10132718E-7	4.62467578E-5
1.17500000E+2	7.20609040E-9	2.39924231E-8	3.70472210E-7	4.43996254E-5
1.18000000E+2	5.39829312E-9	2.63553783E-8	2.97865759E-7	4.87724362E-5
1.18500000E+2	4.26354346E-9	2.28068210E-8	4.01759947E-7	4.22055873E-5
1.19000000E+2	5.27343070E-9	3.09538062E-8	3.46869466E-7	5.72821426E-5
1.19500000E+2	4.94097664E-9	3.04934987E-8	4.64392453E-7	5.64303121E-5
1.20000000E+2	3.69324779E-8	2.29843477E-8	4.30119184E-7	4.25341128E-5
1.20500000E+2	4.36135227E-9	3.19340688E-8	4.13200108E-7	5.90961858E-5
1.21000000E+2	3.91616360E-9	3.20386049E-8	3.40125135E-7	5.92896371E-5
1.21500000E+2	4.51062151E-9	2.25636131E-8	4.09093095E-7	4.17555145E-5
1.22000000E+2	4.30729638E-9	2.21315024E-8	3.96226814E-7	4.09558641E-5
1.22500000E+2	4.80993446E-9	3.00760165E-8	4.13618061E-7	5.56577326E-5
1.23000000E+2	4.44089756E-9	2.47993815E-8	3.50693640E-7	4.58929574E-5
1.23500000E+2	4.47157952E-9	3.12557303E-8	3.30832773E-7	5.78408739E-5
1.24000000E+2	4.53180155E-9	2.73079561E-8	3.42841884E-7	5.05352469E-5
1.24500000E+2	5.77241903E-9	2.23700476E-8	3.25641334E-7	4.13973082E-5
1.25000000E+2	1.70159452E-8	2.46136338E-8	2.98494480E-7	4.55492185E-5
1.25500000E+2	6.12086222E-9	2.48113704E-8	3.90676909E-7	4.59151436E-5
1.26000000E+2	4.19167475E-9	2.98608761E-8	3.17478845E-7	5.52596004E-5
1.26500000E+2	5.34697195E-9	2.17927406E-8	3.23091239E-7	4.03289620E-5
1.27000000E+2	4.81956992E-9	2.22647481E-8	3.49040724E-7	4.12024443E-5
1.27500000E+2	4.73724149E-9	3.68743124E-8	3.80388657E-7	6.82384457E-5
1.28000000E+2	4.41802602E-9	3.51962164E-8	4.28764566E-7	6.51330139E-5
1.28500000E+2	5.86423138E-9	2.65148089E-8	2.97594773E-7	4.90674735E-5
1.29000000E+2	4.62626133E-9	2.33818706E-8	3.20847357E-7	4.32697562E-5
1.29500000E+2	4.43812910E-9	2.22544484E-8	3.36361717E-7	4.11833841E-5
1.30000000E+2	2.13137032E-8	2.72982096E-8	3.93359374E-7	5.05172102E-5
1.30500000E+2	4.50297699E-9	2.32793504E-8	3.26535026E-7	4.30800354E-5
1.31000000E+2	5.31409347E-9	2.25117315E-8	3.14152456E-7	4.16595041E-5
1.31500000E+2	4.83078096E-9	2.25735438E-8	3.51410023E-7	4.17738920E-5
1.32000000E+2	5.13624373E-9	2.40414607E-8	2.98160173E-7	4.44903729E-5
1.32500000E+2	6.10030297E-9	3.38310049E-8	3.45535846E-7	6.26065963E-5
1.33000000E+2	4.41643972E-9	2.60245268E-8	2.71958412E-7	4.81601727E-5
1.33500000E+2	4.86690011E-9	1.91449109E-8	3.12702964E-7	3.54289715E-5
1.34000000E+2	6.85444691E-9	2.63001774E-8	3.46291761E-7	4.86702832E-5
1.34500000E+2	6.15762373E-9	2.42801994E-8	3.12400449E-7	4.49321753E-5
1.35000000E+2	2.58203498E-8	2.52156258E-8	3.28709779E-7	4.66632461E-5
1.35500000E+2	5.26987340E-9	2.41309589E-8	2.90856850E-7	4.46559955E-5
1.36000000E+2	4.25760830E-9	2.18229615E-8	3.20820539E-7	4.03848878E-5
1.36500000E+2	5.76873408E-9	2.34868080E-8	3.58579028E-7	4.34639500E-5
1.37000000E+2	5.28888010E-9	2.21698270E-8	3.14383929E-7	4.10267863E-5
1.37500000E+2	5.90570363E-9	2.09301915E-8	3.13922845E-7	3.87327558E-5
1.38000000E+2	6.20611553E-9	2.34106694E-8	3.09167114E-7	4.33230502E-5
1.38500000E+2	4.45153823E-9	2.23963376E-8	3.06620374E-7	4.14459596E-5
1.39000000E+2	4.38374169E-9	2.12152223E-8	3.01270871E-7	3.92602248E-5
1.39500000E+2	5.00112796E-9	2.44549368E-8	3.69095978E-7	4.52555389E-5
1.40000000E+2	1.84425741E-8	2.36133696E-8	3.35799327E-7	4.36981610E-5
1.40500000E+2	6.83944174E-9	2.41468908E-8	3.62895939E-7	4.46854785E-5
1.41000000E+2	4.82717176E-9	2.51101319E-8	2.85327435E-7	4.64680224E-5
1.41500000E+2	5.40525741E-9	1.91178787E-8	3.09425065E-7	3.53789466E-5
1.42000000E+2	4.14509644E-9	2.09824118E-8	3.42084441E-7	3.88293930E-5
1.42500000E+2	4.19367452E-9	2.97634487E-8	4.17564971E-7	5.50793044E-5
1.43000000E+2	4.69710226E-9	2.33086611E-8	2.90224972E-7	4.31342770E-5
1.43500000E+2	4.44265106E-9	2.66734222E-8	3.21852428E-7	4.93609982E-5
1.44000000E+2	4.58449834E-9	3.28536697E-8	3.05640361E-7	6.07979704E-5
1.44500000E+2	4.37121939E-9	4.76694397E-8	3.80848061E-7	8.82155696E-5
1.45000000E+2	2.51605933E-8	2.20675235E-8	3.62985441E-7	4.08374666E-5
1.45500000E+2	6.57002591E-9	2.43770458E-8	3.19878871E-7	4.51113961E-5
1.46000000E+2	4.21933905E-9	2.33356205E-8	3.60675643E-7	4.31841672E-5
1.46500000E+2	5.89412400E-9	2.61895279E-8	3.79346772E-7	4.84655187E-5
1.47000000E+2	6.19998268E-9	1.78399364E-8	4.25856961E-7	3.30140267E-5
1.47500000E+2	3.75925997E-9	2.11901190E-8	3.86184186E-7	3.92137694E-5
1.48000000E+2	5.65337917E-9	2.51575574E-8	5.88236215E-7	4.65557865E-5
1.48500000E+2	4.82142846E-9	2.67833579E-8	8.37223759E-7	4.95644418E-5
1.49000000E+2	5.64671792E-9	2.66018601E-8	8.11756333E-7	4.92285676E-5
1.49500000E+2	4.62432582E-9	2.06826964E-8	1.85386055E-6	3.82747491E-5
1.50000000E+2	2.48425044E-8	2.72018722E-8	1.24172862E-5	5.03389313E-5
1.50500000E+2	4.56508058E-9	2.83436676E-8	1.58654466E-6	5.24519020E-5
1.51000000E+2	4.31241658E-9	2.31824178E-8	9.29716763E-7	4.29006551E-5
1.51500000E+2	6.53741865E-9	2.35502017E-8	6.09267686E-7	4.35812644E-5
1.52000000E+2	6.03507188E-9	3.89170846E-8	4.30773757E-7	7.20187358E-5
1.52500000E+2	3.94623465E-9	2.09554433E-8	4.52243744E-7	3.87794859E-5
1.53000000E+2	6.36481599E-9	2.87121602E-8	4.09126246E-7	5.31338228E-5
1.53500000E+2	7.43300069E-9	2.14435256E-8	4.38407637E-7	3.96827157E-5
1.54000000E+2	6.07598198E-9	2.14214310E-8	3.66427298E-7	3.96418282E-5
1.54500000E+2	5.93930729E-9	2.08021458E-8	3.43636416E-7	3.84957984E-5
1.55000000E+2	3.22019977E-8	3.38001935E-8	3.69958765E-7	6.25495777E-5
1.55500000E+2	7.66932656E-9	2.18001512E-8	3.29766497E-7	4.03426758E-5
1.56000000E+2	6.46761516E-9	2.62092736E-8	2.83912484E-7	4.85020594E-5
1.56500000E+2	4.63007457E-9	1.88166781E-8	2.76971478E-7	3.48215542E-5
1.57000000E+2	4.59925510E-9	2.11294822E-8	3.71054310E-7	3.91015569E-5
1.57500000E+2	4.26449071E-9	2.13425195E-8	2.99429869E-7	3.94957970E-5
1.58000000E+2	3.90139265E-9	2.24481945E-8	2.94638072E-7	4.15419244E-5
1.58500000E+2	6.21081682E-9	2.25148596E-8	3.57162538E-7	4.16652928E-5
1.59000000E+2	6.38009181E-9	2.07670948E-8	3.29039310E-7	3.84309341E-5
1.59500000E+2	4.68710059E-9	1.89701225E-8	3.13870498E-7	3.51055135E-5
1.60000000E+2	2.28200322E-8	2.32860107E-8	2.85129161E-7	4.30923609E-5
1.60500000E+2	5.37067322E-9	2.43098940E-8	2.99197087E-7	4.49871271E-5
1.61000000E+2	5.36986965E-9	2.46236936E-8	2.96732281E-7	4.55678348E-5
1.61500000E+2	4.38363988E-9	2.13358599E-8	3.07065670E-7	3.94834729E-5
1.62000000E+2	4.27881299E-9	2.25752855E-8	3.14830906E-7	4.17771151E-5
1.62500000E+2	4.54054489E-9	1.90411541E-8	2.95473795E-7	3.52369624E-5
1.63000000E+2	5.79112964E-9	2.26440978E-8	2.90925146E-7	4.19044569E-5
1.63500000E+2	4.84989966E-9	2.13152642E-8	3.94847927E-7	3.94453592E-5
1.64000000E+2	4.60838162E-9	2.32978592E-8	3.34662831E-7	4.31142872E-5
1.64500000E+2	5.12818438E-9	2.71902238E-8	3.34303172E-7	5.03173752E-5
1.65000000E+2	2.32634460E-8	2.25428387E-8	2.75850414E-7	4.17170700E-5
1.65500000E+2	4.84714626E-9	2.28056772E-8	2.52113297E-7	4.22034707E-5
1.66000000E+2	5.16149687E-9	2.13231495E-8	3.09447901E-7	3.94599516E-5
1.66500000E+2	5.44463529E-9	2.15399318E-8	2.52848112E-7	3.98611219E-5
1.67000000E+2	5.04157996E-9	2.95456120E-8	3.37370817E-7	5.46761826E-5
1.67500000E+2	4.92668374E-9	2.00612814E-8	2.61659891E-7	3.71247780E-5
1.68000000E+2	4.75662992E-9	2.09950889E-8	2.61827262E-7	3.88528528E-5
1.68500000E+2	4.39281800E-9	2.07130715E-8	3.09886423E-7	3.83309603E-5
1.69000000E+2	4.79760163E-9	2.63658824E-8	2.42805628E-7	4.87918749E-5
1.69500000E+2	5.48168974E-9	2.19982903E-8	3.27312025E-7	4.07093460E-5
1.70000000E+2	3.60375264E-8	2.38081523E-8	2.66511023E-7	4.40586196E-5
1.70500000E+2	5.51847903E-9	2.08349914E-8	2.71266016E-7	3.85565814E-5
1.71000000E+2	5.46652544E-9	2.81545807E-8	2.97332935E-7	5.21019837E-5
1.71500000E+2	4.61784450E-9	2.16519932E-8	2.67053518E-7	4.00684993E-5
1.72000000E+2	4.63119638E-9	2.55578526E-8	2.44985795E-7	4.72965602E-5
1.72500000E+2	5.21289681E-9	2.08200210E-8	3.03826117E-7	3.85288777E-5
1.73000000E+2	4.52765653E-9	3.26072032E-8	3.65388548E-7	6.03418673E-5
1.73500000E+2	6.72707173E-9	1.96902052E-8	2.38747502E-7	3.64380759E-5
1.74000000E+2	6.01123184E-9	2.30419614E-8	2.88058097E-7	4.26407308E-5
1.74500000E+2	5.36577348E-9	2.07488011E-8	2.43272526E-7	3.83970804E-5
1.75000000E+2	2.77401779E-8	2.45993175E-8	3.81371401E-7	4.55227252E-5
1.75500000E+2	4.51031792E-9	2.29124991E-8	3.13734354E-7	4.24011520E-5
1.76000000E+2	5.69119147E-9	2.21180116E-8	2.43445321E-7	4.09308984E-5
1.76500000E+2	4.46491337E-9	2.78154597E-8	2.60794030E-7	5.14744171E-5
1.77000000E+2	4.89574386E-9	2.19187179E-8	2.61908383E-7	4.05620916E-5
1.77500000E+2	7.21796278E-9	2.29603722E-8	2.97387534E-7	4.24897444E-5
1.78000000E+2	9.65173046E-9	2.33492963E-8	2.81671866E-7	4.32094752E-5
1.78500000E+2	9.71287267E-9	2.23503591E-8	2.63255471E-7	4.13608733E-5
1.79000000E+2	4.63541534E-9	2.06239422E-8	2.98983040E-7	3.81660204E-5
1.79500000E+2	4.47230608E-9	2.20308278E-8	2.61061051E-7	4.07695587E-5
1.80000000E+2	2.31575440E-8	2.16562496E-8	2.43287727E-7	4.00763760E-5
1.80500000E+2	5.04123881E-9	1.97288199E-8	2.88916809E-7	3.65095351E-5
1.81000000E+2	4.34017689E-9	2.41315382E-8	3.75291020E-7	4.46570674E-5
1.81500000E+2	4.95715234E-9	2.10158338E-8	2.34294848E-7	3.88912426E-5
1.82000000E+2	5.32598811E-9	2.34416548E-8	3.04768747E-7	4.33803909E-5
1.82500000E+2	4.49479605E-9	2.83401644E-8	2.73498726E-7	5.24454191E-5
1.83000000E+2	4.72005873E-9	2.33448487E-8	2.66665012E-7	4.32012446E-5
1.83500000E+2	5.19972062E-9	2.89360216E-8	2.32229127E-7	5.35480938E-5
1.84000000E+2	5.29256028E-9	3.18605441E-8	2.48048827E-7	5.89601233E-5
1.84500000E+2	6.61968541E-9	2.36795460E-8	2.95090739E-7	4.38206249E-5
1.85000000E+2	1.93226683E-8	2.55528903E-8	3.46259453E-7	4.72873771E-5
1.85500000E+2	6.54020902E-9	2.00896086E-8	2.55922233E-7	3.71771994E-5
1.86000000E+2	4.71525566E-9	2.45877998E-8	2.62863783E-7	4.55014108E-5
1.86500000E+2	5.63299607E-9	2.57193376E-8	2.38173562E-7	4.75953992E-5
1.87000000E+2	4.99195236E-9	2.37710819E-8	2.39848459E-7	4.39900183E-5
1.87500000E+2	4.71051195E-9	2.04678063E-8	2.47981231E-7	3.78770802E-5
1.88000000E+2	8.72512324E-9	2.19768944E-8	3.56669299E-7	4.06697514E-5
1.88500000E+2	6.50623689E-9	2.27474905E-8	2.64913675E-7	4.20957922E-5
1.89000000E+2	4.66572763E-9	2.19521800E-8	3.39173006E-7	4.06240155E-5
1.89500000E+2	4.97110896E-9	1.99072686E-8	2.44660949E-7	3.68397668E-5
1.90000000E+2	5.22527372E-8	2.47023235E-8	2.97993942E-7	4.57133448E-5
1.90500000E+2	4.14732852E-9	2.00457878E-8	2.38871839E-7	3.70961061E-5
1.91000000E+2	4.52411318E-9	2.34878924E-8	3.96213521E-7	4.34659567E-5
1.91500000E+2	6.30826657E-9	2.05641921E-8	2.37268808E-7	3.80554487E-5
1.92000000E+2	4.97735470E-9	1.93696827E-8	3.02269574E-7	3.58449272E-5
1.92500000E+2	4.70009420E-9	2.03388244E-8	3.52310413E-7	3.76383903E-5
1.93000000E+2	4.08672586E-9	2.29309899E-8	2.78934448E-7	4.24353705E-5
1.93500000E+2	7.03143310E-9	2.00677511E-8	3.18184587E-7	3.71367506E-5
1.94000000E+2	4.84513247E-9	1.97080317E-8	2.75543592E-7	3.64710651E-5
1.94500000E+2	4.75023308E-9	2.48040511E-8	3.20821581E-7	4.59015987E-5
1.95000000E+2	3.96501855E-8	2.10307038E-8	2.83839765E-7	3.89187607E-5
1.95500000E+2	4.66813510E-9	2.94073886E-8	2.96362167E-7	5.44203907E-5
1.96000000E+2	4.21475287E-9	2.52536170E-8	3.08688024E-7	4.67335514E-5
1.96500000E+2	5.13303077E-9	2.36903983E-8	3.18721304E-7	4.38407078E-5
1.97000000E+2	4.80974226E-9	2.21038373E-8	2.92908394E-7	4.09046678E-5
1.97500000E+2	5.69666388E-9	2.78161260E-8	3.04036802E-7	5.14756500E-5
1.98000000E+2	6.18328632E-9	1.97270973E-8	2.89025459E-7	3.65063473E-5
1.98500000E+2	5.37886728E-9	2.15114195E-8	3.32103871E-7	3.98083580E-5
1.99000000E+2	5.39172537E-9	1.96653941E-8	3.41202503E-7	3.63921613E-5
1.99500000E+2	4.21967934E-9	2.69292023E-8	3.71055375E-7	4.98343369E-5
2.00000000E+2	2.76041304E-8	2.58720113E-8	6.17339823E-7	4.78779324E-5
2.00500000E+2	4.03611959E-9	2.04206308E-8	3.77837958E-7	3.77897787E-5
2.01000000E+2	5.73213396E-9	2.34545222E-8	5.40380355E-7	4.34042029E-5
2.01500000E+2	4.33674041E-9	2.68257470E-8	3.28184877E-7	4.96428859E-5
2.02000000E+2	5.69625575E-9	1.95923548E-8	2.96639988E-7	3.62569971E-5
2.02500000E+2	5.34039996E-9	2.51304655E-8	3.39357724E-7	4.65056510E-5
2.03000000E+2	4.47062606E-9	2.20808138E-8	2.97912570E-7	4.08620612E-5
2.03500000E+2	5.04717484E-9	2.68819477E-8	3.29700751E-7	4.97468891E-5
2.04000000E+2	5.21134991E-9	2.09080131E-8	2.77064644E-7	3.86917131E-5
2.04500000E+2	5.68001414E-9	3.55636781E-8	4.32839406E-7	6.58130269E-5
2.05000000E+2	2.23912288E-8	2.31316029E-8	3.47769642E-7	4.28066185E-5
2.05500000E+2	4.16766420E-9	2.62409061E-8	3.36052030E-7	4.85605976E-5
2.06000000E+2	4.47375523E-9	2.94255437E-8	2.83162705E-7	5.44539879E-5
2.06500000E+2	4.50615392E-9	2.14525786E-8	2.87408638E-7	3.96994690E-5
2.07000000E+2	4.77147683E-9	2.45532513E-8	3.32384412E-7	4.54374765E-5
2.07500000E+2	4.53071113E-9	2.63358643E-8	3.18263597E-7	4.87363242E-5
2.08000000E+2	4.42171356E-9	2.33879949E-8	4.00502639E-7	4.32810897E-5
2.08500000E+2	3.76631508E-9	1.80242506E-8	3.32159218E-7	3.33551127E-5
2.09000000E+2	4.52743093E-9	3.10731290E-8	3.34989856E-7	5.75029577E-5
2.09500000E+2	4.12818989E-9	2.09801926E-8	2.83154540E-7	3.88252862E-5
2.10000000E+2	3.13132078E-8	2.10952230E-8	2.17028869E-7	3.90381579E-5
2.10500000E+2	4.80363612E-9	3.20990011E-8	2.97911058E-7	5.94014045E-5
2.11000000E+2	3.93720064E-9	2.68911267E-8	2.43250880E-7	4.97638755E-5
2.11500000E+2	4.37934535E-9	2.05720004E-8	2.33114437E-7	3.80698985E-5
2.12000000E+2	4.81646438E-9	1.91619738E-8	2.18649806E-7	3.54605475E-5
2.12500000E+2	7.42633669E-9	2.18916639E-8	2.84836087E-7	4.05120264E-5
2.13000000E+2	5.08708141E-9	2.41148279E-8	2.35804379E-7	4.46261439E-5
2.13500000E+2	5.45472127E-9	2.35182879E-8	2.52454241E-7	4.35222057E-5
2.14000000E+2	5.76967839E-9	1.89824951E-8	2.65167257E-7	3.51284099E-5
2.14500000E+2	4.95965241E-9	2.05226743E-8	2.39932174E-7	3.79786172E-5
2.15000000E+2	3.16672359E-8	2.10285213E-8	2.52522120E-7	3.89147217E-5
2.15500000E+2	4.22568673E-9	2.22298300E-8	2.23246185E-7	4.11378259E-5
2.16000000E+2	7.53763474E-9	1.84517819E-8	2.56464125E-7	3.41462887E-5
2.16500000E+2	4.84464621E-9	1.92289102E-8	2.14130771E-7	3.55844180E-5
2.17000000E+2	4.51734059E-9	2.03898289E-8	2.33176352E-7	3.77327777E-5
2.17500000E+2	4.42200387E-9	1.97313887E-8	2.28085964E-7	3.65142888E-5
2.18000000E+2	5.83800302E-9	1.92973403E-8	2.43357501E-7	3.57110525E-5
2.18500000E+2	5.64644622E-9	2.84324917E-8	2.93388263E-7	5.26162772E-5
2.19000000E+2	4.69862447E-9	2.18885988E-8	3.07870392E-7	4.05063543E-5
2.19500000E+2	4.67536808E-9	1.88208252E-8	2.93246464E-7	3.48292286E-5
2.20000000E+2	4.57842918E-8	3.27467580E-8	2.56697424E-7	6.06001230E-5
2.20500000E+2	6.07624957E-9	2.07091751E-8	2.59238845E-7	3.83237497E-5
2.21000000E+2	4.47878119E-9	2.56942272E-8	2.50108707E-7	4.75489308E-5
2.21500000E+2	5.85425163E-9	1.79388278E-8	2.33955947E-7	3.31970320E-5
2.22000000E+2	4.72447157E-9	2.59979287E-8	2.99448340E-7	4.81109513E-5
2.22500000E+2	4.58874995E-9	2.19474552E-8	3.70296329E-7	4.06152721E-5
2.23000000E+2	4.85691046E-9	2.69477448E-8	2.27405780E-7	4.98686511E-5
2.23500000E+2	6.50544797E-9	2.11582701E-8	2.09740675E-7	3.91548308E-5
2.24000000E+2	5.31660247E-9	2.20507435E-8	2.14117481E-7	4.08064141E-5
2.24500000E+2	4.38548719E-9	2.25189329E-8	2.33278130E-7	4.16728307E-5
2.25000000E+2	3.81264497E-8	1.91154328E-8	2.78120354E-7	3.53744201E-5
2.25500000E+2	4.79186216E-9	2.80830913E-8	3.61823918E-7	5.19696877E-5
2.26000000E+2	4.67758920E-9	1.86995404E-8	2.63173888E-7	3.46047828E-5
2.26500000E+2	6.04457662E-9	2.20781135E-8	2.15601131E-7	4.08570642E-5
2.27000000E+2	6.60911214E-9	2.78977493E-8	2.40391809E-7	5.16266996E-5
2.27500000E+2	7.07092521E-9	1.99759325E-8	2.50477669E-7	3.69668340E-5
2.28000000E+2	4.50199412E-9	2.10330937E-8	2.88348450E-7	3.89231834E-5
2.28500000E+2	3.70486609E-9	2.48695082E-8	2.50786153E-7	4.60227316E-5
2.29000000E+2	7.80603834E-9	2.07186652E-8	3.68862159E-7	3.83413119E-5
2.29500000E+2	4.94473800E-9	2.11861970E-8	5.07027922E-7	3.92065114E-5
2.30000000E+2	4.89186586E-8	1.75750740E-8	2.26913406E-7	3.25238805E-5
2.30500000E+2	4.76124715E-9	2.75190074E-8	2.64632781E-7	5.09258118E-5
2.31000000E+2	6.08130740E-9	2.92252666E-8	2.24305553E-7	5.40833615E-5
2.31500000E+2	4.68827509E-9	2.29147566E-8	2.95945194E-7	4.24053297E-5
2.32000000E+2	4.35409669E-9	2.23120529E-8	3.41770412E-7	4.12899851E-5
2.32500000E+2	4.75490100E-9	2.06173427E-8	2.62748490E-7	3.81538076E-5
2.33000000E+2	5.56430994E-9	2.15545282E-8	2.39856562E-7	3.98881337E-5
2.33500000E+2	7.17057266E-9	1.85876297E-8	2.22363882E-7	3.43976844E-5
2.34000000E+2	5.63635269E-9	1.67433143E-8	2.37564788E-7	3.09846522E-5
2.34500000E+2	4.98634550E-9	1.82793177E-8	2.04275600E-7	3.38271319E-5
2.35000000E+2	4.61890698E-8	2.89651257E-8	2.97877443E-7	5.36019528E-5
2.35500000E+2	5.37651517E-9	3.15966054E-8	2.87392168E-7	5.84716866E-5
2.36000000E+2	4.27102282E-9	1.81315392E-8	2.23957663E-7	3.35536576E-5
2.36500000E+2	4.50856894E-9	2.35720144E-8	2.79271681E-7	4.36216303E-5
2.37000000E+2	6.37786909E-9	1.87975625E-8	2.49013686E-7	3.47861794E-5
2.37500000E+2	8.41778686E-9	2.21426228E-8	2.18198193E-7	4.09764430E-5
2.38000000E+2	4.12475879E-9	1.82386070E-8	2.12712118E-7	3.37517939E-5
2.38500000E+2	5.30698427E-9	2.43048429E-8	2.12564297E-7	4.49777797E-5
2.39000000E+2	5.62348828E-9	2.35349524E-8	2.40651428E-7	4.35530446E-5
2.39500000E+2	6.67639791E-9	2.39352840E-8	2.24142981E-7	4.42938856E-5
2.40000000E+2	3.03531668E-8	1.96180148E-8	2.82901521E-7	3.63044826E-5
2.40500000E+2	5.05619973E-9	1.93119536E-8	2.65069763E-7	3.57380955E-5
2.41000000E+2	4.08527064E-9	2.30819447E-8	2.71278808E-7	4.27147227E-5
2.41500000E+2	6.67022580E-9	2.27527947E-8	2.57334096E-7	4.21056081E-5
2.42000000E+2	4.38899428E-9	3.17756077E-8	3.21763823E-7	5.88029428E-5
2.42500000E+2	5.51516237E-9	2.02169358E-8	3.28410974E-7	3.74128271E-5
2.43000000E+2	5.14644603E-9	1.92347774E-8	2.24875078E-7	3.55952756E-5
2.43500000E+2	6.02775014E-9	1.78518586E-8	2.58763138E-7	3.30360895E-5
2.44000000E+2	4.86848451E-9	2.60184814E-8	3.37505388E-7	4.81489854E-5
2.44500000E+2	6.03054750E-9	1.87052589E-8	2.89041674E-7	3.46153652E-5
2.45000000E+2	1.54002045E-8	2.01895220E-8	2.89515731E-7	3.73620959E-5
2.45500000E+2	7.71569010E-9	2.26961719E-8	3.37894788E-7	4.20008236E-5
2.46000000E+2	4.33805831E-9	2.33951044E-8	3.67039776E-7	4.32942462E-5
2.46500000E+2	4.84468047E-9	2.33290917E-8	3.43373929E-7	4.31720851E-5
2.47000000E+2	4.77976549E-9	2.56869930E-8	5.04155812E-7	4.75355433E-5
2.47500000E+2	5.99136901E-9	2.43194348E-8	4.28224634E-7	4.50047831E-5
2.48000000E+2	4.05722429E-9	1.73044584E-8	5.73934277E-7	3.20230878E-5
2.48500000E+2	5.12386683E-9	2.71758573E-8	9.53358417E-7	5.02907890E-5
2.49000000E+2	4.28232397E-9	1.88209858E-8	1.20084126E-6	3.48295259E-5
2.49500000E+2	4.61577371E-9	2.46680070E-8	1.69046839E-6	4.56498399E-5
2.50000000E+2	3.41172339E-8	2.48098376E-8	7.80053017E-6	4.59123072E-5
2.50500000E+2	4.26543499E-9	2.78349640E-8	1.52086356E-6	5.15105110E-5
2.51000000E+2	4.37896857E-9	1.91926649E-8	8.80290870E-7	3.55173435E-5
2.51500000E+2	6.87545339E-9	1.89810923E-8	6.03324594E-7	3.51258138E-5
2.52000000E+2	4.34880214E-9	2.56024673E-8	4.69907104E-7	4.73791227E-5
2.52500000E+2	5.33907676E-9	1.85553825E-8	4.02378791E-7	3.43380088E-5
2.53000000E+2	4.26075494E-9	2.42536884E-8	3.36344690E-7	4.48831149E-5
2.53500000E+2	4.07856147E-9	1.88146162E-8	3.04476689E-7	3.48177384E-5
2.54000000E+2	4.33161923E-9	1.92985329E-8	3.25706252E-7	3.57132596E-5
2.54500000E+2	5.93480229E-9	2.77083157E-8	2.44152410E-7	5.12761398E-5
2.55000000E+2	3.48054916E-8	2.15760318E-8	2.31821331E-7	3.99279275E-5
2.55500000E+2	5.38805565E-9	1.97359946E-8	2.90086692E-7	3.65228124E-5
2.56000000E+2	4.75884112E-9	1.87730249E-8	2.19611222E-7	3.47407708E-5
2.56500000E+2	6.21870086E-9	2.40423172E-8	3.20295445E-7	4.44919578E-5
2.57000000E+2	6.25684847E-9	2.19266663E-8	2.21617049E-7	4.05768007E-5
2.57500000E+2	5.30132775E-9	2.22648791E-8	2.44807720E-7	4.12026868E-5
2.58000000E+2	4.75528377E-9	2.02799971E-8	2.00146115E-7	3.75295264E-5
2.58500000E+2	5.23365915E-9	2.11131266E-8	2.45732914E-7	3.90712897E-5
2.59000000E+2	3.84521809E-9	2.46541529E-8	2.15360291E-7	4.56242019E-5
2.59500000E+2	4.78053729E-9	1.85788514E-8	2.08962818E-7	3.43814395E-5
2.60000000E+2	2.60008121E-8	2.17083704E-8	2.18454714E-7	4.01728293E-5
2.60500000E+2	5.17577628E-9	2.30020030E-8	2.55707287E-7	4.25667852E-5
2.61000000E+2	3.75332239E-9	1.91703196E-8	2.08620311E-7	3.54759921E-5
2.61500000E+2	6.14015121E-9	2.16573563E-8	2.35030154E-7	4.00784242E-5
2.62000000E+2	5.09254226E-9	2.26387298E-8	2.11781362E-7	4.18945231E-5
2.62500000E+2	4.80495434E-9	1.95023333E-8	2.41699921E-7	3.60904061E-5
2.63000000E+2	4.49960478E-9	2.09767625E-8	2.20078818E-7	3.88189386E-5
2.63500000E+2	3.95457499E-9	1.90236050E-8	2.40808715E-7	3.52044865E-5
2.64000000E+2	4.10462235E-9	2.11090434E-8	2.77042377E-7	3.90637334E-5
2.64500000E+2	6.37465310E-9	2.39153599E-8	6.69054491E-7	4.42570148E-5
2.65000000E+2	2.36461216E-8	2.77858973E-8	4.72328357E-7	5.14197098E-5
2.65500000E+2	4.21226105E-9	2.55804108E-8	2.66108619E-7	4.73383056E-5
2.66000000E+2	7.22296296E-9	1.90490379E-8	2.15981160E-7	3.52515518E-5
2.66500000E+2	4.58508203E-9	2.98266728E-8	2.72688761E-7	5.51963049E-5
2.67000000E+2	4.31465024E-9	2.21617290E-8	2.18900566E-7	4.10118003E-5
2.67500000E+2	4.25036833E-9	2.08388127E-8	2.99539807E-7	3.85636530E-5
2.68000000E+2	4.79992393E-9	1.88228696E-8	2.20307529E-7	3.48330119E-5
2.68500000E+2	5.33795893E-9	2.17018110E-8	2.25409157E-7	4.01606906E-5
2.69000000E+2	5.77413858E-9	2.34444363E-8	2.17417061E-7	4.33855383E-5
2.69500000E+2	4.96979237E-9	3.17889224E-8	2.68579329E-7	5.88275824E-5
2.70000000E+2	1.71765499E-8	2.86539356E-8	2.47501722E-7	5.30260742E-5
2.70500000E+2	3.95235175E-9	2.52968948E-8	2.20721860E-7	4.68136399E-5
2.71000000E+2	6.67792285E-9	1.85410445E-8	2.03367978E-7	3.43114752E-5
2.71500000E+2	5.28685831E-9	2.36448724E-8	2.82696057E-7	4.37564590E-5
2.72000000E+2	4.80077542E-9	2.92073466E-8	2.71436285E-7	5.40501993E-5
2.72500000E+2	6.22447039E-9	3.23627652E-8	2.36551384E-7	5.98895180E-5
2.73000000E+2	4.33261163E-9	2.50104670E-8	2.66764024E-7	4.62835856E-5
2.73500000E+2	4.41213077E-9	2.43033177E-8	2.47448606E-7	4.49749573E-5
2.74000000E+2	6.29528554E-9	2.03968910E-8	2.11531434E-7	3.77458466E-5
2.74500000E+2	4.42745237E-9	2.34324939E-8	2.52848391E-7	4.33634381E-5
2.75000000E+2	4.15457698E-8	1.70775205E-8	2.23483360E-7	3.16031237E-5
2.75500000E+2	6.83793313E-9	1.93863024E-8	2.05349430E-7	3.58756830E-5
2.76000000E+2	4.63628282E-9	2.24932458E-8	2.19995679E-7	4.16252950E-5
2.76500000E+2	6.61240253E-9	2.39452853E-8	2.30240285E-7	4.43123937E-5
2.77000000E+2	7.08789796E-9	3.16178117E-8	2.33029756E-7	5.85109303E-5
2.77500000E+2	4.90818547E-9	2.21533442E-8	2.44223956E-7	4.09962838E-5
2.78000000E+2	7.00808388E-9	2.72265014E-8	2.75555445E-7	5.03845093E-5
2.78500000E+2	4.92354006E-9	1.75044952E-8	1.94319893E-7	3.23932697E-5
2.79000000E+2	4.51524211E-9	2.49640648E-8	2.14859988E-7	4.61977151E-5
2.79500000E+2	4.37998675E-9	2.77073324E-8	2.63672650E-7	5.12743200E-5
2.80000000E+2	3.81767150E-8	2.01151137E-8	2.52559596E-7	3.72243983E-5
2.80500000E+2	3.95125013E-9	2.05226325E-8	1.93376677E-7	3.79785398E-5
2.81000000E+2	4.21947515E-9	1.97832718E-8	2.23750377E-7	3.66103021E-5
2.81500000E+2	5.41796512E-9	3.39018147E-8	2.34707961E-7	6.27376347E-5
2.82000000E+2	4.14399967E-9	1.86761647E-8	1.93667919E-7	3.45615245E-5
2.82500000E+2	3.94035045E-9	2.45078024E-8	1.91008855E-7	4.53533702E-5
2.83000000E+2	5.68290941E-9	2.02296788E-8	2.07206189E-7	3.74364088E-5
2.83500000E+2	4.87651609E-9	1.83766980E-8	2.19970147E-7	3.40073408E-5
2.84000000E+2	4.43230317E-9	2.59622969E-8	2.66759033E-7	4.80450121E-5
2.84500000E+2	4.28204456E-9	1.99061551E-8	1.85664556E-7	3.68377060E-5
2.85000000E+2	2.82604739E-8	2.56924294E-8	2.28114929E-7	4.75456037E-5
2.85500000E+2	5.07735724E-9	1.96095501E-8	2.19729335E-7	3.62888182E-5
2.86000000E+2	4.85594531E-9	2.10676774E-8	2.15578132E-7	3.89871828E-5
2.86500000E+2	5.76125323E-9	1.67802833E-8	2.14743083E-7	3.10530658E-5
2.87000000E+2	5.79223736E-9	2.22292938E-8	2.17106376E-7	4.11368337E-5
2.87500000E+2	4.85450012E-9	2.40683190E-8	2.04583097E-7	4.45400761E-5
2.88000000E+2	4.16086073E-9	2.05583763E-8	1.90246166E-7	3.80446863E-5
2.88500000E+2	4.44553981E-9	2.33792564E-8	2.24644592E-7	4.32649184E-5
2.89000000E+2	5.28460671E-9	1.83245729E-8	1.97793509E-7	3.39108797E-5
2.89500000E+2	5.92894625E-9	1.85580386E-8	2.65412358E-7	3.43429241E-5
2.90000000E+2	3.24800010E-8	1.95948546E-8	2.77922659E-7	3.62616232E-5
2.90500000E+2	4.26437334E-9	2.72144672E-8	2.62661736E-7	5.03622392E-5
2.91000000E+2	7.30706028E-9	1.84983385E-8	3.67337855E-7	3.42324448E-5
2.91500000E+2	7.12832462E-9	2.16779553E-8	4.55076061E-7	4.01165441E-5
2.92000000E+2	4.98019007E-9	1.97706585E-8	2.85541404E-7	3.65869604E-5
2.92500000E+2	5.68733769E-9	1.90420643E-8	3.63223972E-7	3.52386468E-5
2.93000000E+2	6.15225139E-9	2.22104301E-8	2.05683255E-7	4.11019252E-5
2.93500000E+2	4.89879739E-9	3.00873215E-8	2.21762083E-7	5.56786533E-5
2.94000000E+2	5.21519463E-9	2.43760327E-8	2.62640993E-7	4.51095213E-5
2.94500000E+2	4.97000091E-9	2.71599402E-8	2.69112293E-7	5.02613332E-5
2.95000000E+2	2.81424394E-8	2.53603406E-8	2.50821281E-7	4.69310507E-5
2.95500000E+2	5.93963191E-9	2.04364928E-8	2.32925258E-7	3.78191324E-5
2.96000000E+2	4.45318055E-9	2.14231291E-8	2.59432225E-7	3.96449705E-5
2.96500000E+2	5.54636660E-9	2.57127658E-8	2.86303591E-7	4.75832376E-5
2.97000000E+2	5.94408706E-9	1.83350215E-8	2.59739738E-7	3.39302156E-5
2.97500000E+2	3.88436276E-9	1.85112241E-8	3.06988177E-7	3.42562905E-5
2.98000000E+2	4.56612588E-9	2.17039625E-8	2.30774750E-7	4.01646720E-5
2.98500000E+2	5.72787696E-9	2.53314275E-8	2.62786950E-7	4.68775451E-5
2.99000000E+2	5.04624485E-9	2.11501751E-8	2.50539279E-7	3.91398505E-5
2.99500000E+2	5.16375247E-9	2.10019401E-8	3.40208882E-7	3.88655314E-5
3.00000000E+2	2.87302919E-8	2.24198194E-8	5.74114661E-7	4.14894144E-5
3.00500000E+2	5.57297687E-9	1.96802338E-8	3.27445167E-7	3.64196232E-5
3.01000000E+2	4.48506728E-9	1.71524973E-8	3.77403163E-7	3.17418734E-5
3.01500000E+2	4.24056542E-9	2.05375217E-8	2.64010369E-7	3.80060932E-5
3.02000000E+2	4.52538722E-9	2.54500623E-8	2.22342919E-7	4.70970869E-5
3.02500000E+2	4.60648491E-9	2.01928843E-8	2.57561625E-7	3.73683181E-5
3.03000000E+2	6.72447821E-9	1.79703818E-8	2.95165662E-7	3.32554248E-5
3.03500000E+2	3.70253366E-9	1.99929481E-8	2.26779822E-7	3.69983225E-5
3.04000000E+2	4.49104981E-9	1.84539400E-8	2.05732712E-7	3.41502824E-5
3.04500000E+2	5.82641163E-9	1.78231830E-8	2.08940836E-7	3.29830233E-5
3.05000000E+2	2.89562701E-8	1.80780936E-8	2.03200874E-7	3.34547528E-5
3.05500000E+2	4.79966820E-9	2.36647199E-8	2.36413546E-7	4.37931882E-5
3.06000000E+2	4.64834926E-9	2.01822824E-8	1.97607256E-7	3.73486986E-5
3.06500000E+2	5.96181482E-9	2.86874485E-8	2.06047923E-7	5.30880921E-5
3.07000000E+2	5.12041022E-9	2.47148083E-8	1.95474050E-7	4.57364488E-5
3.07500000E+2	4.91292139E-9	2.47646871E-8	2.49614454E-7	4.58287529E-5
3.08000000E+2	5.12845692E-9	1.94306287E-8	2.03493636E-7	3.59577118E-5
3.08500000E+2	4.33743524E-9	1.86692066E-8	2.64181977E-7	3.45486480E-5
3.09000000E+2	4.93041757E-9	2.28378545E-8	2.42033808E-7	4.22630170E-5
3.09500000E+2	5.06257998E-9	2.87960814E-8	1.89003105E-7	5.32891248E-5
3.10000000E+2	3.07284040E-8	2.63835409E-8	2.44234734E-7	4.88245531E-5
3.10500000E+2	6.46674018E-9	2.25211023E-8	2.37371262E-7	4.16768454E-5
3.11000000E+2	4.88924995E-9	2.35841735E-8	2.30895275E-7	4.36441316E-5
3.11500000E+2	4.99365937E-9	1.74635511E-8	2.40271508E-7	3.23174998E-5
3.12000000E+2	4.34199384E-9	1.85534256E-8	2.49655603E-7	3.43343874E-5
3.12500000E+2	5.53509861E-9	2.52212344E-8	2.42214397E-7	4.66736251E-5
3.13000000E+2	4.27343696E-9	1.84119290E-8	2.36328264E-7	3.40725382E-5
3.13500000E+2	6.28514773E-9	2.46587463E-8	3.20265112E-7	4.56327023E-5
3.14000000E+2	5.10830721E-9	2.04416768E-8	2.94280336E-7	3.78287258E-5
3.14500000E+2	5.35839349E-9	1.87911770E-8	2.28506975E-7	3.47743626E-5
3.15000000E+2	3.88731231E-8	1.87678680E-8	2.09612173E-7	3.47312278E-5
3.15500000E+2	4.44434404E-9	1.79345004E-8	2.15402748E-7	3.31890237E-5
3.16000000E+2	4.97135065E-9	2.19516254E-8	2.16074097E-7	4.06229892E-5
3.16500000E+2	4.38378008E-9	2.48643833E-8	2.70087607E-7	4.60132477E-5
3.17000000E+2	4.61566205E-9	1.97810946E-8	2.12216594E-7	3.66062731E-5
3.17500000E+2	6.48061971E-9	1.86529506E-8	2.38774058E-7	3.45185652E-5
3.18000000E+2	5.06259209E-9	2.10951946E-8	1.95937605E-7	3.90381053E-5
3.18500000E+2	4.55768669E-9	1.86034341E-8	2.23313902E-7	3.44269315E-5
3.19000000E+2	7.33262640E-9	2.12749251E-8	2.00300815E-7	3.93707090E-5
3.19500000E+2	4.27169476E-9	2.44646219E-8	1.92101465E-7	4.52734617E-5
3.20000000E+2	2.90237406E-8	3.68555339E-8	3.09869126E-7	6.82036948E-5
3.20500000E+2	5.61328966E-9	2.30483196E-8	2.06898151E-7	4.26524972E-5
3.21000000E+2	6.02761571E-9	2.67571090E-8	2.42227054E-7	4.95158664E-5
3.21500000E+2	4.02152510E-9	2.20226944E-8	2.46315209E-7	4.07545074E-5
3.22000000E+2	4.58647165E-9	2.25360626E-8	2.05533790E-7	4.17045304E-5
3.22500000E+2	5.08504771E-9	2.01002087E-8	2.22675889E-7	3.71968156E-5
3.23000000E+2	4.44493508E-9	3.34990769E-8	3.32681445E-7	6.19923407E-5
3.23500000E+2	4.82290113E-9	1.80445790E-8	2.02699599E-7	3.33927319E-5
3.24000000E+2	4.04933265E-9	1.79711070E-8	2.31154209E-7	3.32567669E-5
3.24500000E+2	3.75062336E-9	2.53453743E-8	2.35978415E-7	4.69033544E-5
3.25000000E+2	1.96038045E-8	2.42164795E-8	2.42334922E-7	4.48142572E-5
3.25500000E+2	5.01960251E-9	2.24801286E-8	2.12093222E-7	4.16010207E-5
3.26000000E+2	4.14522355E-9	2.40631661E-8	2.91259948E-7	4.45305402E-5
3.26500000E+2	4.28944356E-9	2.38721146E-8	1.82563661E-7	4.41769863E-5
3.27000000E+2	4.57528752E-9	2.34433849E-8	2.21489068E-7	4.33835926E-5
3.27500000E+2	4.42640744E-9	1.98283685E-8	1.81480066E-7	3.66937566E-5
3.28000000E+2	5.06671142E-9	2.15426970E-8	2.03663187E-7	3.98662392E-5
3.28500000E+2	4.35354366E-9	2.64907078E-8	2.07174066E-7	4.90228728E-5
3.29000000E+2	5.23748681E-9	1.85518951E-8	2.65343693E-7	3.43315550E-5
3.29500000E+2	5.27405009E-9	3.45097565E-8	3.34038808E-7	6.38626727E-5
3.30000000E+2	3.03855307E-8	1.74686563E-8	2.17907997E-7	3.23269473E-5
3.30500000E+2	4.83039242E-9	2.49272780E-8	2.84980751E-7	4.61296387E-5
3.31000000E+2	4.44604013E-9	2.03272599E-8	2.74582150E-7	3.76169894E-5
3.31500000E+2	4.75242041E-9	1.78328160E-8	2.13606845E-7	3.30008498E-5
3.32000000E+2	5.59550435E-9	1.88568743E-8	1.89234816E-7	3.48959400E-5
3.32500000E+2	4.71079608E-9	2.00243859E-8	2.38134836E-7	3.70565002E-5
3.33000000E+2	4.47790551E-9	1.80583940E-8	3.71126079E-7	3.34182975E-5
3.33500000E+2	6.49270461E-9	2.02721129E-8	6.64958147E-7	3.75149361E-5
3.34000000E+2	5.73327049E-9	3.05813732E-8	3.38095212E-7	5.65929299E-5
3.34500000E+2	6.04207891E-9	1.76978070E-8	1.97960549E-7	3.27510065E-5
3.35000000E+2	2.10069926E-8	1.93542128E-8	2.47750842E-7	3.58162990E-5
3.35500000E+2	4.39235853E-9	2.76261132E-8	2.77221105E-7	5.11240183E-5
3.36000000E+2	5.71532101E-9	2.00175340E-8	2.19966256E-7	3.70438205E-5
3.36500000E+2	5.45205486E-9	1.91564155E-8	2.00957130E-7	3.54502615E-5
3.37000000E+2	4.08668092E-9	1.79169048E-8	2.34648589E-7	3.31564618E-5
3.37500000E+2	6.33515358E-9	1.77330839E-8	2.65112890E-7	3.28162888E-5
3.38000000E+2	7.03811394E-9	1.82396028E-8	2.12773132E-7	3.37536367E-5
3.38500000E+2	5.41354425E-9	2.33027118E-8	3.96636749E-7	4.31232673E-5
3.39000000E+2	4.43460712E-9	2.70473484E-8	2.14364810E-7	5.00529743E-5
3.39500000E+2	5.73797371E-9	1.96016701E-8	2.21113288E-7	3.62742357E-5
3.40000000E+2	2.91427777E-8	1.84729058E-8	2.07915516E-7	3.41853799E-5
3.40500000E+2	4.47794679E-9	3.27943614E-8	3.86841258E-7	6.06882163E-5
3.41000000E+2	4.64862991E-9	1.89113933E-8	2.83500278E-7	3.49968311E-5
3.41500000E+2	4.77876561E-9	1.84460241E-8	1.92375757E-7	3.41356335E-5
3.42000000E+2	4.02932441E-9	1.73855336E-8	2.02059012E-7	3.21731230E-5
3.42500000E+2	4.21696739E-9	2.14028029E-8	2.38548839E-7	3.96073556E-5
3.43000000E+2	5.03660589E-9	2.06256897E-8	2.64705863E-7	3.81692543E-5
3.43500000E+2	3.96658868E-9	1.89589097E-8	2.26040737E-7	3.50847635E-5
3.44000000E+2	4.20679502E-9	1.80438119E-8	2.33277736E-7	3.33913121E-5
3.44500000E+2	4.89993985E-9	2.44154864E-8	3.84961703E-7	4.51825330E-5
3.45000000E+2	3.75567596E-8	1.95744636E-8	3.44619966E-7	3.62238883E-5
3.45500000E+2	5.35522072E-9	1.75852966E-8	3.23194419E-7	3.25427982E-5
3.46000000E+2	4.47720533E-9	1.82945443E-8	4.06438880E-7	3.38553097E-5
3.46500000E+2	4.88271705E-9	1.96749526E-8	2.99055583E-7	3.64098501E-5
3.47000000E+2	4.05297949E-9	2.11573366E-8	4.65411877E-7	3.91531034E-5
3.47500000E+2	4.80182138E-9	1.80144856E-8	5.08815693E-7	3.33370418E-5
3.48000000E+2	4.46184325E-9	2.17961182E-8	4.52304836E-7	4.03352125E-5
3.48500000E+2	6.90750962E-9	1.90354036E-8	6.99249591E-7	3.52263207E-5
3.49000000E+2	4.36703824E-9	2.08007081E-8	9.16863593E-7	3.84931377E-5
3.49500000E+2	4.70746191E-9	2.22836547E-8	2.24204241E-6	4.12374323E-5
3.50000000E+2	4.32566767E-8	2.23776524E-8	5.47876870E-6	4.14113815E-5
3.50500000E+2	5.16647266E-9	1.80338924E-8	2.01476726E-6	3.33729556E-5
3.51000000E+2	7.51248259E-9	2.13171252E-8	1.21547232E-6	3.94488030E-5
3.51500000E+2	5.24011284E-9	2.02666705E-8	8.13587283E-7	3.75048645E-5
3.52000000E+2	4.43199802E-9	2.10636656E-8	4.79342175E-7	3.89797587E-5
3.52500000E+2	4.35061838E-9	2.29411532E-8	4.56104501E-7	4.24541783E-5
3.53000000E+2	4.71222927E-9	2.03116705E-8	3.42379595E-7	3.75881403E-5
3.53500000E+2	4.83980462E-9	2.21149812E-8	3.10570471E-7	4.09252905E-5
3.54000000E+2	4.51064280E-9	1.95885227E-8	2.49185871E-7	3.62499055E-5
3.54500000E+2	6.54780903E-9	1.91615611E-8	2.67222296E-7	3.54597838E-5
3.55000000E+2	2.75352355E-8	1.65829285E-8	4.17666954E-7	3.06878472E-5
3.55500000E+2	5.26972393E-9	1.95382433E-8	3.05380092E-7	3.61568601E-5
3.56000000E+2	4.20533395E-9	2.38230354E-8	2.16939479E-7	4.40861620E-5
3.56500000E+2	5.96759477E-9	1.77886352E-8	2.14596733E-7	3.29190902E-5
3.57000000E+2	4.72563095E-9	2.42026752E-8	2.35004586E-7	4.47887114E-5
3.57500000E+2	5.40311482E-9	2.03887507E-8	2.30843721E-7	3.77307825E-5
3.58000000E+2	4.75668338E-9	2.08238461E-8	2.13849993E-7	3.85359562E-5
3.58500000E+2	4.62367300E-9	2.26974860E-8	3.03066077E-7	4.20032556E-5
3.59000000E+2	5.44533677E-9	2.47873877E-8	3.44038530E-7	4.58707620E-5
3.59500000E+2	5.31654463E-9	1.92861286E-8	2.71887741E-7	3.56903045E-5
3.60000000E+2	3.61499959E-8	1.43606531E-8	2.31293372E-7	2.65753741E-5
3.60500000E+2	5.56062741E-9	1.96942472E-8	2.25331374E-7	3.64455561E-5
3.61000000E+2	4.52914382E-9	1.75101234E-8	2.27310361E-7	3.24036850E-5
3.61500000E+2	7.67119468E-9	1.70469000E-8	2.21658383E-7	3.15464583E-5
3.62000000E+2	4.92215533E-9	2.53443111E-8	3.02552527E-7	4.69013870E-5
3.62500000E+2	4.20644042E-9	1.66648875E-8	2.19483821E-7	3.08395179E-5
3.63000000E+2	4.45396584E-9	1.89809616E-8	2.45315905E-7	3.51255720E-5
3.63500000E+2	6.80409890E-9	1.85015292E-8	1.94497587E-7	3.42383495E-5
3.64000000E+2	4.68389184E-9	2.52456254E-8	2.30752008E-7	4.67187624E-5
3.64500000E+2	4.63553008E-9	2.74155500E-8	2.17763932E-7	5.07343567E-5
3.65000000E+2	2.85138462E-8	1.89266597E-8	1.97697046E-7	3.50250827E-5
3.65500000E+2	5.05072865E-9	2.74842365E-8	2.45071890E-7	5.08614657E-5
3.66000000E+2	7.53519974E-9	1.78237249E-8	1.95171584E-7	3.29840261E-5
3.66500000E+2	5.08241665E-9	2.00624572E-8	2.30869580E-7	3.71269539E-5
3.67000000E+2	4.19368250E-9	2.90961338E-8	2.07358128E-7	5.38443924E-5
3.67500000E+2	5.41368111E-9	1.97851755E-8	2.27821678E-7	3.66138251E-5
3.68000000E+2	5.42662667E-9	3.20919948E-8	2.21028414E-7	5.93884387E-5
3.68500000E+2	4.43576189E-9	2.90055360E-8	2.55459392E-7	5.36767349E-5
3.69000000E+2	4.14229231E-9	2.12310003E-8	2.09996310E-7	3.92894231E-5
3.69500000E+2	4.73956524E-9	1.63279362E-8	2.01485732E-7	3.02159665E-5
3.70000000E+2	3.06784646E-8	2.78973667E-8	2.07060957E-7	5.16259917E-5
3.70500000E+2	3.99651010E-9	2.39011053E-8	1.72836787E-7	4.42306357E-5
3.71000000E+2	4.25419588E-9	2.45039311E-8	1.97099118E-7	4.53462061E-5
3.71500000E+2	4.37253811E-9	2.21475730E-8	1.81571805E-7	4.09856037E-5
3.72000000E+2	5.97460166E-9	1.84320544E-8	3.10021645E-7	3.41097816E-5
3.72500000E+2	5.34777185E-9	2.37804349E-8	1.94006403E-7	4.40073267E-5
3.73000000E+2	4.85500259E-9	2.25286249E-8	2.79876449E-7	4.16907664E-5
3.73500000E+2	4.27837045E-9	2.88871050E-8	2.40832906E-7	5.34575702E-5
3.74000000E+2	4.31956416E-9	1.62785253E-8	1.92597449E-7	3.01245283E-5
3.74500000E+2	4.29904611E-9	2.01450796E-8	2.08547946E-7	3.72798523E-5
3.75000000E+2	2.62162511E-8	2.41443820E-8	1.94213354E-7	4.46808358E-5
3.75500000E+2	5.32695262E-9	2.23412144E-8	2.01371136E-7	4.13439505E-5
3.76000000E+2	6.25870786E-9	1.90713306E-8	1.89497630E-7	3.52928060E-5
3.76500000E+2	4.56217265E-9	1.81187735E-8	1.99948385E-7	3.35300338E-5
3.77000000E+2	4.31013118E-9	2.61371468E-8	2.53945191E-7	4.83685839E-5
3.77500000E+2	4.43149012E-9	2.10251631E-8	2.18721525E-7	3.89085072E-5
3.78000000E+2	4.36595315E-9	1.90045228E-8	1.91873147E-7	3.51691737E-5
3.78500000E+2	5.02599490E-9	2.27703517E-8	2.39956249E-7	4.21380984E-5
3.79000000E+2	4.69390785E-9	2.52420991E-8	2.28023219E-7	4.67122366E-5
3.79500000E+2	4.10690480E-9	1.74089034E-8	1.85524478E-7	3.22163704E-5
3.80000000E+2	2.31793539E-8	2.85860857E-8	1.83592201E-7	5.29005133E-5
3.80500000E+2	4.10980101E-9	1.85726761E-8	2.15247569E-7	3.43700117E-5
3.81000000E+2	5.22261480E-9	1.89023226E-8	2.31386397E-7	3.49800453E-5
3.81500000E+2	5.91434211E-9	1.76953218E-8	1.99093788E-7	3.27464074E-5
3.82000000E+2	6.71060875E-9	2.03286070E-8	1.90035663E-7	3.76194823E-5
3.82500000E+2	6.95088803E-9	2.07920971E-8	2.41297760E-7	3.84772025E-5
3.83000000E+2	4.94474292E-9	2.51382095E-8	2.31653891E-7	4.65199818E-5
3.83500000E+2	4.68170932E-9	1.69277747E-8	1.92437954E-7	3.13260088E-5
3.84000000E+2	8.64378971E-9	2.11131827E-8	2.74616318E-7	3.90713935E-5
3.84500000E+2	7.27917587E-9	1.76441153E-8	2.40570928E-7	3.26516461E-5
3.85000000E+2	3.02919164E-8	1.57000180E-8	1.90507151E-7	2.90539608E-5
3.85500000E+2	5.28343323E-9	1.79034866E-8	2.57001941E-7	3.31316307E-5
3.86000000E+2	4.90870068E-9	1.78418116E-8	1.94685201E-7	3.30174968E-5
3.86500000E+2	5.82620568E-9	1.83846186E-8	1.91430844E-7	3.40219984E-5
3.87000000E+2	4.53846990E-9	2.40757304E-8	2.62559424E-7	4.45537913E-5
3.87500000E+2	8.06079539E-9	2.13280066E-8	2.36344864E-7	3.94689398E-5
3.88000000E+2	6.07117980E-9	1.95748503E-8	1.99885477E-7	3.62246039E-5
3.88500000E+2	4.75720110E-9	2.36230692E-8	1.97131928E-7	4.37161108E-5
3.89000000E+2	4.71649011E-9	2.27807791E-8	1.77890718E-7	4.21573950E-5
3.89500000E+2	4.10372754E-9	1.85432875E-8	1.98559888E-7	3.43156260E-5
3.90000000E+2	4.70562293E-8	2.14248864E-8	2.17786569E-7	3.96482227E-5
3.90500000E+2	4.34925776E-9	1.88797900E-8	2.46206607E-7	3.49383470E-5
3.91000000E+2	6.97551097E-9	2.11116285E-8	2.00059715E-7	3.90685174E-5
3.91500000E+2	4.66125961E-9	1.96465785E-8	3.09573498E-7	3.63573418E-5
3.92000000E+2	4.84460857E-9	2.49902017E-8	2.36396572E-7	4.62460832E-5
3.92500000E+2	4.90651042E-9	2.42936441E-8	2.95034183E-7	4.49570556E-5
3.93000000E+2	5.76979975E-9	2.41909373E-8	2.25223420E-7	4.47669895E-5
3.93500000E+2	5.82252162E-9	2.96325812E-8	2.36697419E-7	5.48371252E-5
3.94000000E+2	5.28327214E-9	1.94960322E-8	1.79220387E-7	3.60787456E-5
3.94500000E+2	4.81906609E-9	1.78291641E-8	1.96893417E-7	3.29940917E-5
3.95000000E+2	2.83961229E-8	2.24590258E-8	3.63899110E-7	4.15619685E-5
3.95500000E+2	5.87701915E-9	2.20104456E-8	2.26216660E-7	4.07318402E-5
3.96000000E+2	4.81563751E-9	1.82802477E-8	2.17392290E-7	3.38288529E-5
3.96500000E+2	4.55416654E-9	1.70316161E-8	2.29682685E-7	3.15181744E-5
3.97000000E+2	8.25518678E-9	1.90794438E-8	2.34480389E-7	3.53078200E-5
3.97500000E+2	4.17783438E-9	2.50841215E-8	2.75685655E-7	4.64198882E-5
3.98000000E+2	4.20457940E-9	1.81726100E-8	2.32786750E-7	3.36296620E-5
3.98500000E+2	6.19763736E-9	2.71905370E-8	3.42745317E-7	5.03179548E-5
3.99000000E+2	4.52420421E-9	2.03983316E-8	2.62661806E-7	3.77485125E-5
3.99500000E+2	6.45274099E-9	1.70988566E-8	3.39897965E-7	3.16426075E-5
4.00000000E+2	2.53578598E-8	2.49596067E-8	3.78601358E-7	4.61894652E-5
4.00500000E+2	5.15133087E-9	2.73369216E-8	3.02831933E-7	5.05888495E-5
4.01000000E+2	5.23050126E-9	2.09481019E-8	2.43390183E-7	3.87659002E-5
4.01500000E+2	4.40780317E-9	1.70798410E-8	2.18989394E-7	3.16074179E-5
4.02000000E+2	4.68322883E-9	2.25152138E-8	3.08905723E-7	4.16659483E-5
4.02500000E+2	5.63994877E-9	1.79883504E-8	2.63656622E-7	3.32886768E-5
4.03000000E+2	4.79862608E-9	1.73689397E-8	2.75372633E-7	3.21424148E-5
4.03500000E+2	5.62664465E-9	2.59431690E-8	2.64441405E-7	4.80096146E-5
4.04000000E+2	4.76828299E-9	2.59229379E-8	2.08058716E-7	4.79721756E-5
4.04500000E+2	6.00478507E-9	2.04241631E-8	2.16296616E-7	3.77963155E-5
4.05000000E+2	3.82824088E-8	1.89671761E-8	2.25205463E-7	3.51000611E-5
4.05500000E+2	5.50082696E-9	2.10860737E-8	2.02430309E-7	3.90212264E-5
4.06000000E+2	4.20470753E-9	1.94196857E-8	2.02531817E-7	3.59374612E-5
4.06500000E+2	4.82865118E-9	1.67215434E-8	2.14874629E-7	3.09443636E-5
4.07000000E+2	6.25739523E-9	1.79373505E-8	1.98699920E-7	3.31942982E-5
4.07500000E+2	5.01272740E-9	2.58563204E-8	1.90814463E-7	4.78488954E-5
4.08000000E+2	4.82341141E-9	2.27644575E-8	2.15963627E-7	4.21271908E-5
4.08500000E+2	4.26825919E-9	1.94660238E-8	3.17612369E-7	3.60232130E-5
4.09000000E+2	4.73265524E-9	2.44869881E-8	3.50313610E-7	4.53148520E-5
4.09500000E+2	5.20025103E-9	1.84077949E-8	2.21127469E-7	3.40648877E-5
4.10000000E+2	3.67512063E-8	1.89106328E-8	1.99054752E-7	3.49954238E-5
4.10500000E+2	3.94243757E-9	1.81050994E-8	2.03150490E-7	3.35047289E-5
4.11000000E+2	4.87822286E-9	2.06258083E-8	1.83025962E-7	3.81694737E-5
4.11500000E+2	4.81458197E-9	2.43256732E-8	2.27522149E-7	4.50163277E-5
4.12000000E+2	5.00866082E-9	2.61747618E-8	2.14200060E-7	4.84381929E-5
4.12500000E+2	4.92511652E-9	1.89388096E-8	2.10479068E-7	3.50475668E-5
4.13000000E+2	4.46549029E-9	2.35728617E-8	2.47144097E-7	4.36231983E-5
4.13500000E+2	4.82133472E-9	1.99411375E-8	1.97085050E-7	3.69024433E-5
4.14000000E+2	5.71245757E-9	2.09656725E-8	2.28228805E-7	3.87984158E-5
4.14500000E+2	4.21289635E-9	2.17773186E-8	2.91191192E-7	4.03004225E-5
4.15000000E+2	4.23715829E-8	3.49130044E-8	2.69071400E-7	6.46089106E-5
4.15500000E+2	5.30852137E-9	1.90310983E-8	2.09381442E-7	3.52183534E-5
4.16000000E+2	4.24117459E-9	1.83540225E-8	2.12503202E-7	3.39653783E-5
4.16500000E+2	4.43798410E-9	1.88939360E-8	2.32736244E-7	3.49645252E-5
4.17000000E+2	4.18098489E-9	2.66731939E-8	1.85838369E-7	4.93605758E-5
4.17500000E+2	5.07700989E-9	2.64461015E-8	2.05978692E-7	4.89403258E-5
4.18000000E+2	6.74365921E-9	2.05896457E-8	1.93798490E-7	3.81025523E-5
4.18500000E+2	5.51895266E-9	1.67933234E-8	1.92507403E-7	3.10771975E-5
4.19000000E+2	4.67500686E-9	1.86568858E-8	2.57472233E-7	3.45258476E-5
4.19500000E+2	4.80273651E-9	1.75477035E-8	2.11915509E-7	3.24732296E-5
4.20000000E+2	3.88420507E-8	1.81620956E-8	2.86724932E-7	3.36102043E-5
4.20500000E+2	4.72971439E-9	1.79260868E-8	1.79950761E-7	3.31734539E-5
4.21000000E+2	4.49679277E-9	1.61247056E-8	1.93414496E-7	2.98398743E-5
4.21500000E+2	4.70945011E-9	2.43478626E-8	2.03311043E-7	4.50573906E-5
4.22000000E+2	5.33992994E-9	2.00897551E-8	2.15450966E-7	3.71774705E-5
4.22500000E+2	4.44781837E-9	2.19075753E-8	2.48612868E-7	4.05414715E-5
4.23000000E+2	5.43174923E-9	1.88589785E-8	2.07837500E-7	3.48998340E-5
4.23500000E+2	5.70261512E-9	2.49488774E-8	1.97049234E-7	4.61696098E-5
4.24000000E+2	4.75251337E-9	1.94189564E-8	2.18294939E-7	3.59361115E-5
4.24500000E+2	4.41176566E-9	2.06975598E-8	1.78237608E-7	3.83022548E-5
4.25000000E+2	2.54559709E-8	1.82392396E-8	2.14342253E-7	3.37529645E-5
4.25500000E+2	4.37256176E-9	1.75649374E-8	1.98588272E-7	3.25051220E-5
4.26000000E+2	4.86653261E-9	1.83067162E-8	2.76971550E-7	3.38778347E-5
4.26500000E+2	6.06908361E-9	2.41527995E-8	3.02694783E-7	4.46964129E-5
4.27000000E+2	5.00191195E-9	1.91959014E-8	2.21340815E-7	3.55233329E-5
4.27500000E+2	4.17967094E-9	1.95074510E-8	1.97024670E-7	3.60998767E-5
4.28000000E+2	4.80925502E-9	2.36136304E-8	1.98021972E-7	4.36986435E-5
4.28500000E+2	4.53394309E-9	2.39436446E-8	2.68592036E-7	4.43093575E-5
4.29000000E+2	4.91814152E-9	1.80232676E-8	2.55169593E-7	3.33532935E-5
4.29500000E+2	7.50436580E-9	1.83331835E-8	1.94802695E-7	3.39268141E-5
4.30000000E+2	3.37611643E-8	2.42937496E-8	1.90576386E-7	4.49572509E-5
4.30500000E+2	4.27505947E-9	2.39544117E-8	2.02226164E-7	4.43292828E-5
4.31000000E+2	7.13976008E-9	1.87922624E-8	2.00496180E-7	3.47763712E-5
4.31500000E+2	4.80346512E-9	2.01903375E-8	1.83533351E-7	3.73636052E-5
4.32000000E+2	4.59384999E-9	1.93145981E-8	2.25941623E-7	3.57429893E-5
4.32500000E+2	4.24787027E-9	1.81359879E-8	2.02546936E-7	3.35618902E-5
4.33000000E+2	5.34249122E-9	1.70325664E-8	2.00560563E-7	3.15199330E-5
4.33500000E+2	4.54258495E-9	1.93728008E-8	2.72270620E-7	3.58506974E-5
4.34000000E+2	4.85847779E-9	1.96316423E-8	2.36361406E-7	3.63297013E-5
4.34500000E+2	4.51794366E-9	2.00954030E-8	1.94966442E-7	3.71879223E-5
4.35000000E+2	2.10431635E-8	2.06957362E-8	1.97123786E-7	3.82988801E-5
4.35500000E+2	4.87768546E-9	2.10448596E-8	1.87321078E-7	3.89449568E-5
4.36000000E+2	4.91435801E-9	2.00666327E-8	2.16068999E-7	3.71346809E-5
4.36500000E+2	4.58852724E-9	1.54686872E-8	2.19362838E-7	2.86258673E-5
4.37000000E+2	4.71357320E-9	1.93334429E-8	1.91969995E-7	3.57778628E-5
4.37500000E+2	4.28159327E-9	1.64058313E-8	2.11814618E-7	3.03601166E-5
4.38000000E+2	4.35974878E-9	1.96639187E-8	1.79868993E-7	3.63894310E-5
4.38500000E+2	5.54130821E-9	1.93286921E-8	2.95546631E-7	3.57690713E-5
4.39000000E+2	4.41747803E-9	2.43116867E-8	2.65552933E-7	4.49904446E-5
4.39500000E+2	4.32319908E-9	2.40105823E-8	2.08400477E-7	4.44332303E-5
4.40000000E+2	4.72323441E-8	2.22299840E-8	1.96167373E-7	4.11381110E-5
4.40500000E+2	5.33090880E-9	1.92457769E-8	2.13715642E-7	3.56156310E-5
4.41000000E+2	4.42017924E-9	2.03220081E-8	2.05495108E-7	3.76072705E-5
4.41500000E+2	4.63340900E-9	2.05103209E-8	2.46854578E-7	3.79557565E-5
4.42000000E+2	4.20263025E-9	2.00304593E-8	1.90043299E-7	3.70677395E-5
4.42500000E+2	4.54952172E-9	1.67165486E-8	3.27056963E-7	3.09351204E-5
4.43000000E+2	5.86632986E-9	2.80599853E-8	3.09051329E-7	5.19269286E-5
4.43500000E+2	5.53177521E-9	1.86297906E-8	1.88341370E-7	3.44757060E-5
4.44000000E+2	4.54857150E-9	2.01056264E-8	2.39482256E-7	3.72068415E-5
4.44500000E+2	4.63218032E-9	1.79960142E-8	1.78277281E-7	3.33028593E-5
4.45000000E+2	2.35478773E-8	1.77144393E-8	2.55683010E-7	3.27817856E-5
4.45500000E+2	4.76397416E-9	2.32368453E-8	2.31772992E-7	4.30013768E-5
4.46000000E+2	7.27575541E-9	1.75315076E-8	3.31685068E-7	3.24432579E-5
4.46500000E+2	6.61981801E-9	2.03574046E-8	2.94475854E-7	3.76727743E-5
4.47000000E+2	4.70118285E-9	2.28422930E-8	2.87525177E-7	4.22712308E-5
4.47500000E+2	4.25310940E-9	1.83977402E-8	3.49197837E-7	3.40462809E-5
4.48000000E+2	5.07242166E-9	2.47628736E-8	3.32128549E-7	4.58253969E-5
4.48500000E+2	6.71174271E-9	1.81046084E-8	6.56999827E-7	3.35038203E-5
4.49000000E+2	4.68453343E-9	2.46844208E-8	7.85031454E-7	4.56802146E-5
4.49500000E+2	5.02318228E-9	2.47938901E-8	9.03101697E-7	4.58827952E-5
4.50000000E+2	4.17238096E-8	2.46027148E-8	2.31745292E-6	4.55290122E-5
4.50500000E+2	5.31914366E-9	2.04338567E-8	1.00516111E-6	3.78142541E-5
4.51000000E+2	4.70806562E-9	2.06534466E-8	7.60864081E-7	3.82206203E-5
4.51500000E+2	3.88852578E-9	1.98119722E-8	3.75008110E-7	3.66634141E-5
4.52000000E+2	4.52136235E-9	2.16685677E-8	2.89966758E-7	4.00991716E-5
4.52500000E+2	5.09728847E-9	1.75991171E-8	4.08359489E-7	3.25683740E-5
4.53000000E+2	4.88209577E-9	2.23146398E-8	3.92027585E-7	4.12947723E-5
4.53500000E+2	4.49119766E-9	1.73688677E-8	3.47580063E-7	3.21422817E-5
4.54000000E+2	6.21156538E-9	1.83912587E-8	3.32219376E-7	3.40342864E-5
4.54500000E+2	5.27055593E-9	2.25953796E-8	2.13260700E-7	4.18143006E-5
4.55000000E+2	1.67840094E-8	2.49591693E-8	1.94767228E-7	4.61886557E-5
4.55500000E+2	5.26161430E-9	2.02553034E-8	2.00998229E-7	3.74838290E-5
4.56000000E+2	5.46895682E-9	1.93135140E-8	1.95050119E-7	3.57409831E-5
4.56500000E+2	4.27701304E-9	1.80799915E-8	1.91801829E-7	3.34582651E-5
4.57000000E+2	5.49707265E-9	1.75802424E-8	1.98027115E-7	3.25334450E-5
4.57500000E+2	4.94257499E-9	2.29171037E-8	2.51088898E-7	4.24096732E-5
4.58000000E+2	4.50742395E-9	2.32576781E-8	2.43225474E-7	4.30399295E-5
4.58500000E+2	4.79363841E-9	1.76008562E-8	1.82326067E-7	3.25715922E-5
4.59000000E+2	4.66271187E-9	2.03042971E-8	1.95973393E-7	3.75744953E-5
4.59500000E+2	5.26750448E-9	2.82506269E-8	1.93057950E-7	5.22797239E-5
4.60000000E+2	3.12519580E-8	2.39685864E-8	2.25846842E-7	4.43555140E-5
4.60500000E+2	6.60150185E-9	2.21271543E-8	1.89930740E-7	4.09478175E-5
4.61000000E+2	4.58671119E-9	2.81376748E-8	2.44281788E-7	5.20706982E-5
4.61500000E+2	4.26830355E-9	1.61390552E-8	1.88494847E-7	2.98664292E-5
4.62000000E+2	4.91053051E-9	1.73169033E-8	1.75833571E-7	3.20461179E-5
4.62500000E+2	7.61229400E-9	2.42898826E-8	2.15662820E-7	4.49500947E-5
4.63000000E+2	4.57406643E-9	2.77678506E-8	2.02087716E-7	5.13863131E-5
4.63500000E+2	6.19036043E-9	2.32340097E-8	2.36163864E-7	4.29961294E-5
4.64000000E+2	4.78565693E-9	2.22205351E-8	1.93868937E-7	4.11206251E-5
4.64500000E+2	4.86255063E-9	2.47987262E-8	2.12289942E-7	4.58917448E-5
4.65000000E+2	2.91929312E-8	2.49984095E-8	1.80761268E-7	4.62612723E-5
4.65500000E+2	4.23348208E-9	1.91850304E-8	2.10240526E-7	3.55032153E-5
4.66000000E+2	5.31483609E-9	1.78765471E-8	2.28132280E-7	3.30817773E-5
4.66500000E+2	6.50917054E-9	1.87895905E-8	1.80691484E-7	3.47714267E-5
4.67000000E+2	4.49965917E-9	1.96974514E-8	2.29372992E-7	3.64514855E-5
4.67500000E+2	4.96033526E-9	1.78486888E-8	1.71495933E-7	3.30302235E-5
4.68000000E+2	5.63024901E-9	1.90528025E-8	2.27782638E-7	3.52585186E-5
4.68500000E+2	5.33764218E-9	2.35304039E-8	2.31384440E-7	4.35446272E-5
4.69000000E+2	4.64683114E-9	2.37263889E-8	1.79434863E-7	4.39073108E-5
4.69500000E+2	6.10028824E-9	1.78861864E-8	2.25733241E-7	3.30996154E-5
4.70000000E+2	2.19933746E-8	1.77131763E-8	2.03793160E-7	3.27794483E-5
4.70500000E+2	4.39926802E-9	1.82695858E-8	2.14581581E-7	3.38091224E-5
4.71000000E+2	5.44457935E-9	1.93043098E-8	1.89277776E-7	3.57239500E-5
4.71500000E+2	4.37184251E-9	2.17613039E-8	2.03608532E-7	4.02707862E-5
4.72000000E+2	5.02486436E-9	2.33531453E-8	2.27178198E-7	4.32165980E-5
4.72500000E+2	4.57469230E-9	1.92740834E-8	2.13954509E-7	3.56680140E-5
4.73000000E+2	5.41772579E-9	1.57345059E-8	2.07012943E-7	2.91177830E-5
4.73500000E+2	5.82136974E-9	2.41464442E-8	2.27338390E-7	4.46846521E-5
4.74000000E+2	6.10163029E-9	2.07127689E-8	1.97178682E-7	3.83304003E-5
4.74500000E+2	4.61593131E-9	2.25542766E-8	2.45448578E-7	4.17382367E-5
4.75000000E+2	2.50738183E-8	1.82135501E-8	1.99356715E-7	3.37054243E-5
4.75500000E+2	5.70123101E-9	1.84281619E-8	2.70803988E-7	3.41025783E-5
4.76000000E+2	4.64392952E-9	2.78849026E-8	2.76844120E-7	5.16029259E-5
4.76500000E+2	4.33440418E-9	1.76122824E-8	2.51777034E-7	3.25927373E-5
4.77000000E+2	5.11038306E-9	2.57620201E-8	3.05377855E-7	4.76743862E-5
4.77500000E+2	6.53858933E-9	1.82798261E-8	3.61132008E-7	3.38280726E-5
4.78000000E+2	5.38813298E-9	2.73879074E-8	4.07103162E-7	5.06832022E-5
4.78500000E+2	4.92659026E-9	2.83725240E-8	3.49169657E-7	5.25053028E-5
4.79000000E+2	5.06160630E-9	2.68219891E-8	4.10976538E-7	4.96359315E-5
4.79500000E+2	5.31953158E-9	1.99615320E-8	3.95233508E-7	3.69401848E-5
4.80000000E+2	2.85928831E-8	2.77100338E-8	4.90216637E-7	5.12793192E-5
4.80500000E+2	4.42807656E-9	2.17497112E-8	5.36223721E-7	4.02493331E-5
4.81000000E+2	8.84099278E-9	1.89136811E-8	3.33356533E-7	3.50010648E-5
4.81500000E+2	5.88868221E-9	2.03640094E-8	4.38305185E-7	3.76849969E-5
4.82000000E+2	4.77758552E-9	2.37439208E-8	3.40248566E-7	4.39397550E-5
4.82500000E+2	5.90031256E-9	2.11099401E-8	4.97564484E-7	3.90653928E-5
4.83000000E+2	5.47044103E-9	2.02729137E-8	4.92381589E-7	3.75164181E-5
4.83500000E+2	4.51752037E-9	2.89945244E-8	4.28202365E-7	5.36563572E-5
4.84000000E+2	4.34466151E-9	1.76755694E-8	3.06174694E-7	3.27098541E-5
4.84500000E+2	5.25622424E-9	2.55967495E-8	2.93742934E-7	4.73685416E-5
4.85000000E+2	2.07740088E-8	1.84963031E-8	3.07921365E-7	3.42286781E-5
4.85500000E+2	4.85524496E-9	2.10515560E-8	2.58617330E-7	3.89573491E-5
4.86000000E+2	4.78401073E-9	1.72680507E-8	2.14255029E-7	3.19557128E-5
4.86500000E+2	5.44828883E-9	2.16748490E-8	2.12378449E-7	4.01107956E-5
4.87000000E+2	5.46351137E-9	2.74075628E-8	2.94671953E-7	5.07195759E-5
4.87500000E+2	5.07405816E-9	1.82922697E-8	2.65486324E-7	3.38511004E-5
4.88000000E+2	4.84614904E-9	1.81769093E-8	1.97194684E-7	3.36376180E-5
4.88500000E+2	4.26799825E-9	2.25623579E-8	2.09455652E-7	4.17531917E-5
4.89000000E+2	4.59082988E-9	2.45879311E-8	2.28012891E-7	4.55016539E-5
4.89500000E+2	7.58831332E-9	1.67533960E-8	1.95618304E-7	3.10033090E-5
4.90000000E+2	3.31991256E-8	2.15724879E-8	1.95954546E-7	3.99213694E-5
4.90500000E+2	4.90646614E-9	2.54937997E-8	2.16211923E-7	4.71780259E-5
4.91000000E+2	4.36192326E-9	1.92054287E-8	2.42737367E-7	3.55409639E-5
4.91500000E+2	6.54943112E-9	1.75523918E-8	2.01007732E-7	3.24819056E-5
4.92000000E+2	5.87263417E-9	2.29472154E-8	3.06395216E-7	4.24653969E-5
4.92500000E+2	4.94055166E-9	2.48130060E-8	2.26413967E-7	4.59181704E-5
4.93000000E+2	4.91687627E-9	1.93281642E-8	1.87056059E-7	3.57680942E-5
4.93500000E+2	6.06253185E-9	2.21176438E-8	2.05292341E-7	4.09302177E-5
4.94000000E+2	4.79104461E-9	1.81519460E-8	2.20549921E-7	3.35914218E-5
4.94500000E+2	5.52226556E-9	2.56409835E-8	2.19034468E-7	4.74503997E-5
4.95000000E+2	3.82165185E-8	1.89337587E-8	1.87038656E-7	3.50382199E-5
4.95500000E+2	4.88555143E-9	2.01460100E-8	3.14232843E-7	3.72815741E-5
4.96000000E+2	4.80723135E-9	1.97700809E-8	2.49189586E-7	3.65858914E-5
4.96500000E+2	4.34400151E-9	2.19401180E-8	2.15213063E-7	4.06016940E-5
4.97000000E+2	6.14547638E-9	2.47862126E-8	2.71989117E-7	4.58685874E-5
4.97500000E+2	5.31815310E-9	2.00982299E-8	2.04828647E-7	3.71931537E-5
4.98000000E+2	4.96774332E-9	2.02130825E-8	2.07055429E-7	3.74056964E-5
4.98500000E+2	4.63327505E-9	1.88509256E-8	3.23148270E-7	3.48849315E-5
4.99000000E+2	4.28209652E-9	1.62742942E-8	3.97773316E-7	3.01166982E-5
4.99500000E+2	5.46760101E-9	1.98513113E-8	5.29216303E-7	3.67362138E-5
