0.00000000E+0	2.40610579E-8	1.39242574E-7	3.44946454E-3	9.32167259E-4
5.00000000E-1	4.46718926E-9	2.89902776E-7	8.25364363E-5	1.94077047E-3
1.00000000E+0	4.20802807E-9	1.80972566E-7	3.66306306E-5	1.21153104E-3
1.50000000E+0	5.40158782E-9	1.66395964E-7	2.11534968E-5	1.11394716E-3
2.00000000E+0	5.29545896E-9	1.18281382E-7	2.44762111E-5	7.91841381E-4
2.50000000E+0	4.34966078E-9	1.20372241E-7	3.00311018E-5	8.05838752E-4
3.00000000E+0	5.76291367E-9	1.32726640E-7	1.42083209E-5	8.88545970E-4
3.50000000E+0	4.38706024E-9	1.09498285E-7	1.19726711E-5	7.33042437E-4
4.00000000E+0	6.55073502E-9	1.18246453E-7	1.20315674E-5	7.91607544E-4
4.50000000E+0	4.55259789E-9	9.03640266E-8	1.15854088E-5	6.04947068E-4
5.00000000E+0	3.43991208E-3	5.13809378E-7	1.17585854E-5	3.43972583E-3
5.50000000E+0	4.53087818E-9	7.65233141E-8	8.46743507E-6	5.12289638E-4
6.00000000E+0	5.91002658E-9	1.06079410E-7	7.11768097E-6	7.10154591E-4
6.50000000E+0	4.76065532E-9	1.06467358E-7	6.03678443E-6	7.12751727E-4
7.00000000E+0	5.02473255E-9	9.14979525E-8	6.02078807E-6	6.12538199E-4
7.50000000E+0	5.00010586E-9	7.65656192E-8	5.75386849E-6	5.12572853E-4
8.00000000E+0	4.80755400E-9	6.06552523E-8	4.68589874E-6	4.06060005E-4
8.50000000E+0	4.72196946E-9	7.39475166E-8	4.72407028E-6	4.95045817E-4
9.00000000E+0	4.21605964E-9	5.73003968E-8	4.75565911E-6	3.83600736E-4
9.50000000E+0	5.81359725E-9	7.02608225E-8	4.16392429E-6	4.70365035E-4
1.00000000E+1	2.01963872E-8	5.85939698E-8	3.86297445E-6	3.92260633E-4
1.05000000E+1	4.76935479E-9	7.94360064E-8	3.71353294E-6	5.31788821E-4
1.10000000E+1	4.59152775E-9	6.83819860E-8	3.62262788E-6	4.57787059E-4
1.15000000E+1	5.40897938E-9	5.60322840E-8	3.47102999E-6	3.75111283E-4
1.20000000E+1	4.64768398E-9	6.20915769E-8	3.71326020E-6	4.15675561E-4
1.25000000E+1	5.29525950E-9	6.50106435E-8	3.47694764E-6	4.35217416E-4
1.30000000E+1	4.50967142E-9	5.34052628E-8	3.11985535E-6	3.57524542E-4
1.35000000E+1	5.91361261E-9	9.96941840E-8	2.94369427E-6	6.67408333E-4
1.40000000E+1	4.76539669E-9	4.62789755E-8	3.10212472E-6	3.09817209E-4
1.45000000E+1	5.05086005E-9	7.57398502E-8	2.84230335E-6	5.07044695E-4
1.50000000E+1	1.66284937E-8	5.34920473E-8	2.83926587E-6	3.58105525E-4
1.55000000E+1	4.63653102E-9	4.66069744E-8	2.71777152E-6	3.12013016E-4
1.60000000E+1	4.54246876E-9	4.79598842E-8	2.63572767E-6	3.21070147E-4
1.65000000E+1	4.39443970E-9	4.39549087E-8	2.59004215E-6	2.94258613E-4
1.70000000E+1	4.76387378E-9	6.06267261E-8	2.32593673E-6	4.05869035E-4
1.75000000E+1	4.52928458E-9	4.88351779E-8	2.64288979E-6	3.26929851E-4
1.80000000E+1	4.24493051E-9	5.23703902E-8	2.27841770E-6	3.50596528E-4
1.85000000E+1	4.30049941E-9	4.53496434E-8	2.25853380E-6	3.03595743E-4
1.90000000E+1	6.03435505E-9	4.60128565E-8	2.36136542E-6	3.08035661E-4
1.95000000E+1	4.47554429E-9	4.23939228E-8	2.31778865E-6	2.83808505E-4
2.00000000E+1	2.46182578E-8	5.40217383E-8	1.96229101E-6	3.61651571E-4
2.05000000E+1	6.37701560E-9	4.91567791E-8	2.22021788E-6	3.29082828E-4
2.10000000E+1	4.92148780E-9	3.86902122E-8	2.22447598E-6	2.59013806E-4
2.15000000E+1	4.62014060E-9	3.86090102E-8	2.06153220E-6	2.58470194E-4
2.20000000E+1	4.28758869E-9	4.14080177E-8	1.97738181E-6	2.77208308E-4
2.25000000E+1	4.46082346E-9	5.26054976E-8	1.84275861E-6	3.52170468E-4
2.30000000E+1	6.48583966E-9	4.52222985E-8	2.07176608E-6	3.02743226E-4
2.35000000E+1	4.10643290E-9	4.27146021E-8	2.08214083E-6	2.85955311E-4
2.40000000E+1	4.33746094E-9	4.93360864E-8	1.72606949E-6	3.30283211E-4
2.45000000E+1	8.27151633E-9	6.24051867E-8	1.83222806E-6	4.17775039E-4
2.50000000E+1	1.77141386E-8	5.17652673E-8	1.75251178E-6	3.46545499E-4
2.55000000E+1	4.37677490E-9	5.95460196E-8	1.81858029E-6	3.98634184E-4
2.60000000E+1	4.27004299E-9	5.21672888E-8	1.88109977E-6	3.49236855E-4
2.65000000E+1	4.48153341E-9	3.68518648E-8	1.90882653E-6	2.46706886E-4
2.70000000E+1	3.88423940E-9	5.78692041E-8	1.86567492E-6	3.87408648E-4
2.75000000E+1	4.82899833E-9	4.34507199E-8	1.95921609E-6	2.90883293E-4
2.80000000E+1	4.58544565E-9	3.77897677E-8	1.78872333E-6	2.52985730E-4
2.85000000E+1	4.04818962E-9	4.51612940E-8	1.94160352E-6	3.02334828E-4
2.90000000E+1	5.16426956E-9	3.17416813E-8	1.76745093E-6	2.12496474E-4
2.95000000E+1	6.45501259E-9	6.47730148E-8	1.83461210E-6	4.33626597E-4
3.00000000E+1	2.97603598E-8	4.01120347E-8	1.93761632E-6	2.68532277E-4
3.05000000E+1	4.71544344E-9	4.14653864E-8	1.87224066E-6	2.77592366E-4
3.10000000E+1	4.76461448E-9	3.91793379E-8	1.80012421E-6	2.62288285E-4
3.15000000E+1	4.24864962E-9	3.88689589E-8	1.69730987E-6	2.60210436E-4
3.20000000E+1	4.40213775E-9	4.13117670E-8	1.79735442E-6	2.76563953E-4
3.25000000E+1	4.43863464E-9	4.41581687E-8	1.97639133E-6	2.95619349E-4
3.30000000E+1	5.92315269E-9	4.02439382E-8	1.89303193E-6	2.69415312E-4
3.35000000E+1	3.96194215E-9	3.22978018E-8	1.84060965E-6	2.16219454E-4
3.40000000E+1	4.79062592E-9	3.30353709E-8	2.01993234E-6	2.21157152E-4
3.45000000E+1	4.86486015E-9	4.44892788E-8	1.77490865E-6	2.97835984E-4
3.50000000E+1	2.81613341E-8	3.85645140E-8	2.00856947E-6	2.58172312E-4
3.55000000E+1	4.43942995E-9	4.16523710E-8	1.99417379E-6	2.78844145E-4
3.60000000E+1	4.05593456E-9	4.18673151E-8	1.90433541E-6	2.80283100E-4
3.65000000E+1	1.00724733E-8	3.71276287E-8	2.05673787E-6	2.48553003E-4
3.70000000E+1	5.18237211E-9	3.51286345E-8	2.12431005E-6	2.35170623E-4
3.75000000E+1	6.31799528E-9	3.46800745E-8	2.12897469E-6	2.32167713E-4
3.80000000E+1	5.49852676E-9	3.69756115E-8	2.15814839E-6	2.47535315E-4
3.85000000E+1	4.65001073E-9	3.22300033E-8	2.18580099E-6	2.15765573E-4
3.90000000E+1	4.48253283E-9	3.78374976E-8	2.32517803E-6	2.53305260E-4
3.95000000E+1	4.54765204E-9	4.38963451E-8	2.23976415E-6	2.93866556E-4
4.00000000E+1	3.22622067E-8	3.35367385E-8	2.22370340E-6	2.24513586E-4
4.05000000E+1	4.75024738E-9	3.86812012E-8	2.45306881E-6	2.58953481E-4
4.10000000E+1	5.82968081E-9	3.61564870E-8	2.58454681E-6	2.42051640E-4
4.15000000E+1	5.55724498E-9	3.54289993E-8	2.57449369E-6	2.37181433E-4
4.20000000E+1	4.88584265E-9	3.60687749E-8	2.67635976E-6	2.41464446E-4
4.25000000E+1	5.07318185E-9	3.53980876E-8	2.83604981E-6	2.36974492E-4
4.30000000E+1	4.68659412E-9	3.83506418E-8	3.09415937E-6	2.56740533E-4
4.35000000E+1	5.33402559E-9	3.23720941E-8	2.92975114E-6	2.16716808E-4
4.40000000E+1	4.85901759E-9	3.18029936E-8	3.33232500E-6	2.12906933E-4
4.45000000E+1	4.84215367E-9	3.41998731E-8	3.58709730E-6	2.28952978E-4
4.50000000E+1	3.44785465E-8	2.87837677E-8	3.96283976E-6	1.92694555E-4
4.55000000E+1	4.29876559E-9	3.83043536E-8	4.30476801E-6	2.56430654E-4
4.60000000E+1	5.11282927E-9	4.18085676E-8	4.81079972E-6	2.79889812E-4
4.65000000E+1	5.88742030E-9	4.02966079E-8	5.29121298E-6	2.69767913E-4
4.70000000E+1	5.41972353E-9	2.80697748E-8	6.14234404E-6	1.87914690E-4
4.75000000E+1	5.85844723E-9	3.23148885E-8	7.30133649E-6	2.16333842E-4
4.80000000E+1	4.59777611E-9	3.25974151E-8	9.04120566E-6	2.18225233E-4
4.85000000E+1	4.69620558E-9	3.19058795E-8	1.16239110E-5	2.13595709E-4
4.90000000E+1	4.70442228E-9	3.58940813E-8	1.67402024E-5	2.40294950E-4
4.95000000E+1	5.15801033E-9	3.25734473E-8	3.24885820E-5	2.18064779E-4
5.00000000E+1	4.95909042E-8	1.00366883E-7	5.53321603E-4	6.71911756E-4
5.05000000E+1	5.84358068E-9	3.36037521E-8	3.60959257E-5	2.24962212E-4
5.10000000E+1	5.70675300E-9	3.00276890E-8	1.72472268E-5	2.01022056E-4
5.15000000E+1	5.46438921E-9	4.31916801E-8	1.12283881E-5	2.89149137E-4
5.20000000E+1	5.09835710E-9	3.45061781E-8	8.43578096E-6	2.31003554E-4
5.25000000E+1	4.67343550E-9	4.21585759E-8	6.53759320E-6	2.82232962E-4
5.30000000E+1	5.24864785E-9	2.93292860E-8	5.41339091E-6	1.96346558E-4
5.35000000E+1	8.27245772E-9	3.49283327E-8	4.63489169E-6	2.33829691E-4
5.40000000E+1	4.55222954E-9	3.11758335E-8	4.05742957E-6	2.08708374E-4
5.45000000E+1	6.14915142E-9	2.68961140E-8	3.68174385E-6	1.80057551E-4
5.50000000E+1	2.02122424E-8	2.96142718E-8	2.97689346E-6	1.98254411E-4
5.55000000E+1	6.41585608E-9	3.11939461E-8	3.04251980E-6	2.08829630E-4
5.60000000E+1	4.49362416E-9	2.71912056E-8	2.34774875E-6	1.82033058E-4
5.65000000E+1	4.61553711E-9	4.35213111E-8	2.31949944E-6	2.91355870E-4
5.70000000E+1	3.97659987E-9	3.14550633E-8	2.17345201E-6	2.10577694E-4
5.75000000E+1	5.00258659E-9	3.67791048E-8	1.94737936E-6	2.46219789E-4
5.80000000E+1	4.06143270E-9	2.73963572E-8	1.76630499E-6	1.83406457E-4
5.85000000E+1	4.26997407E-9	3.73419844E-8	1.63469149E-6	2.49988019E-4
5.90000000E+1	5.17427867E-9	3.56154984E-8	1.64719919E-6	2.38429961E-4
5.95000000E+1	4.26204008E-9	2.84396154E-8	1.61283896E-6	1.90390608E-4
6.00000000E+1	2.18563660E-8	3.28397409E-8	1.50310662E-6	2.19847496E-4
6.05000000E+1	4.74897388E-9	3.26349826E-8	1.37141577E-6	2.18476730E-4
6.10000000E+1	4.75603040E-9	3.85562197E-8	1.34224112E-6	2.58116786E-4
6.15000000E+1	4.17535120E-9	4.23473045E-8	1.22439935E-6	2.83496416E-4
6.20000000E+1	5.91225048E-9	3.07862809E-8	1.23124134E-6	2.06100492E-4
6.25000000E+1	6.09808313E-9	3.73441155E-8	1.22528178E-6	2.50002286E-4
6.30000000E+1	7.14022438E-9	2.73292445E-8	1.04572496E-6	1.82957168E-4
6.35000000E+1	5.66976275E-9	3.11836830E-8	1.05109740E-6	2.08760923E-4
6.40000000E+1	4.25527693E-9	2.82284012E-8	1.02245365E-6	1.88976622E-4
6.45000000E+1	4.47648193E-9	2.98381382E-8	9.61079488E-7	1.99753097E-4
6.50000000E+1	2.29883643E-8	3.43953961E-8	9.60619084E-7	2.30261917E-4
6.55000000E+1	7.44612537E-9	3.25684079E-8	9.33044323E-7	2.18031042E-4
6.60000000E+1	4.27304076E-9	2.72095583E-8	8.70172365E-7	1.82155921E-4
6.65000000E+1	3.95378415E-9	2.39239388E-8	8.35511682E-7	1.60160156E-4
6.70000000E+1	4.67364908E-9	3.59257592E-8	8.69071705E-7	2.40507020E-4
6.75000000E+1	4.89312344E-9	3.16554204E-8	8.62375313E-7	2.11918996E-4
6.80000000E+1	4.33113045E-9	3.00582753E-8	8.12128587E-7	2.01226818E-4
6.85000000E+1	6.03229554E-9	4.28118945E-8	7.51507873E-7	2.86606640E-4
6.90000000E+1	5.76632568E-9	3.12043886E-8	8.06503272E-7	2.08899538E-4
6.95000000E+1	3.95250000E-9	3.11383552E-8	7.23061837E-7	2.08457473E-4
7.00000000E+1	3.48000943E-8	2.82442169E-8	7.40915617E-7	1.89082502E-4
7.05000000E+1	4.17069851E-9	3.43697905E-8	6.92561786E-7	2.30090500E-4
7.10000000E+1	4.23461645E-9	3.26803690E-8	6.99135754E-7	2.18780572E-4
7.15000000E+1	4.58751341E-9	3.34980176E-8	6.82303716E-7	2.24254367E-4
7.20000000E+1	4.38718984E-9	2.68722095E-8	6.43964630E-7	1.79897521E-4
7.25000000E+1	4.77278482E-9	2.98887134E-8	6.66963864E-7	2.00091676E-4
7.30000000E+1	5.58531019E-9	3.79496115E-8	6.25416302E-7	2.54055813E-4
7.35000000E+1	4.23748247E-9	2.81862603E-8	6.37729579E-7	1.88694508E-4
7.40000000E+1	4.23140563E-9	3.58568347E-8	6.37659427E-7	2.40045600E-4
7.45000000E+1	6.27453508E-9	4.74268482E-8	6.15987806E-7	3.17501708E-4
7.50000000E+1	2.47369720E-8	2.85804642E-8	5.78937656E-7	1.91333528E-4
7.55000000E+1	4.78372838E-9	2.88534518E-8	5.81474051E-7	1.93161059E-4
7.60000000E+1	7.07054844E-9	2.79689693E-8	5.40071714E-7	1.87239841E-4
7.65000000E+1	4.05438185E-9	2.99122112E-8	6.10502770E-7	2.00248984E-4
7.70000000E+1	5.18290419E-9	4.53947440E-8	6.04133097E-7	3.03897672E-4
7.75000000E+1	4.31303664E-9	2.77908674E-8	5.34117088E-7	1.86047528E-4
7.80000000E+1	4.73014670E-9	3.01576104E-8	6.12585217E-7	2.01891823E-4
7.85000000E+1	4.24710089E-9	2.41219793E-8	4.82261684E-7	1.61485950E-4
7.90000000E+1	6.00321764E-9	2.45829019E-8	5.02461427E-7	1.64571622E-4
7.95000000E+1	5.61578820E-9	2.43981157E-8	5.10378474E-7	1.63334561E-4
8.00000000E+1	3.25636937E-8	2.72344236E-8	5.10565554E-7	1.82322383E-4
8.05000000E+1	4.84350046E-9	2.78452991E-8	5.32880925E-7	1.86411924E-4
8.10000000E+1	6.80866283E-9	3.03504740E-8	4.86841105E-7	2.03182958E-4
8.15000000E+1	4.15884161E-9	2.20644954E-8	4.70967170E-7	1.47712008E-4
8.20000000E+1	5.48548569E-9	3.02378666E-8	5.38606114E-7	2.02429102E-4
8.25000000E+1	5.14949930E-9	2.68318679E-8	4.99709916E-7	1.79627452E-4
8.30000000E+1	4.07069478E-9	2.64281866E-8	4.37763748E-7	1.76924985E-4
8.35000000E+1	4.69011865E-9	2.65319376E-8	4.60952374E-7	1.77619552E-4
8.40000000E+1	6.58761621E-9	3.57868911E-8	4.61402888E-7	2.39577359E-4
8.45000000E+1	4.42206685E-9	3.03130547E-8	4.44108735E-7	2.02932453E-4
8.50000000E+1	1.53909005E-8	2.70003035E-8	4.61763194E-7	1.80755053E-4
8.55000000E+1	6.22864308E-9	2.38650299E-8	4.61268917E-7	1.59765788E-4
8.60000000E+1	4.19248856E-9	2.63704129E-8	4.29019411E-7	1.76538215E-4
8.65000000E+1	7.62230961E-9	2.97791597E-8	4.32475562E-7	1.99358263E-4
8.70000000E+1	4.86545319E-9	2.96093656E-8	4.58595658E-7	1.98221566E-4
8.75000000E+1	4.33641359E-9	2.43007940E-8	4.13482358E-7	1.62683035E-4
8.80000000E+1	4.28958004E-9	3.12239166E-8	4.25502515E-7	2.09030269E-4
8.85000000E+1	4.33265850E-9	3.53865335E-8	4.61408277E-7	2.36897143E-4
8.90000000E+1	5.06598907E-9	2.54793187E-8	4.17657476E-7	1.70572735E-4
8.95000000E+1	4.43747127E-9	3.68143637E-8	4.14555767E-7	2.46455832E-4
9.00000000E+1	3.35188288E-8	2.39401915E-8	5.03889228E-7	1.60268961E-4
9.05000000E+1	5.76843663E-9	2.61593499E-8	4.28973351E-7	1.75125242E-4
9.10000000E+1	4.45605566E-9	2.28308629E-8	3.90683648E-7	1.52842498E-4
9.15000000E+1	4.70738735E-9	2.32511134E-8	4.00256662E-7	1.55655889E-4
9.20000000E+1	6.94556173E-9	3.38857638E-8	4.52605082E-7	2.26850155E-4
9.25000000E+1	5.21894429E-9	3.13644641E-8	4.09488999E-7	2.09971172E-4
9.30000000E+1	5.11819075E-9	2.46372571E-8	3.94766402E-7	1.64935506E-4
9.35000000E+1	5.59764405E-9	2.51981344E-8	3.91835715E-7	1.68690330E-4
9.40000000E+1	4.75554065E-9	3.21370838E-8	4.14688674E-7	2.15143519E-4
9.45000000E+1	4.56533382E-9	2.80211682E-8	4.06398051E-7	1.87589290E-4
9.50000000E+1	2.22599068E-8	2.40754265E-8	4.09276809E-7	1.61174299E-4
9.55000000E+1	4.46659708E-9	2.98113440E-8	4.19312452E-7	1.99573722E-4
9.60000000E+1	5.02494943E-9	2.91839132E-8	4.64083211E-7	1.95373352E-4
9.65000000E+1	4.32566318E-9	3.48314402E-8	4.48574966E-7	2.33181039E-4
9.70000000E+1	4.35989899E-9	3.30439873E-8	4.56354516E-7	2.21214835E-4
9.75000000E+1	5.22289059E-9	3.33896166E-8	3.79217501E-7	2.23528670E-4
9.80000000E+1	6.41599968E-9	2.57513447E-8	4.62936196E-7	1.72393828E-4
9.85000000E+1	4.45149182E-9	2.46658844E-8	4.24553761E-7	1.65127153E-4
9.90000000E+1	5.75896608E-9	3.29442690E-8	3.87119437E-7	2.20547265E-4
9.95000000E+1	5.89535932E-9	2.31049790E-8	4.26925735E-7	1.54677584E-4
1.00000000E+2	2.74344934E-8	3.03366264E-8	1.89265868E-6	2.03090255E-4
1.00500000E+2	3.74576258E-9	2.26735536E-8	5.45301411E-7	1.51789383E-4
1.01000000E+2	5.99884435E-9	2.45163267E-8	4.02414065E-7	1.64125930E-4
1.01500000E+2	5.05050289E-9	2.34697238E-8	3.89095537E-7	1.57119388E-4
1.02000000E+2	4.40583192E-9	4.27774571E-8	3.58086291E-7	2.86376097E-4
1.02500000E+2	4.81490163E-9	2.61250415E-8	5.14236144E-7	1.74895563E-4
1.03000000E+2	4.57477130E-9	2.35924643E-8	3.78850371E-7	1.57941082E-4
1.03500000E+2	5.50979909E-9	2.85867524E-8	3.32141094E-7	1.91375625E-4
1.04000000E+2	4.74068242E-9	2.57610239E-8	3.89803578E-7	1.72458626E-4
1.04500000E+2	4.37948105E-9	3.49026157E-8	3.73336997E-7	2.33657528E-4
1.05000000E+2	2.67463336E-8	2.30097354E-8	4.08291112E-7	1.54039971E-4
1.05500000E+2	5.69417113E-9	2.67305223E-8	5.22786855E-7	1.78948988E-4
1.06000000E+2	9.10666733E-9	2.17356462E-8	4.42219077E-7	1.45510508E-4
1.06500000E+2	4.49964278E-9	2.61691623E-8	3.28016639E-7	1.75190932E-4
1.07000000E+2	4.63852755E-9	2.31990604E-8	3.44082978E-7	1.55307417E-4
1.07500000E+2	6.34174189E-9	2.71238727E-8	3.93616898E-7	1.81582294E-4
1.08000000E+2	6.34413477E-9	2.23370954E-8	3.27612276E-7	1.49536944E-4
1.08500000E+2	3.99112990E-9	2.35991484E-8	3.74320802E-7	1.57985829E-4
1.09000000E+2	5.76802155E-9	2.12901100E-8	3.24604591E-7	1.42527841E-4
1.09500000E+2	5.06948889E-9	2.14923398E-8	3.23575059E-7	1.43881680E-4
1.10000000E+2	2.74042557E-8	2.57749872E-8	3.41078141E-7	1.72552105E-4
1.10500000E+2	4.87801740E-9	2.55946718E-8	3.49387032E-7	1.71344973E-4
1.11000000E+2	6.27365619E-9	2.46447538E-8	3.80694550E-7	1.64985693E-4
1.11500000E+2	5.76272019E-9	3.36152023E-8	3.42134389E-7	2.25038866E-4
1.12000000E+2	5.11758974E-9	2.46157032E-8	3.56529660E-7	1.64791212E-4
1.12500000E+2	5.14049555E-9	2.21076639E-8	3.31502931E-7	1.48001002E-4
1.13000000E+2	4.64703883E-9	2.28271399E-8	3.63632240E-7	1.52817575E-4
1.13500000E+2	4.48423799E-9	2.90946926E-8	3.41585515E-7	1.94776059E-4
1.14000000E+2	4.75655556E-9	2.35287346E-8	3.48274261E-7	1.57514440E-4
1.14500000E+2	4.55309224E-9	2.44530702E-8	3.09328797E-7	1.63702456E-4
1.15000000E+2	2.33817331E-8	2.19461585E-8	3.72193466E-7	1.46919795E-4
1.15500000E+2	4.83880281E-9	2.57911411E-8	3.20677177E-7	1.72660247E-4
1.16000000E+2	4.18553785E-9	2.51504343E-8	3.53580952E-7	1.68371000E-4
1.16500000E+2	4.69293329E-9	2.98730473E-8	3.14411699E-7	1.99986798E-4
1.17000000E+2	5.20081601E-9	2.16482431E-8	3.48280341E-7	1.44925383E-4
1.17500000E+2	5.74858276E-9	2.12340481E-8	2.88218011E-7	1.42152531E-4
1.18000000E+2	6.81504613E-9	2.84611041E-8	2.72083124E-7	1.90534465E-4
1.18500000E+2	5.27403007E-9	2.48701345E-8	2.91878633E-7	1.66494517E-4
1.19000000E+2	5.83043104E-9	2.35044753E-8	3.37981914E-7	1.57352035E-4
1.19500000E+2	5.77571548E-9	2.60628622E-8	3.38005727E-7	1.74479299E-4
1.20000000E+2	3.45092691E-8	2.76757616E-8	2.81724224E-7	1.85276946E-4
1.20500000E+2	5.76710384E-9	2.46440201E-8	2.88035111E-7	1.64980781E-4
1.21000000E+2	6.48079691E-9	2.22262472E-8	2.93932279E-7	1.48794864E-4
1.21500000E+2	4.63565295E-9	2.82771198E-8	3.06632327E-7	1.89302772E-4
1.22000000E+2	4.24685638E-9	3.14928926E-8	2.96013212E-7	2.10830944E-4
1.22500000E+2	8.70133939E-9	3.68606392E-8	3.19925147E-7	2.46765626E-4
1.23000000E+2	4.87131293E-9	2.31981560E-8	3.72273062E-7	1.55301363E-4
1.23500000E+2	4.76346495E-9	2.31533687E-8	2.71003320E-7	1.55001531E-4
1.24000000E+2	4.51744255E-9	3.49398668E-8	2.93887265E-7	2.33906907E-4
1.24500000E+2	4.45775168E-9	2.91525912E-8	3.68902425E-7	1.95163665E-4
1.25000000E+2	1.70292361E-8	3.19355359E-8	2.99139996E-7	2.13794245E-4
1.25500000E+2	4.11527632E-9	2.77178261E-8	2.81218619E-7	1.85558549E-4
1.26000000E+2	6.05955092E-9	2.50090275E-8	3.76538557E-7	1.67424344E-4
1.26500000E+2	5.51345782E-9	2.29474646E-8	2.66210660E-7	1.53623095E-4
1.27000000E+2	4.40574478E-9	2.67518477E-8	2.73825833E-7	1.79091752E-4
1.27500000E+2	4.95170440E-9	2.53973776E-8	3.18292230E-7	1.70024175E-4
1.28000000E+2	4.93979457E-9	3.03063768E-8	3.90034612E-7	2.02887747E-4
1.28500000E+2	4.82969028E-9	3.27299588E-8	3.49828482E-7	2.19112553E-4
1.29000000E+2	4.37306861E-9	2.31573443E-8	2.91269514E-7	1.55028147E-4
1.29500000E+2	4.48953528E-9	2.26901727E-8	3.68663397E-7	1.51900640E-4
1.30000000E+2	1.88503279E-8	2.55739894E-8	3.73039683E-7	1.71206513E-4
1.30500000E+2	6.05246366E-9	1.90062536E-8	2.86546622E-7	1.27238436E-4
1.31000000E+2	6.39863244E-9	3.03366585E-8	3.59586975E-7	2.03090470E-4
1.31500000E+2	5.11319293E-9	2.80672741E-8	3.46545727E-7	1.87897948E-4
1.32000000E+2	4.91636093E-9	2.17691401E-8	3.14720654E-7	1.45734735E-4
1.32500000E+2	4.46451199E-9	2.29430036E-8	3.20693552E-7	1.53593231E-4
1.33000000E+2	4.73956015E-9	2.77914201E-8	2.69914683E-7	1.86051228E-4
1.33500000E+2	5.04985413E-9	2.70326428E-8	2.56684924E-7	1.80971551E-4
1.34000000E+2	4.27196811E-9	2.59557642E-8	3.99592361E-7	1.73762326E-4
1.34500000E+2	4.70157093E-9	2.52591879E-8	2.45807242E-7	1.69099057E-4
1.35000000E+2	2.62086019E-8	2.30578523E-8	2.83403276E-7	1.54362092E-4
1.35500000E+2	4.85840921E-9	2.31516886E-8	2.71884289E-7	1.54990284E-4
1.36000000E+2	4.88570216E-9	2.34412420E-8	3.41886084E-7	1.56928715E-4
1.36500000E+2	4.67178767E-9	2.58634835E-8	2.47756231E-7	1.73144548E-4
1.37000000E+2	4.03012749E-9	2.46389769E-8	2.75021085E-7	1.64947019E-4
1.37500000E+2	5.26612096E-9	3.26054136E-8	2.74924265E-7	2.18278779E-4
1.38000000E+2	4.35954626E-9	2.40786855E-8	2.57142807E-7	1.61196117E-4
1.38500000E+2	4.90100406E-9	3.82650468E-8	2.49415607E-7	2.56167512E-4
1.39000000E+2	4.64166436E-9	2.26160750E-8	3.19771563E-7	1.51404589E-4
1.39500000E+2	4.47987197E-9	1.98598522E-8	2.88655835E-7	1.32952900E-4
1.40000000E+2	1.82891378E-8	2.96015357E-8	3.34481225E-7	1.98169149E-4
1.40500000E+2	4.61027021E-9	2.00907531E-8	2.82349469E-7	1.34498679E-4
1.41000000E+2	4.76872044E-9	3.06686583E-8	2.57434429E-7	2.05313061E-4
1.41500000E+2	6.75549896E-9	1.86392965E-8	3.02872644E-7	1.24781821E-4
1.42000000E+2	8.03307449E-9	2.38532524E-8	3.98534901E-7	1.59686943E-4
1.42500000E+2	4.38744257E-9	2.46225781E-8	3.12029182E-7	1.64837237E-4
1.43000000E+2	4.62455558E-9	2.08122588E-8	2.70903869E-7	1.39328840E-4
1.43500000E+2	4.23337623E-9	2.74585942E-8	4.07662103E-7	1.83823106E-4
1.44000000E+2	5.56885789E-9	2.75731488E-8	3.27476808E-7	1.84589999E-4
1.44500000E+2	3.98466647E-9	2.68155324E-8	3.61317785E-7	1.79518093E-4
1.45000000E+2	2.72429953E-8	2.28418848E-8	4.10641560E-7	1.52916285E-4
1.45500000E+2	4.30671980E-9	2.75622385E-8	3.07766733E-7	1.84516959E-4
1.46000000E+2	5.80884691E-9	2.60953217E-8	4.65005521E-7	1.74696602E-4
1.46500000E+2	5.56786298E-9	2.44595143E-8	5.48693301E-7	1.63745597E-4
1.47000000E+2	4.29708884E-9	2.83850395E-8	5.40931835E-7	1.90025247E-4
1.47500000E+2	4.25570900E-9	2.75066593E-8	4.94028700E-7	1.84144881E-4
1.48000000E+2	6.32721547E-9	1.94251627E-8	5.79108173E-7	1.30042846E-4
1.48500000E+2	4.02847016E-9	2.05067083E-8	1.16038705E-6	1.37283315E-4
1.49000000E+2	4.21387026E-9	2.13832368E-8	1.23938424E-6	1.43151284E-4
1.49500000E+2	7.61635675E-9	2.49924112E-8	1.71104457E-6	1.67313105E-4
1.50000000E+2	2.59211563E-8	2.92074725E-8	1.13905973E-5	1.95531070E-4
1.50500000E+2	7.68237911E-9	2.34203478E-8	2.45406982E-6	1.56788838E-4
1.51000000E+2	4.72065784E-9	2.33105654E-8	1.13537233E-6	1.56053894E-4
1.51500000E+2	4.55988042E-9	2.09498216E-8	8.33563043E-7	1.40249761E-4
1.52000000E+2	4.85344411E-9	2.50869449E-8	5.26308813E-7	1.67945966E-4
1.52500000E+2	4.35069203E-9	2.54518052E-8	4.66863586E-7	1.70388544E-4
1.53000000E+2	5.77810484E-9	2.28101359E-8	4.06475802E-7	1.52703740E-4
1.53500000E+2	4.65519493E-9	1.79513755E-8	3.48097036E-7	1.20176495E-4
1.54000000E+2	4.53139217E-9	2.59043008E-8	3.91880568E-7	1.73417802E-4
1.54500000E+2	7.51660510E-9	2.26336170E-8	3.28301059E-7	1.51522024E-4
1.55000000E+2	3.32658812E-8	2.69366878E-8	2.81021572E-7	1.80329174E-4
1.55500000E+2	4.99130591E-9	2.06476078E-8	2.64618604E-7	1.38226574E-4
1.56000000E+2	8.33746189E-9	2.34886723E-8	2.58455503E-7	1.57246240E-4
1.56500000E+2	4.17671232E-9	2.72017294E-8	2.93275801E-7	1.82103510E-4
1.57000000E+2	4.55574255E-9	2.11877660E-8	2.62957363E-7	1.41842694E-4
1.57500000E+2	4.09467221E-9	1.92136033E-8	2.59956365E-7	1.28626550E-4
1.58000000E+2	4.68311511E-9	2.00087860E-8	2.63318726E-7	1.33949945E-4
1.58500000E+2	4.68001927E-9	2.73313265E-8	2.95534102E-7	1.82971106E-4
1.59000000E+2	4.51556524E-9	2.34901627E-8	2.40883408E-7	1.57256218E-4
1.59500000E+2	6.53957736E-9	1.92190975E-8	2.55677983E-7	1.28663332E-4
1.60000000E+2	2.24910975E-8	2.33687397E-8	2.47775111E-7	1.56443345E-4
1.60500000E+2	4.39188015E-9	2.90357229E-8	3.56906455E-7	1.94381283E-4
1.61000000E+2	6.09441878E-9	2.23847115E-8	2.53827199E-7	1.49855713E-4
1.61500000E+2	5.24988983E-9	2.79217538E-8	2.45940959E-7	1.86923754E-4
1.62000000E+2	5.82337597E-9	2.54208976E-8	2.97762687E-7	1.70181632E-4
1.62500000E+2	6.44447404E-9	2.31225557E-8	2.62012435E-7	1.54795252E-4
1.63000000E+2	4.32305546E-9	2.41637058E-8	2.44392711E-7	1.61765290E-4
1.63500000E+2	5.14009983E-9	2.05543571E-8	2.30251461E-7	1.37602302E-4
1.64000000E+2	4.84525257E-9	2.02915138E-8	2.69985032E-7	1.35842683E-4
1.64500000E+2	5.79335000E-9	2.44522528E-8	3.49786900E-7	1.63696985E-4
1.65000000E+2	2.48863018E-8	1.83500797E-8	2.21289707E-7	1.22845643E-4
1.65500000E+2	6.20186565E-9	2.17096535E-8	4.10485670E-7	1.45336499E-4
1.66000000E+2	5.62382501E-9	1.96666913E-8	2.41305161E-7	1.31659774E-4
1.66500000E+2	5.43017497E-9	2.52046241E-8	2.11849107E-7	1.68733776E-4
1.67000000E+2	4.92097060E-9	3.47101727E-8	2.43987810E-7	2.32369207E-4
1.67500000E+2	5.70670142E-9	1.89318012E-8	2.39920548E-7	1.26740010E-4
1.68000000E+2	4.73483804E-9	2.25200652E-8	2.42806768E-7	1.50761845E-4
1.68500000E+2	5.70358668E-9	2.87776314E-8	2.44995374E-7	1.92653475E-4
1.69000000E+2	4.34435318E-9	2.31624276E-8	2.78657555E-7	1.55062177E-4
1.69500000E+2	5.16415548E-9	2.21386959E-8	2.39350676E-7	1.48208748E-4
1.70000000E+2	3.42773920E-8	1.91496772E-8	2.69002300E-7	1.28198593E-4
1.70500000E+2	4.40454047E-9	2.30716537E-8	2.25529126E-7	1.54454486E-4
1.71000000E+2	5.08280841E-9	2.71247055E-8	2.26636599E-7	1.81587869E-4
1.71500000E+2	4.43524828E-9	2.02706844E-8	2.63116933E-7	1.35703239E-4
1.72000000E+2	4.74481630E-9	2.15476800E-8	2.36001911E-7	1.44252158E-4
1.72500000E+2	5.38979990E-9	2.00417260E-8	2.38112257E-7	1.34170464E-4
1.73000000E+2	5.90573330E-9	3.03370242E-8	3.95974978E-7	2.03092918E-4
1.73500000E+2	8.15588068E-9	2.04123980E-8	2.78510952E-7	1.36651949E-4
1.74000000E+2	7.28319810E-9	2.70408526E-8	2.59848477E-7	1.81026512E-4
1.74500000E+2	4.97039502E-9	2.04254502E-8	2.91408586E-7	1.36739327E-4
1.75000000E+2	2.83650507E-8	2.00939737E-8	2.17712913E-7	1.34520239E-4
1.75500000E+2	4.19809851E-9	2.05137404E-8	2.21687542E-7	1.37330391E-4
1.76000000E+2	5.51052114E-9	2.09966985E-8	2.47237733E-7	1.40563581E-4
1.76500000E+2	4.43902538E-9	2.15252904E-8	2.62624168E-7	1.44102270E-4
1.77000000E+2	6.95126053E-9	2.13290803E-8	1.94047404E-7	1.42788730E-4
1.77500000E+2	4.88430004E-9	2.05953137E-8	2.42316042E-7	1.37876488E-4
1.78000000E+2	7.79669372E-9	2.29437747E-8	2.37591774E-7	1.53598393E-4
1.78500000E+2	7.69521351E-9	2.07757463E-8	2.75363518E-7	1.39084404E-4
1.79000000E+2	8.56820171E-9	2.06156798E-8	2.21359081E-7	1.38012830E-4
1.79500000E+2	5.94315044E-9	2.44551079E-8	2.80483942E-7	1.63716098E-4
1.80000000E+2	2.22520711E-8	2.11102959E-8	3.15984901E-7	1.41324066E-4
1.80500000E+2	4.39674610E-9	2.14138981E-8	2.21643363E-7	1.43356547E-4
1.81000000E+2	5.38291314E-9	2.32358630E-8	2.51539114E-7	1.55553794E-4
1.81500000E+2	5.49350313E-9	2.57057696E-8	2.11198681E-7	1.72088723E-4
1.82000000E+2	6.02539311E-9	2.05931248E-8	2.49293800E-7	1.37861835E-4
1.82500000E+2	4.26277251E-9	2.44778060E-8	3.49979248E-7	1.63868052E-4
1.83000000E+2	5.76674516E-9	2.69493523E-8	2.61342678E-7	1.80413958E-4
1.83500000E+2	5.03442274E-9	2.11758799E-8	2.47316769E-7	1.41763121E-4
1.84000000E+2	6.06795116E-9	2.09792921E-8	2.30205290E-7	1.40447053E-4
1.84500000E+2	6.30628257E-9	1.93984210E-8	2.20605511E-7	1.29863823E-4
1.85000000E+2	2.01460901E-8	1.99563736E-8	2.64721937E-7	1.33599068E-4
1.85500000E+2	6.38832104E-9	1.79720522E-8	1.95748469E-7	1.20314917E-4
1.86000000E+2	5.15999778E-9	2.06063124E-8	2.03419715E-7	1.37950120E-4
1.86500000E+2	4.52827201E-9	2.19938365E-8	2.37408234E-7	1.47238978E-4
1.87000000E+2	4.03236151E-9	2.29283938E-8	2.26362873E-7	1.53495424E-4
1.87500000E+2	7.81637620E-9	2.53245738E-8	2.53648942E-7	1.69536786E-4
1.88000000E+2	5.62629077E-9	2.04548839E-8	3.10223394E-7	1.36936373E-4
1.88500000E+2	6.45381387E-9	3.40787332E-8	3.20607034E-7	2.28142000E-4
1.89000000E+2	4.41441736E-9	1.84999168E-8	2.37104101E-7	1.23848736E-4
1.89500000E+2	4.63309122E-9	2.00088453E-8	2.21292236E-7	1.33950343E-4
1.90000000E+2	5.19533546E-8	2.32873026E-8	2.14248232E-7	1.55898160E-4
1.90500000E+2	7.49265762E-9	2.36256167E-8	2.59590888E-7	1.58163022E-4
1.91000000E+2	4.66021033E-9	1.97788969E-8	2.33536407E-7	1.32410940E-4
1.91500000E+2	5.69353943E-9	3.29751770E-8	2.09857774E-7	2.20754181E-4
1.92000000E+2	5.87672236E-9	2.17627857E-8	2.07133110E-7	1.45692195E-4
1.92500000E+2	5.72972911E-9	2.39042758E-8	2.67629042E-7	1.60028521E-4
1.93000000E+2	4.71723686E-9	2.06089123E-8	2.97881414E-7	1.37967525E-4
1.93500000E+2	3.98054597E-9	2.24021396E-8	2.66101481E-7	1.49972386E-4
1.94000000E+2	5.19011463E-9	2.40508365E-8	2.95487558E-7	1.61009680E-4
1.94500000E+2	5.20107477E-9	2.58886811E-8	2.73661443E-7	1.73313235E-4
1.95000000E+2	4.06765784E-8	2.54138505E-8	2.67958103E-7	1.70134455E-4
1.95500000E+2	4.53541418E-9	3.24723882E-8	2.93216470E-7	2.17388233E-4
1.96000000E+2	5.18825900E-9	2.22169194E-8	2.65305602E-7	1.48732419E-4
1.96500000E+2	4.24715308E-9	2.06347635E-8	2.44577464E-7	1.38140587E-4
1.97000000E+2	4.86716594E-9	2.52811881E-8	2.54072559E-7	1.69246339E-4
1.97500000E+2	4.43427767E-9	1.97066030E-8	4.26313333E-7	1.31926964E-4
1.98000000E+2	4.46583402E-9	2.18801662E-8	4.24791588E-7	1.46478006E-4
1.98500000E+2	4.97624256E-9	1.89561577E-8	4.32125147E-7	1.26903066E-4
1.99000000E+2	5.19439461E-9	2.46953946E-8	4.21745487E-7	1.65324711E-4
1.99500000E+2	5.20671833E-9	2.86402485E-8	3.31144829E-7	1.91733758E-4
2.00000000E+2	3.05276011E-8	1.89704080E-8	5.52814384E-7	1.26998465E-4
2.00500000E+2	4.34554907E-9	2.03384847E-8	2.95334239E-7	1.36157132E-4
2.01000000E+2	4.91114931E-9	1.92278788E-8	5.07547617E-7	1.28722118E-4
2.01500000E+2	4.75131708E-9	2.03682571E-8	3.10753272E-7	1.36356445E-4
2.02000000E+2	4.74558976E-9	2.04057947E-8	2.71183846E-7	1.36607742E-4
2.02500000E+2	7.16034410E-9	2.45272133E-8	4.15852804E-7	1.64198812E-4
2.03000000E+2	5.39118744E-9	2.12823356E-8	2.62538297E-7	1.42475795E-4
2.03500000E+2	4.91261941E-9	2.06070666E-8	2.99984658E-7	1.37955169E-4
2.04000000E+2	5.92706407E-9	2.26159810E-8	2.57313377E-7	1.51403959E-4
2.04500000E+2	5.32485791E-9	1.86565100E-8	2.54809334E-7	1.24897058E-4
2.05000000E+2	2.32418126E-8	2.03113732E-8	3.10490107E-7	1.35975632E-4
2.05500000E+2	5.36372656E-9	3.02909442E-8	2.68684458E-7	2.02784433E-4
2.06000000E+2	4.36228396E-9	1.79539067E-8	2.43982629E-7	1.20193440E-4
2.06500000E+2	4.39393868E-9	2.13876333E-8	2.12016532E-7	1.43180716E-4
2.07000000E+2	7.11922861E-9	2.07591339E-8	2.57261213E-7	1.38973192E-4
2.07500000E+2	5.09443172E-9	1.91579762E-8	2.58600403E-7	1.28254151E-4
2.08000000E+2	4.43655399E-9	1.84072022E-8	2.60893153E-7	1.23228052E-4
2.08500000E+2	5.14578532E-9	2.01935514E-8	2.30332774E-7	1.35186868E-4
2.09000000E+2	4.67538893E-9	2.31845649E-8	2.69295088E-7	1.55210376E-4
2.09500000E+2	4.05113494E-9	1.87926831E-8	2.52090377E-7	1.25808676E-4
2.10000000E+2	2.92565194E-8	2.21650699E-8	2.53527481E-7	1.48385310E-4
2.10500000E+2	4.33473650E-9	3.30409373E-8	2.59065871E-7	2.21194417E-4
2.11000000E+2	5.98312430E-9	1.90831494E-8	2.20836097E-7	1.27753219E-4
2.11500000E+2	6.97093302E-9	2.88551592E-8	2.81635711E-7	1.93172489E-4
2.12000000E+2	7.49762249E-9	2.93273744E-8	2.16191983E-7	1.96333760E-4
2.12500000E+2	6.21668453E-9	1.96610300E-8	2.06699051E-7	1.31621873E-4
2.13000000E+2	6.86135767E-9	2.02013989E-8	2.16387279E-7	1.35239403E-4
2.13500000E+2	4.93852809E-9	3.27180079E-8	2.22506652E-7	2.19032548E-4
2.14000000E+2	5.74090399E-9	2.46141899E-8	2.16647302E-7	1.64781082E-4
2.14500000E+2	6.20712441E-9	1.84781463E-8	2.27175868E-7	1.23702992E-4
2.15000000E+2	3.28733507E-8	3.05738998E-8	2.86279167E-7	2.04678695E-4
2.15500000E+2	4.91610738E-9	2.39119189E-8	2.20546165E-7	1.60079689E-4
2.16000000E+2	4.94091165E-9	2.61542335E-8	2.10080530E-7	1.75090990E-4
2.16500000E+2	6.14243667E-9	2.17658547E-8	2.32853028E-7	1.45712741E-4
2.17000000E+2	4.37709606E-9	2.11284948E-8	2.47758623E-7	1.41445899E-4
2.17500000E+2	4.90455698E-9	1.98519056E-8	2.37841025E-7	1.32899701E-4
2.18000000E+2	6.21373641E-9	2.69919058E-8	1.94166675E-7	1.80698834E-4
2.18500000E+2	3.98022579E-9	2.03291665E-8	2.39522120E-7	1.36094751E-4
2.19000000E+2	4.63896724E-9	2.72143104E-8	3.08241237E-7	1.82187735E-4
2.19500000E+2	4.86333545E-9	2.04928040E-8	2.09101745E-7	1.37190231E-4
2.20000000E+2	4.66734605E-8	1.81328952E-8	2.83544241E-7	1.21391689E-4
2.20500000E+2	6.59670989E-9	1.98960451E-8	2.17311157E-7	1.33195195E-4
2.21000000E+2	4.72678426E-9	2.62364509E-8	3.22873044E-7	1.75641399E-4
2.21500000E+2	5.48338221E-9	1.97749771E-8	2.26136723E-7	1.32384698E-4
2.22000000E+2	5.47475244E-9	2.51506156E-8	2.67789759E-7	1.68372213E-4
2.22500000E+2	4.94686327E-9	2.35896396E-8	1.90913852E-7	1.57922172E-4
2.23000000E+2	5.36803326E-9	2.14759479E-8	2.43658723E-7	1.43771943E-4
2.23500000E+2	7.37210135E-9	1.90821940E-8	2.01799170E-7	1.27746823E-4
2.24000000E+2	6.10207930E-9	1.94709719E-8	2.05283617E-7	1.30349519E-4
2.24500000E+2	5.02723518E-9	2.05266884E-8	2.25894366E-7	1.37417072E-4
2.25000000E+2	3.78107842E-8	1.99314667E-8	2.33482102E-7	1.33432327E-4
2.25500000E+2	7.81430092E-9	1.99091964E-8	2.12538486E-7	1.33283237E-4
2.26000000E+2	6.45102707E-9	2.36059759E-8	2.53727564E-7	1.58031536E-4
2.26500000E+2	4.39017838E-9	3.01214951E-8	3.62583696E-7	2.01650046E-4
2.27000000E+2	5.01328109E-9	2.85598984E-8	2.59754786E-7	1.91195849E-4
2.27500000E+2	7.10924050E-9	2.02304287E-8	2.32933590E-7	1.35433745E-4
2.28000000E+2	6.14168831E-9	2.35950941E-8	3.07553515E-7	1.57958687E-4
2.28500000E+2	4.09082039E-9	2.27077992E-8	2.76361368E-7	1.52018641E-4
2.29000000E+2	4.81572204E-9	3.10659349E-8	2.93486386E-7	2.07972652E-4
2.29500000E+2	4.31225260E-9	2.04363635E-8	2.99187701E-7	1.36812387E-4
2.30000000E+2	4.70490523E-8	2.19049413E-8	4.52866191E-7	1.46643864E-4
2.30500000E+2	4.19471732E-9	1.84694333E-8	2.98292508E-7	1.23644662E-4
2.31000000E+2	6.67642541E-9	2.27887625E-8	2.09033212E-7	1.52560655E-4
2.31500000E+2	6.18768649E-9	1.80981550E-8	2.48558025E-7	1.21159119E-4
2.32000000E+2	5.82328943E-9	2.24609044E-8	2.30338395E-7	1.50365790E-4
2.32500000E+2	4.69701015E-9	1.92373224E-8	2.05868620E-7	1.28785339E-4
2.33000000E+2	4.31706150E-9	2.57454335E-8	2.85686359E-7	1.72354255E-4
2.33500000E+2	7.57942779E-9	1.88543534E-8	2.14203150E-7	1.26221531E-4
2.34000000E+2	5.44602055E-9	2.08944274E-8	2.54258141E-7	1.39878921E-4
2.34500000E+2	4.64267696E-9	2.57019070E-8	3.13068243E-7	1.72062865E-4
2.35000000E+2	4.83326438E-8	2.13051209E-8	2.39953885E-7	1.42628332E-4
2.35500000E+2	4.67964151E-9	2.27643110E-8	2.25108669E-7	1.52396963E-4
2.36000000E+2	4.58488530E-9	3.28632641E-8	3.15876910E-7	2.20004974E-4
2.36500000E+2	4.46214359E-9	2.83769701E-8	3.54382796E-7	1.89971225E-4
2.37000000E+2	4.49231241E-9	1.89910342E-8	1.95081956E-7	1.27136549E-4
2.37500000E+2	4.25899249E-9	2.57479633E-8	1.90367132E-7	1.72371191E-4
2.38000000E+2	4.64930831E-9	2.73604002E-8	2.48745243E-7	1.83165741E-4
2.38500000E+2	4.22013205E-9	3.88042399E-8	2.94274638E-7	2.59777171E-4
2.39000000E+2	5.62330547E-9	2.27831130E-8	2.39079072E-7	1.52522834E-4
2.39500000E+2	4.29257282E-9	2.18707810E-8	2.72976074E-7	1.46415176E-4
2.40000000E+2	3.09117949E-8	2.28772117E-8	2.37063930E-7	1.53152783E-4
2.40500000E+2	7.09352739E-9	2.22430003E-8	2.38231119E-7	1.48907019E-4
2.41000000E+2	4.95423821E-9	2.18061778E-8	1.98282160E-7	1.45982686E-4
2.41500000E+2	6.70510759E-9	2.56580697E-8	2.07304098E-7	1.71769393E-4
2.42000000E+2	5.26394169E-9	2.18829515E-8	2.61701752E-7	1.46496652E-4
2.42500000E+2	4.03567242E-9	1.95234138E-8	1.96587879E-7	1.30700594E-4
2.43000000E+2	4.97632699E-9	2.39010252E-8	2.19019456E-7	1.60006760E-4
2.43500000E+2	5.09309110E-9	2.18286751E-8	2.19474084E-7	1.46133295E-4
2.44000000E+2	5.15966492E-9	2.06646832E-8	2.45788059E-7	1.38340886E-4
2.44500000E+2	4.45702534E-9	1.74827916E-8	2.41780556E-7	1.17039534E-4
2.45000000E+2	1.62454478E-8	2.38947965E-8	2.47188577E-7	1.59965061E-4
2.45500000E+2	5.01700504E-9	2.80561396E-8	3.29707295E-7	1.87823408E-4
2.46000000E+2	6.24247110E-9	2.10908630E-8	3.18829700E-7	1.41193971E-4
2.46500000E+2	4.65178059E-9	1.96833907E-8	3.06085530E-7	1.31771568E-4
2.47000000E+2	4.13490644E-9	1.84908854E-8	4.33039825E-7	1.23788275E-4
2.47500000E+2	5.66061029E-9	2.83378549E-8	3.86969830E-7	1.89709366E-4
2.48000000E+2	4.64645859E-9	2.18230767E-8	4.79038589E-7	1.46095817E-4
2.48500000E+2	4.16983630E-9	2.26158743E-8	7.42362918E-7	1.51403245E-4
2.49000000E+2	5.40190347E-9	1.84945861E-8	1.01997050E-6	1.23813049E-4
2.49500000E+2	4.79405239E-9	2.28445596E-8	1.31768235E-6	1.52934192E-4
2.50000000E+2	3.13679471E-8	2.14582009E-8	6.44906145E-6	1.43653135E-4
2.50500000E+2	5.14723882E-9	1.81669540E-8	2.76261351E-6	1.21619697E-4
2.51000000E+2	6.47709491E-9	4.40024916E-8	1.44887542E-6	2.94577160E-4
2.51500000E+2	5.29686401E-9	1.72239949E-8	8.01393943E-7	1.15307005E-4
2.52000000E+2	5.87622845E-9	2.29705502E-8	7.30536620E-7	1.53777643E-4
2.52500000E+2	6.17647434E-9	2.41067653E-8	5.88205394E-7	1.61384099E-4
2.53000000E+2	4.60889364E-9	2.26665977E-8	4.92890707E-7	1.51742816E-4
2.53500000E+2	4.51861301E-9	2.23747762E-8	5.10195959E-7	1.49789200E-4
2.54000000E+2	6.28563012E-9	2.20427634E-8	4.02113263E-7	1.47566522E-4
2.54500000E+2	4.43361448E-9	2.15457773E-8	4.20641306E-7	1.44239421E-4
2.55000000E+2	3.33425128E-8	1.93022852E-8	4.53371377E-7	1.29220236E-4
2.55500000E+2	4.47705058E-9	2.30283449E-8	2.88158559E-7	1.54164553E-4
2.56000000E+2	4.80139729E-9	2.18637193E-8	2.64079322E-7	1.46367901E-4
2.56500000E+2	5.25449528E-9	1.92825358E-8	2.55442556E-7	1.29088023E-4
2.57000000E+2	3.99422342E-9	1.97185266E-8	2.32606949E-7	1.32006788E-4
2.57500000E+2	4.92600113E-9	2.35334091E-8	2.23183313E-7	1.57545733E-4
2.58000000E+2	7.29829828E-9	2.71955085E-8	3.08266130E-7	1.82061864E-4
2.58500000E+2	8.56803634E-9	1.93399659E-8	2.47142215E-7	1.29472492E-4
2.59000000E+2	5.81751300E-9	1.99042423E-8	2.28165731E-7	1.33250072E-4
2.59500000E+2	6.04002614E-9	2.36150955E-8	2.67894477E-7	1.58092588E-4
2.60000000E+2	2.31055034E-8	2.29996791E-8	2.41587545E-7	1.53972648E-4
2.60500000E+2	5.04442169E-9	2.46914064E-8	2.34273160E-7	1.65298011E-4
2.61000000E+2	4.26742688E-9	1.82780578E-8	2.32202349E-7	1.22363488E-4
2.61500000E+2	5.28889413E-9	1.79621417E-8	2.60224847E-7	1.20248570E-4
2.62000000E+2	4.88532077E-9	1.89108017E-8	2.62222605E-7	1.26599427E-4
2.62500000E+2	4.35972754E-9	2.27452405E-8	2.77716139E-7	1.52269294E-4
2.63000000E+2	6.05537789E-9	1.91622592E-8	2.16878989E-7	1.28282824E-4
2.63500000E+2	5.40152040E-9	2.96559838E-8	2.31099937E-7	1.98533655E-4
2.64000000E+2	4.93491408E-9	1.80733766E-8	5.14237028E-7	1.20993238E-4
2.64500000E+2	5.01783108E-9	2.09235483E-8	5.21913154E-7	1.40073873E-4
2.65000000E+2	2.09455063E-8	2.78555249E-8	3.50767271E-7	1.86480381E-4
2.65500000E+2	5.55430941E-9	2.07594789E-8	3.56214575E-7	1.38975501E-4
2.66000000E+2	4.37482840E-9	2.74126665E-8	1.91425267E-7	1.83515641E-4
2.66500000E+2	4.42069617E-9	1.89250779E-8	1.97686692E-7	1.26695000E-4
2.67000000E+2	4.37103921E-9	2.48986735E-8	2.85996987E-7	1.66685573E-4
2.67500000E+2	4.25839147E-9	1.98213510E-8	2.35868917E-7	1.32695151E-4
2.68000000E+2	5.59539372E-9	2.47316283E-8	2.05436924E-7	1.65567280E-4
2.68500000E+2	5.46697865E-9	2.29594634E-8	1.99594610E-7	1.53703422E-4
2.69000000E+2	5.49102173E-9	1.77306218E-8	2.90740772E-7	1.18698647E-4
2.69500000E+2	6.17662717E-9	1.96179857E-8	2.30956483E-7	1.31333711E-4
2.70000000E+2	1.77440373E-8	3.35755655E-8	4.38244007E-7	2.24773515E-4
2.70500000E+2	4.95681479E-9	2.36446765E-8	2.14381974E-7	1.58290619E-4
2.71000000E+2	4.41432680E-9	2.28658743E-8	2.02438821E-7	1.53076884E-4
2.71500000E+2	4.91565859E-9	2.59668007E-8	2.78407231E-7	1.73836210E-4
2.72000000E+2	4.72584945E-9	1.85392129E-8	2.83237875E-7	1.24111805E-4
2.72500000E+2	6.31776847E-9	2.51456474E-8	1.92704686E-7	1.68338954E-4
2.73000000E+2	7.09994453E-9	2.23137944E-8	2.20818572E-7	1.49380954E-4
2.73500000E+2	5.83302409E-9	2.41187645E-8	1.76078221E-7	1.61464428E-4
2.74000000E+2	8.18904318E-9	1.96425435E-8	2.58601942E-7	1.31498114E-4
2.74500000E+2	4.80231108E-9	3.02668915E-8	2.90478620E-7	2.02623410E-4
2.75000000E+2	4.12855845E-8	3.34470706E-8	3.32806085E-7	2.23913299E-4
2.75500000E+2	5.28924111E-9	1.82328745E-8	2.29603048E-7	1.22061006E-4
2.76000000E+2	5.68546797E-9	2.76420030E-8	2.47042596E-7	1.85050947E-4
2.76500000E+2	5.08943046E-9	2.27052017E-8	1.90737858E-7	1.52001252E-4
2.77000000E+2	6.15973964E-9	1.78893864E-8	2.34151911E-7	1.19761505E-4
2.77500000E+2	4.99046712E-9	2.97185840E-8	2.29026771E-7	1.98952735E-4
2.78000000E+2	4.44274775E-9	2.58110740E-8	2.49241089E-7	1.72793690E-4
2.78500000E+2	4.46273698E-9	2.47721925E-8	2.26258592E-7	1.65838838E-4
2.79000000E+2	4.37765369E-9	2.21433955E-8	2.05463609E-7	1.48240209E-4
2.79500000E+2	4.42804214E-9	1.92776656E-8	1.84590784E-7	1.29055419E-4
2.80000000E+2	3.98053218E-8	2.00698348E-8	2.31909262E-7	1.34358640E-4
2.80500000E+2	4.47810519E-9	1.82671760E-8	2.06078355E-7	1.22290639E-4
2.81000000E+2	4.58081065E-9	2.20664551E-8	2.07086517E-7	1.47725127E-4
2.81500000E+2	5.40139624E-9	2.16347490E-8	2.32013875E-7	1.44835047E-4
2.82000000E+2	5.46823638E-9	2.41863212E-8	1.99995970E-7	1.61916690E-4
2.82500000E+2	7.61200939E-9	1.84487342E-8	3.02663636E-7	1.23506091E-4
2.83000000E+2	4.30319995E-9	1.94748471E-8	2.06082624E-7	1.30375462E-4
2.83500000E+2	6.08864287E-9	2.50255800E-8	2.05831456E-7	1.67535156E-4
2.84000000E+2	4.19885229E-9	1.76844387E-8	2.23745072E-7	1.18389471E-4
2.84500000E+2	4.25309233E-9	2.19501256E-8	1.87659262E-7	1.46946353E-4
2.85000000E+2	2.75167968E-8	1.79466422E-8	2.03002363E-7	1.20144807E-4
2.85500000E+2	4.91359750E-9	1.87452388E-8	2.36017127E-7	1.25491057E-4
2.86000000E+2	5.63788766E-9	1.74138706E-8	2.01283074E-7	1.16578138E-4
2.86500000E+2	4.30525011E-9	1.96206171E-8	2.48070816E-7	1.31351327E-4
2.87000000E+2	5.85810626E-9	1.84205675E-8	2.05088079E-7	1.23317527E-4
2.87500000E+2	4.97736550E-9	2.89869461E-8	1.97517674E-7	1.94054744E-4
2.88000000E+2	5.74644529E-9	1.94341655E-8	1.80061461E-7	1.30103116E-4
2.88500000E+2	4.34354437E-9	2.28089724E-8	2.60660057E-7	1.52695951E-4
2.89000000E+2	7.50859976E-9	2.43163483E-8	1.83201096E-7	1.62787164E-4
2.89500000E+2	3.80140706E-9	1.78073539E-8	2.23161786E-7	1.19212334E-4
2.90000000E+2	3.03941383E-8	3.18018261E-8	2.67261672E-7	2.12899117E-4
2.90500000E+2	4.56589895E-9	1.72914304E-8	1.92919613E-7	1.15758455E-4
2.91000000E+2	7.14300640E-9	1.92097097E-8	2.01380338E-7	1.28600484E-4
2.91500000E+2	6.44507403E-9	1.80009916E-8	2.26671905E-7	1.20508652E-4
2.92000000E+2	5.08318295E-9	2.05580420E-8	2.92991810E-7	1.37626971E-4
2.92500000E+2	4.12148621E-9	1.76035162E-8	2.00518399E-7	1.17847732E-4
2.93000000E+2	7.40362434E-9	1.93912543E-8	2.14917121E-7	1.29815844E-4
2.93500000E+2	4.50036962E-9	1.76967977E-8	2.42351148E-7	1.18472210E-4
2.94000000E+2	5.24714611E-9	1.93169186E-8	2.58333899E-7	1.29318200E-4
2.94500000E+2	4.24045340E-9	1.70482675E-8	2.94409100E-7	1.14130588E-4
2.95000000E+2	2.77703044E-8	2.49490932E-8	2.68713759E-7	1.67023110E-4
2.95500000E+2	4.50237490E-9	1.74843985E-8	2.57699132E-7	1.17050291E-4
2.96000000E+2	4.72597461E-9	2.00661712E-8	4.03278709E-7	1.34334114E-4
2.96500000E+2	5.56542242E-9	1.66497698E-8	2.97475417E-7	1.11462822E-4
2.97000000E+2	4.71626731E-9	2.29861708E-8	2.82908734E-7	1.53882216E-4
2.97500000E+2	5.78458961E-9	2.58662267E-8	2.75058083E-7	1.73162913E-4
2.98000000E+2	4.33655318E-9	1.88492660E-8	2.76668149E-7	1.26187473E-4
2.98500000E+2	6.06202735E-9	2.70673467E-8	3.32679161E-7	1.81203878E-4
2.99000000E+2	4.57306442E-9	1.77189353E-8	3.65472561E-7	1.18620411E-4
2.99500000E+2	4.82524098E-9	2.07233791E-8	3.19524272E-7	1.38733829E-4
3.00000000E+2	3.03979718E-8	2.05187419E-8	6.22291924E-7	1.37363874E-4
3.00500000E+2	5.02230948E-9	2.12303104E-8	3.90904353E-7	1.42127509E-4
3.01000000E+2	5.35943576E-9	2.35853258E-8	2.68293985E-7	1.57893293E-4
3.01500000E+2	5.45514236E-9	1.87153815E-8	3.80817005E-7	1.25291176E-4
3.02000000E+2	5.50414522E-9	2.09748706E-8	2.43435891E-7	1.40417453E-4
3.02500000E+2	4.14230782E-9	1.85258953E-8	3.02318443E-7	1.24022650E-4
3.03000000E+2	5.24433509E-9	1.99718762E-8	2.55113579E-7	1.33702851E-4
3.03500000E+2	5.39068559E-9	2.13161089E-8	2.07939038E-7	1.42701892E-4
3.04000000E+2	5.06195416E-9	2.10268263E-8	2.40119039E-7	1.40765274E-4
3.04500000E+2	5.33085369E-9	2.38299900E-8	2.38976857E-7	1.59531211E-4
3.05000000E+2	2.68896652E-8	1.93011529E-8	2.24371940E-7	1.29212656E-4
3.05500000E+2	5.44627178E-9	2.30246589E-8	2.40842712E-7	1.54139877E-4
3.06000000E+2	4.89304303E-9	2.16723532E-8	2.15221978E-7	1.45086790E-4
3.06500000E+2	6.41332838E-9	2.32065016E-8	1.89233970E-7	1.55357232E-4
3.07000000E+2	4.30713974E-9	2.07769089E-8	2.12753876E-7	1.39092187E-4
3.07500000E+2	6.21899857E-9	2.13763673E-8	2.60947483E-7	1.43105295E-4
3.08000000E+2	6.44943914E-9	2.21989284E-8	1.99524028E-7	1.48611977E-4
3.08500000E+2	6.56336499E-9	2.68129227E-8	3.16541768E-7	1.79500622E-4
3.09000000E+2	5.86123761E-9	2.06455197E-8	2.24244771E-7	1.38212595E-4
3.09500000E+2	5.92324003E-9	2.30608690E-8	2.32271024E-7	1.54382287E-4
3.10000000E+2	3.18791142E-8	1.92322891E-8	2.11930356E-7	1.28751643E-4
3.10500000E+2	4.21016873E-9	2.57144238E-8	2.33993401E-7	1.72146660E-4
3.11000000E+2	4.92452572E-9	2.45672945E-8	1.95630748E-7	1.64467138E-4
3.11500000E+2	5.49409703E-9	1.96288925E-8	2.11958770E-7	1.31406727E-4
3.12000000E+2	4.65968371E-9	1.98609429E-8	1.79865124E-7	1.32960202E-4
3.12500000E+2	4.69433413E-9	2.22892253E-8	1.94218560E-7	1.49216475E-4
3.13000000E+2	4.15775965E-9	1.83539230E-8	1.90711669E-7	1.22871372E-4
3.13500000E+2	4.87427762E-9	1.96328675E-8	2.10307539E-7	1.31433338E-4
3.14000000E+2	6.89940267E-9	2.19146367E-8	1.96864721E-7	1.46708770E-4
3.14500000E+2	4.65452658E-9	1.93679168E-8	1.69452379E-7	1.29659611E-4
3.15000000E+2	3.83622733E-8	2.16089254E-8	1.87667062E-7	1.44662169E-4
3.15500000E+2	4.79227964E-9	1.91405017E-8	2.23130777E-7	1.28137167E-4
3.16000000E+2	5.58191111E-9	1.95182713E-8	2.05526534E-7	1.30666167E-4
3.16500000E+2	4.20642230E-9	2.53401378E-8	1.91393405E-7	1.69640981E-4
3.17000000E+2	5.46690046E-9	2.48945420E-8	1.86606149E-7	1.66657914E-4
3.17500000E+2	4.51765333E-9	2.14716536E-8	2.01590246E-7	1.43743195E-4
3.18000000E+2	4.84833238E-9	2.59624693E-8	1.95308766E-7	1.73807214E-4
3.18500000E+2	6.48171573E-9	2.46458512E-8	1.94342327E-7	1.64993039E-4
3.19000000E+2	4.16135788E-9	2.01384456E-8	2.13422361E-7	1.34817959E-4
3.19500000E+2	4.45780893E-9	1.84290472E-8	1.87790158E-7	1.23374295E-4
3.20000000E+2	2.89949108E-8	1.72356808E-8	2.16513732E-7	1.15385237E-4
3.20500000E+2	4.63204128E-9	1.79399285E-8	1.86823776E-7	1.20099863E-4
3.21000000E+2	4.76508119E-9	1.69282446E-8	1.77038309E-7	1.13327087E-4
3.21500000E+2	4.33908868E-9	1.64055004E-8	2.35835522E-7	1.09827547E-4
3.22000000E+2	5.03420966E-9	1.95305439E-8	1.77437208E-7	1.30748327E-4
3.22500000E+2	5.26128970E-9	2.71751779E-8	2.23658097E-7	1.81925760E-4
3.23000000E+2	5.62740003E-9	2.08234700E-8	2.25550753E-7	1.39403893E-4
3.23500000E+2	4.80821088E-9	1.86925272E-8	1.79335894E-7	1.25138177E-4
3.24000000E+2	4.64402295E-9	3.07296274E-8	2.14199903E-7	2.05721222E-4
3.24500000E+2	5.60848790E-9	2.32515944E-8	1.99188566E-7	1.55659109E-4
3.25000000E+2	1.65918950E-8	2.53613039E-8	1.96923728E-7	1.69782678E-4
3.25500000E+2	4.85052592E-9	2.49912596E-8	2.09941995E-7	1.67305396E-4
3.26000000E+2	5.19083099E-9	1.99269410E-8	1.98361039E-7	1.33402030E-4
3.26500000E+2	6.04204058E-9	1.85977207E-8	2.18807985E-7	1.24503489E-4
3.27000000E+2	4.96452622E-9	1.87290743E-8	1.73409373E-7	1.25382843E-4
3.27500000E+2	4.83472580E-9	1.88704881E-8	2.14782426E-7	1.26329546E-4
3.28000000E+2	5.90458389E-9	2.63978236E-8	2.01960574E-7	1.76721718E-4
3.28500000E+2	4.96045533E-9	2.13633055E-8	1.82516862E-7	1.43017852E-4
3.29000000E+2	5.95256352E-9	2.49725467E-8	2.26129621E-7	1.67180121E-4
3.29500000E+2	6.08475156E-9	1.91393335E-8	1.77849101E-7	1.28129346E-4
3.30000000E+2	3.32717120E-8	1.98011886E-8	1.85337798E-7	1.32560173E-4
3.30500000E+2	3.98705339E-9	2.04385755E-8	2.23991285E-7	1.36827195E-4
3.31000000E+2	4.21238833E-9	1.62332983E-8	1.84109508E-7	1.08674730E-4
3.31500000E+2	4.16487480E-9	1.96936855E-8	1.92778519E-7	1.31840487E-4
3.32000000E+2	4.74795242E-9	2.03984717E-8	1.97384862E-7	1.36558718E-4
3.32500000E+2	5.22680295E-9	1.88291957E-8	2.74831708E-7	1.26053112E-4
3.33000000E+2	4.89736543E-9	1.67235747E-8	3.70627076E-7	1.11956913E-4
3.33500000E+2	5.45196249E-9	2.35091872E-8	6.73166098E-7	1.57383578E-4
3.34000000E+2	5.22432103E-9	2.45420365E-8	2.63325426E-7	1.64298046E-4
3.34500000E+2	4.66245990E-9	2.87932335E-8	2.37511887E-7	1.92757924E-4
3.35000000E+2	2.15130649E-8	2.64499151E-8	2.58949384E-7	1.77070447E-4
3.35500000E+2	5.15124416E-9	2.01776092E-8	1.92179390E-7	1.35080142E-4
3.36000000E+2	4.85607709E-9	1.76828761E-8	2.09867528E-7	1.18379011E-4
3.36500000E+2	5.13627526E-9	1.72927260E-8	1.79961557E-7	1.15767129E-4
3.37000000E+2	5.20695294E-9	2.09773309E-8	1.97756323E-7	1.40433924E-4
3.37500000E+2	5.42557890E-9	2.37659551E-8	1.90100674E-7	1.59102526E-4
3.38000000E+2	4.67942676E-9	2.60561911E-8	2.67441915E-7	1.74434640E-4
3.38500000E+2	5.20197705E-9	2.20758720E-8	2.34848108E-7	1.47788169E-4
3.39000000E+2	6.37586639E-9	2.47317289E-8	2.59056385E-7	1.65567953E-4
3.39500000E+2	4.41932419E-9	2.27470269E-8	2.58272440E-7	1.52281253E-4
3.40000000E+2	2.94833269E-8	2.12176550E-8	2.15229176E-7	1.42042787E-4
3.40500000E+2	5.76968316E-9	1.80503642E-8	1.79617661E-7	1.20839181E-4
3.41000000E+2	7.29978510E-9	2.24114111E-8	1.91977916E-7	1.50034454E-4
3.41500000E+2	5.09909816E-9	2.43633996E-8	2.66549946E-7	1.63102152E-4
3.42000000E+2	4.59024254E-9	1.87133149E-8	2.02483293E-7	1.25277341E-4
3.42500000E+2	5.66791321E-9	2.65983218E-8	2.41081316E-7	1.78063964E-4
3.43000000E+2	4.18569949E-9	1.76440040E-8	2.18893236E-7	1.18118779E-4
3.43500000E+2	4.88061470E-9	3.02737380E-8	2.64375729E-7	2.02669245E-4
3.44000000E+2	6.58682682E-9	1.86117876E-8	3.54013218E-7	1.24597661E-4
3.44500000E+2	5.05961528E-9	1.89577328E-8	3.07831953E-7	1.26913611E-4
3.45000000E+2	3.78236424E-8	2.05818205E-8	2.63728178E-7	1.37786157E-4
3.45500000E+2	4.62318604E-9	1.77356242E-8	3.15440503E-7	1.18732136E-4
3.46000000E+2	6.06558508E-9	2.96872679E-8	3.85131136E-7	1.98743088E-4
3.46500000E+2	3.81842630E-9	1.86592106E-8	2.83290256E-7	1.24915137E-4
3.47000000E+2	6.02735521E-9	2.06311377E-8	3.51555058E-7	1.38116314E-4
3.47500000E+2	4.34158484E-9	1.84312428E-8	4.29192117E-7	1.23388994E-4
3.48000000E+2	4.59498198E-9	1.71047178E-8	4.15145034E-7	1.14508497E-4
3.48500000E+2	5.81014514E-9	2.45644780E-8	5.29285012E-7	1.64448282E-4
3.49000000E+2	5.40494620E-9	2.22749293E-8	1.25888370E-6	1.49120769E-4
3.49500000E+2	3.90129795E-9	2.04427077E-8	2.03365484E-6	1.36854859E-4
3.50000000E+2	4.20788357E-8	2.60554272E-8	4.35047147E-6	1.74429526E-4
3.50500000E+2	6.79827502E-9	1.91247009E-8	3.22559074E-6	1.28031388E-4
3.51000000E+2	6.84518036E-9	2.19004213E-8	1.10955640E-6	1.46613604E-4
3.51500000E+2	5.07753807E-9	2.43474407E-8	6.72788833E-7	1.62995314E-4
3.52000000E+2	4.75491795E-9	1.69079097E-8	4.89723499E-7	1.13190954E-4
3.52500000E+2	5.03284282E-9	2.94011781E-8	4.42547019E-7	1.96827843E-4
3.53000000E+2	5.33089916E-9	2.30591730E-8	6.16868598E-7	1.54370933E-4
3.53500000E+2	5.98646630E-9	2.08216111E-8	4.40264997E-7	1.39391449E-4
3.54000000E+2	5.45658612E-9	1.78525283E-8	4.80831300E-7	1.19514757E-4
3.54500000E+2	4.14250376E-9	1.78093227E-8	3.32531354E-7	1.19225515E-4
3.55000000E+2	2.78332632E-8	1.90656733E-8	3.71341713E-7	1.27636225E-4
3.55500000E+2	5.37184044E-9	1.97295666E-8	2.60675015E-7	1.32080696E-4
3.56000000E+2	5.64184630E-9	1.81851746E-8	3.22096993E-7	1.21741676E-4
3.56500000E+2	4.26546972E-9	2.94711637E-8	2.32041034E-7	1.97296366E-4
3.57000000E+2	4.81983951E-9	2.28676782E-8	2.31219916E-7	1.53088961E-4
3.57500000E+2	4.72367313E-9	1.94499460E-8	3.12838657E-7	1.30208760E-4
3.58000000E+2	4.97187071E-9	2.12142736E-8	2.30272945E-7	1.42020150E-4
3.58500000E+2	6.22443140E-9	1.76876378E-8	1.99773613E-7	1.18410888E-4
3.59000000E+2	5.47255847E-9	1.83822286E-8	1.99285831E-7	1.23060865E-4
3.59500000E+2	4.50549936E-9	1.94335336E-8	2.32872152E-7	1.30098886E-4
3.60000000E+2	3.92549190E-8	2.33633305E-8	2.97192914E-7	1.56407133E-4
3.60500000E+2	4.55602163E-9	1.96358394E-8	2.44770841E-7	1.31453233E-4
3.61000000E+2	4.64068820E-9	1.63190520E-8	2.48076478E-7	1.09248813E-4
3.61500000E+2	5.41428281E-9	2.14037050E-8	2.33497786E-7	1.43288309E-4
3.62000000E+2	4.95646377E-9	2.27406582E-8	2.70066624E-7	1.52238618E-4
3.62500000E+2	6.55738331E-9	1.76609186E-8	3.31269484E-7	1.18232015E-4
3.63000000E+2	4.48653533E-9	1.96720695E-8	2.08598625E-7	1.31695778E-4
3.63500000E+2	4.66459114E-9	2.44406512E-8	3.80846636E-7	1.63619317E-4
3.64000000E+2	4.81723696E-9	1.67014758E-8	2.30771845E-7	1.11808971E-4
3.64500000E+2	6.58120763E-9	1.98543215E-8	3.16112694E-7	1.32915874E-4
3.65000000E+2	2.68924256E-8	2.26473123E-8	2.94220928E-7	1.51613709E-4
3.65500000E+2	4.42970445E-9	1.86288094E-8	1.80103325E-7	1.24711614E-4
3.66000000E+2	6.51859285E-9	1.97748290E-8	2.05187735E-7	1.32383707E-4
3.66500000E+2	4.98179120E-9	1.79678001E-8	2.43453997E-7	1.20286450E-4
3.67000000E+2	4.15338518E-9	1.86028821E-8	2.20583387E-7	1.24538042E-4
3.67500000E+2	4.33962815E-9	2.07599435E-8	2.68582268E-7	1.38978612E-4
3.68000000E+2	4.55953116E-9	2.38383604E-8	1.97928237E-7	1.59587247E-4
3.68500000E+2	5.20214872E-9	1.91040078E-8	1.78133363E-7	1.27892857E-4
3.69000000E+2	4.43266036E-9	1.74948462E-8	2.03619456E-7	1.17120234E-4
3.69500000E+2	5.20501555E-9	1.86858232E-8	2.11152019E-7	1.25093297E-4
3.70000000E+2	3.17383272E-8	2.27343668E-8	1.92140597E-7	1.52196500E-4
3.70500000E+2	6.01237815E-9	2.19630022E-8	2.08607036E-7	1.47032556E-4
3.71000000E+2	4.23836368E-9	1.74767063E-8	2.28339444E-7	1.16998795E-4
3.71500000E+2	5.27473337E-9	1.79811365E-8	1.87834669E-7	1.20375731E-4
3.72000000E+2	9.34929913E-9	2.15852940E-8	1.88722346E-7	1.44503967E-4
3.72500000E+2	5.53179828E-9	2.56577221E-8	2.24224417E-7	1.71767066E-4
3.73000000E+2	5.15636309E-9	1.85859177E-8	1.84816872E-7	1.24424473E-4
3.73500000E+2	5.66131540E-9	1.78160589E-8	1.97284593E-7	1.19270611E-4
3.74000000E+2	5.85989597E-9	2.69641832E-8	2.78958025E-7	1.80513244E-4
3.74500000E+2	6.53503118E-9	1.76633803E-8	2.06746247E-7	1.18248495E-4
3.75000000E+2	2.55619844E-8	2.10095368E-8	2.56743154E-7	1.40649528E-4
3.75500000E+2	4.75497022E-9	1.89794038E-8	1.65499888E-7	1.27058688E-4
3.76000000E+2	4.95171222E-9	2.56315206E-8	1.81057232E-7	1.71591659E-4
3.76500000E+2	5.56109765E-9	2.02480616E-8	2.33727890E-7	1.35551790E-4
3.77000000E+2	4.75742226E-9	2.18649155E-8	2.51542568E-7	1.46375909E-4
3.77500000E+2	4.75708138E-9	2.04866519E-8	2.17933984E-7	1.37149046E-4
3.78000000E+2	5.17111067E-9	2.13962511E-8	2.28261274E-7	1.43238409E-4
3.78500000E+2	4.23298461E-9	2.08782908E-8	2.35463815E-7	1.39770894E-4
3.79000000E+2	6.11997142E-9	1.94865520E-8	1.91791130E-7	1.30453820E-4
3.79500000E+2	4.62313104E-9	1.85419758E-8	2.30216588E-7	1.24130302E-4
3.80000000E+2	2.45505130E-8	2.31139899E-8	2.47270710E-7	1.54737908E-4
3.80500000E+2	4.47002424E-9	1.91968439E-8	2.24054622E-7	1.28514353E-4
3.81000000E+2	3.93097556E-9	2.60833937E-8	2.06800870E-7	1.74616749E-4
3.81500000E+2	5.98944793E-9	2.41591392E-8	1.85927295E-7	1.61734719E-4
3.82000000E+2	5.70516196E-9	2.07809552E-8	2.87874253E-7	1.39119275E-4
3.82500000E+2	6.67282142E-9	1.73614384E-8	2.85452601E-7	1.16227128E-4
3.83000000E+2	4.76324115E-9	2.45463643E-8	2.12395231E-7	1.64327019E-4
3.83500000E+2	4.65999717E-9	2.61240175E-8	3.23916471E-7	1.74888707E-4
3.84000000E+2	5.59381746E-9	2.11033408E-8	2.50494258E-7	1.41277504E-4
3.84500000E+2	4.53221945E-9	2.21689481E-8	2.34657518E-7	1.48411272E-4
3.85000000E+2	2.89692331E-8	2.27439403E-8	3.02418033E-7	1.52260590E-4
3.85500000E+2	4.46823179E-9	2.23423598E-8	2.02953500E-7	1.49572187E-4
3.86000000E+2	6.91082679E-9	2.60520805E-8	2.42889241E-7	1.74407121E-4
3.86500000E+2	5.35642008E-9	1.88500150E-8	1.87628456E-7	1.26192487E-4
3.87000000E+2	4.88166182E-9	1.87517722E-8	2.86057418E-7	1.25534796E-4
3.87500000E+2	4.54092299E-9	1.84646599E-8	1.97506150E-7	1.23612706E-4
3.88000000E+2	5.21216427E-9	1.80480687E-8	1.90556439E-7	1.20823813E-4
3.88500000E+2	5.09581114E-9	1.76022812E-8	1.96812532E-7	1.17839463E-4
3.89000000E+2	4.25706262E-9	2.63077443E-8	1.96522617E-7	1.76118677E-4
3.89500000E+2	4.72536675E-9	1.79318640E-8	1.73526915E-7	1.20045874E-4
3.90000000E+2	4.55805593E-8	1.99596386E-8	1.89924564E-7	1.33620925E-4
3.90500000E+2	5.16500719E-9	2.35135953E-8	2.53248050E-7	1.57413089E-4
3.91000000E+2	4.05930141E-9	1.73314939E-8	2.04757188E-7	1.16026663E-4
3.91500000E+2	5.03850457E-9	2.43056091E-8	1.78536491E-7	1.62715270E-4
3.92000000E+2	5.11877023E-9	2.86743857E-8	2.66593087E-7	1.91962291E-4
3.92500000E+2	4.44744741E-9	2.34630497E-8	2.30521930E-7	1.57074708E-4
3.93000000E+2	4.36861546E-9	2.64669942E-8	2.05750726E-7	1.77184784E-4
3.93500000E+2	6.11323870E-9	1.91917508E-8	2.34950108E-7	1.28480258E-4
3.94000000E+2	5.35744859E-9	1.85176127E-8	2.13550356E-7	1.23967202E-4
3.94500000E+2	4.22027647E-9	2.29678290E-8	2.60182691E-7	1.53759426E-4
3.95000000E+2	2.78083344E-8	1.84533897E-8	2.06096938E-7	1.23537257E-4
3.95500000E+2	4.48612909E-9	1.81836243E-8	2.11983063E-7	1.21731298E-4
3.96000000E+2	4.69988311E-9	1.78024883E-8	2.59572971E-7	1.19179761E-4
3.96500000E+2	4.29913243E-9	1.78656014E-8	2.63905996E-7	1.19602276E-4
3.97000000E+2	5.05708103E-9	1.71208351E-8	2.67236442E-7	1.14616396E-4
3.97500000E+2	7.29450157E-9	1.64488819E-8	2.47587424E-7	1.10117967E-4
3.98000000E+2	5.58755523E-9	2.53104116E-8	2.32163702E-7	1.69441977E-4
3.98500000E+2	4.28068130E-9	2.35609692E-8	3.32510108E-7	1.57730236E-4
3.99000000E+2	5.02526743E-9	1.69046760E-8	4.59694888E-7	1.13169306E-4
3.99500000E+2	5.99098610E-9	2.12091283E-8	2.79004267E-7	1.41985705E-4
4.00000000E+2	2.41371664E-8	2.22562231E-8	4.97682651E-7	1.48995540E-4
4.00500000E+2	5.32134794E-9	1.67983579E-8	2.90198182E-7	1.12457553E-4
4.01000000E+2	6.10591858E-9	2.06711240E-8	3.93031972E-7	1.38384004E-4
4.01500000E+2	6.63632495E-9	1.76981200E-8	3.70002660E-7	1.18481061E-4
4.02000000E+2	4.61645299E-9	1.82084397E-8	2.33916653E-7	1.21897425E-4
4.02500000E+2	4.08920914E-9	1.82898251E-8	2.73671729E-7	1.22442265E-4
4.03000000E+2	4.77765878E-9	1.75456920E-8	2.65039603E-7	1.17460624E-4
4.03500000E+2	5.51105010E-9	1.98009067E-8	2.28083896E-7	1.32558286E-4
4.04000000E+2	5.10169634E-9	2.56349760E-8	2.29467498E-7	1.71614791E-4
4.04500000E+2	4.76954555E-9	2.66791357E-8	2.29206303E-7	1.78604978E-4
4.05000000E+2	3.62909216E-8	2.52442856E-8	1.99762492E-7	1.68999293E-4
4.05500000E+2	4.48517963E-9	2.90933551E-8	2.86031494E-7	1.94767105E-4
4.06000000E+2	5.29472242E-9	2.29160897E-8	2.45219895E-7	1.53413054E-4
4.06500000E+2	4.62251734E-9	2.07282582E-8	2.14198892E-7	1.38766493E-4
4.07000000E+2	5.75797821E-9	2.41821634E-8	2.83298312E-7	1.61888856E-4
4.07500000E+2	4.51885556E-9	2.64554236E-8	2.02860731E-7	1.77107324E-4
4.08000000E+2	4.84453154E-9	2.13156086E-8	1.93028824E-7	1.42698543E-4
4.08500000E+2	4.79069993E-9	2.47432533E-8	3.26678306E-7	1.65645104E-4
4.09000000E+2	4.34226301E-9	2.02707171E-8	1.93431714E-7	1.35703458E-4
4.09500000E+2	6.14519968E-9	1.76754112E-8	1.84722824E-7	1.18329036E-4
4.10000000E+2	3.87816244E-8	2.81435232E-8	3.04703785E-7	1.88408402E-4
4.10500000E+2	4.71438866E-9	2.02411990E-8	2.04315598E-7	1.35505848E-4
4.11000000E+2	4.89060389E-9	1.66893351E-8	1.62551106E-7	1.11727694E-4
4.11500000E+2	4.21233016E-9	1.96106654E-8	2.20243102E-7	1.31284705E-4
4.12000000E+2	4.93073609E-9	1.61885442E-8	2.15592307E-7	1.08375122E-4
4.12500000E+2	6.41231718E-9	2.39047847E-8	2.16174609E-7	1.60031928E-4
4.13000000E+2	6.31941941E-9	2.36758183E-8	1.91600781E-7	1.58499100E-4
4.13500000E+2	4.53169550E-9	2.05065729E-8	1.59176110E-7	1.37282408E-4
4.14000000E+2	6.14908691E-9	1.94347284E-8	2.90698567E-7	1.30106884E-4
4.14500000E+2	4.29020913E-9	2.16470808E-8	2.32836855E-7	1.44917602E-4
4.15000000E+2	4.01575940E-8	2.91366958E-8	3.21396087E-7	1.95057252E-4
4.15500000E+2	6.11045021E-9	2.20156717E-8	2.32366533E-7	1.47385155E-4
4.16000000E+2	7.02465181E-9	1.84920528E-8	1.80530369E-7	1.23796090E-4
4.16500000E+2	6.79203668E-9	1.98571779E-8	1.83785856E-7	1.32934996E-4
4.17000000E+2	5.09668254E-9	1.94398286E-8	2.22261813E-7	1.30141028E-4
4.17500000E+2	4.65892894E-9	1.71085122E-8	2.55290123E-7	1.14533899E-4
4.18000000E+2	3.85007417E-9	1.67036766E-8	2.29657427E-7	1.11823704E-4
4.18500000E+2	5.13632274E-9	1.67110480E-8	1.94834048E-7	1.11873053E-4
4.19000000E+2	6.23939910E-9	1.68468320E-8	1.79640017E-7	1.12782066E-4
4.19500000E+2	4.38517500E-9	1.82712527E-8	1.95961530E-7	1.22317931E-4
4.20000000E+2	3.65750065E-8	2.27461024E-8	2.64234043E-7	1.52275064E-4
4.20500000E+2	5.96243831E-9	1.74608562E-8	2.72529278E-7	1.16892686E-4
4.21000000E+2	4.24067582E-9	1.87958777E-8	1.88414076E-7	1.25830062E-4
4.21500000E+2	4.36287177E-9	2.13642889E-8	1.94240586E-7	1.43024436E-4
4.22000000E+2	4.57504200E-9	1.69479174E-8	1.95422623E-7	1.13458788E-4
4.22500000E+2	4.63235765E-9	1.69075284E-8	2.38667546E-7	1.13188402E-4
4.23000000E+2	5.03294756E-9	2.24049765E-8	2.66770646E-7	1.49991378E-4
4.23500000E+2	4.58926344E-9	1.73220918E-8	1.92695508E-7	1.15963720E-4
4.24000000E+2	4.52442174E-9	2.06502641E-8	2.36025728E-7	1.38244357E-4
4.24500000E+2	5.34940735E-9	2.00431513E-8	2.53047479E-7	1.34180006E-4
4.25000000E+2	2.47790415E-8	2.12258869E-8	1.87043913E-7	1.42097896E-4
4.25500000E+2	4.41919466E-9	1.90549135E-8	2.15612119E-7	1.27564192E-4
4.26000000E+2	4.37987141E-9	1.84434509E-8	2.09803035E-7	1.23470722E-4
4.26500000E+2	5.23827935E-9	1.80492892E-8	2.10459734E-7	1.20831984E-4
4.27000000E+2	5.46053263E-9	2.92875404E-8	2.35132844E-7	1.96067090E-4
4.27500000E+2	4.87746860E-9	1.94146528E-8	2.42331852E-7	1.29972487E-4
4.28000000E+2	4.41238094E-9	1.86607808E-8	3.00055128E-7	1.24925649E-4
4.28500000E+2	4.49837089E-9	2.13108463E-8	2.03893715E-7	1.42666662E-4
4.29000000E+2	4.35837319E-9	2.33044234E-8	1.77772757E-7	1.56012776E-4
4.29500000E+2	4.49086514E-9	1.92181510E-8	1.90041431E-7	1.28656995E-4
4.30000000E+2	3.38172886E-8	2.25205799E-8	2.02231867E-7	1.50765291E-4
4.30500000E+2	5.16915248E-9	1.87435146E-8	2.79310757E-7	1.25479515E-4
4.31000000E+2	4.41017437E-9	2.81024080E-8	2.37950446E-7	1.88133154E-4
4.31500000E+2	4.41350551E-9	1.75511107E-8	2.32178130E-7	1.17496900E-4
4.32000000E+2	5.16914929E-9	1.78097771E-8	1.85515011E-7	1.19228556E-4
4.32500000E+2	4.42669287E-9	1.78066284E-8	1.99190011E-7	1.19207477E-4
4.33000000E+2	5.17560345E-9	2.43129213E-8	2.56618091E-7	1.62764222E-4
4.33500000E+2	6.54893828E-9	2.46858201E-8	1.80709472E-7	1.65260614E-4
4.34000000E+2	8.67479883E-9	2.49347658E-8	1.82697291E-7	1.66927195E-4
4.34500000E+2	4.38719140E-9	1.95240349E-8	1.82675705E-7	1.30704752E-4
4.35000000E+2	2.10371470E-8	2.11016724E-8	2.10687437E-7	1.41266335E-4
4.35500000E+2	4.87043239E-9	1.66128839E-8	1.92704228E-7	1.11215887E-4
4.36000000E+2	4.37667058E-9	2.17910703E-8	1.77410565E-7	1.45881548E-4
4.36500000E+2	4.93671987E-9	2.17466333E-8	2.25587399E-7	1.45584062E-4
4.37000000E+2	6.21095514E-9	2.55576680E-8	2.85061840E-7	1.71097249E-4
4.37500000E+2	5.00104955E-9	1.93019549E-8	1.99386209E-7	1.29218025E-4
4.38000000E+2	5.23608024E-9	1.86644955E-8	2.25989629E-7	1.24950517E-4
4.38500000E+2	4.48096126E-9	1.67900695E-8	2.93611990E-7	1.12402066E-4
4.39000000E+2	7.60359302E-9	1.91189194E-8	2.11382347E-7	1.27992684E-4
4.39500000E+2	4.49092530E-9	1.79996185E-8	2.28240697E-7	1.20499461E-4
4.40000000E+2	4.50855343E-8	1.86227781E-8	1.83816774E-7	1.24671237E-4
4.40500000E+2	5.26290350E-9	2.16931438E-8	2.50413716E-7	1.45225974E-4
4.41000000E+2	5.15673571E-9	1.88484844E-8	1.81482615E-7	1.26182241E-4
4.41500000E+2	5.16085537E-9	2.04713301E-8	2.71497068E-7	1.37046473E-4
4.42000000E+2	4.09296262E-9	2.24545467E-8	2.04674432E-7	1.50323228E-4
4.42500000E+2	4.75454184E-9	2.02624394E-8	2.25377847E-7	1.35648043E-4
4.43000000E+2	3.86962922E-9	2.58304233E-8	2.74059604E-7	1.72923224E-4
4.43500000E+2	4.28174230E-9	1.89187009E-8	2.00864263E-7	1.26652309E-4
4.44000000E+2	5.08856069E-9	2.08173395E-8	2.17091169E-7	1.39362852E-4
4.44500000E+2	4.66931265E-9	1.75834897E-8	2.70589229E-7	1.17713662E-4
4.45000000E+2	2.27279599E-8	2.45196185E-8	3.06349711E-7	1.64147968E-4
4.45500000E+2	4.86821816E-9	1.88737456E-8	3.42699360E-7	1.26351354E-4
4.46000000E+2	4.70997757E-9	2.08463037E-8	2.31356085E-7	1.39556755E-4
4.46500000E+2	4.83718325E-9	1.73465898E-8	3.04344004E-7	1.16127723E-4
4.47000000E+2	4.41373170E-9	1.79031268E-8	2.70611877E-7	1.19853491E-4
4.47500000E+2	4.63574908E-9	1.80250926E-8	2.64076865E-7	1.20669998E-4
4.48000000E+2	4.75686041E-9	1.87532746E-8	3.01596724E-7	1.25544854E-4
4.48500000E+2	4.54705947E-9	1.75481998E-8	3.90449101E-7	1.17477413E-4
4.49000000E+2	6.21795660E-9	2.00966960E-8	9.06153356E-7	1.34538464E-4
4.49500000E+2	4.26398911E-9	2.67777183E-8	6.85810872E-7	1.79264944E-4
4.50000000E+2	4.06285188E-8	1.78264394E-8	1.99563600E-6	1.19340103E-4
4.50500000E+2	4.47464999E-9	2.26961573E-8	2.10686131E-6	1.51940704E-4
4.51000000E+2	4.45990650E-9	3.02099812E-8	1.07891534E-6	2.02242422E-4
4.51500000E+2	4.44315586E-9	1.63593150E-8	5.67293814E-7	1.09518356E-4
4.52000000E+2	5.79351605E-9	1.83046994E-8	3.04223389E-7	1.22541842E-4
4.52500000E+2	4.63133198E-9	1.71439987E-8	2.58683460E-7	1.14771466E-4
4.53000000E+2	7.60732616E-9	1.84464873E-8	4.02753320E-7	1.23491049E-4
4.53500000E+2	5.57819929E-9	1.79171232E-8	2.76545804E-7	1.19947191E-4
4.54000000E+2	4.31963957E-9	2.17012456E-8	2.71845375E-7	1.45280212E-4
4.54500000E+2	4.00770854E-9	2.47602288E-8	3.07468660E-7	1.65758747E-4
4.55000000E+2	1.79427211E-8	3.36455586E-8	2.58038041E-7	2.25242088E-4
4.55500000E+2	5.22049808E-9	1.81351791E-8	2.07278804E-7	1.21406979E-4
4.56000000E+2	4.88476164E-9	2.63029696E-8	3.46604682E-7	1.76086712E-4
4.56500000E+2	5.50983179E-9	2.29103708E-8	2.06333881E-7	1.53374768E-4
4.57000000E+2	4.36676609E-9	1.83419433E-8	2.21650088E-7	1.22791173E-4
4.57500000E+2	5.17479461E-9	1.75728606E-8	1.78466389E-7	1.17642506E-4
4.58000000E+2	4.81719563E-9	2.37783838E-8	2.01478179E-7	1.59185730E-4
4.58500000E+2	4.66721363E-9	1.85556458E-8	2.02785774E-7	1.24221816E-4
4.59000000E+2	5.48436032E-9	1.80730295E-8	1.70029911E-7	1.20990914E-4
4.59500000E+2	5.79362094E-9	2.12122012E-8	2.02496981E-7	1.42006276E-4
4.60000000E+2	3.02390809E-8	1.84159989E-8	1.95476444E-7	1.23286942E-4
4.60500000E+2	4.45893559E-9	2.53992693E-8	2.89014675E-7	1.70036840E-4
4.61000000E+2	4.78068663E-9	3.52245193E-8	3.52147992E-7	2.35812530E-4
4.61500000E+2	4.56406646E-9	1.88672409E-8	2.01895500E-7	1.26307808E-4
4.62000000E+2	4.98675514E-9	2.02887362E-8	1.69138508E-7	1.35824088E-4
4.62500000E+2	5.50215351E-9	1.79034202E-8	1.74634071E-7	1.19855455E-4
4.63000000E+2	4.84413288E-9	1.96425184E-8	1.98693969E-7	1.31497947E-4
4.63500000E+2	5.00986268E-9	2.25367488E-8	1.93257550E-7	1.50873535E-4
4.64000000E+2	5.69893252E-9	1.81297309E-8	1.72809770E-7	1.21370505E-4
4.64500000E+2	4.89983043E-9	1.77606732E-8	2.19182848E-7	1.18899827E-4
4.65000000E+2	2.82863746E-8	2.05277317E-8	1.87697978E-7	1.37424057E-4
4.65500000E+2	4.08448962E-9	2.72027743E-8	1.58344064E-7	1.82110505E-4
4.66000000E+2	4.15605394E-9	1.76299521E-8	2.42844474E-7	1.18024708E-4
4.66500000E+2	6.81478123E-9	2.46010689E-8	2.21651112E-7	1.64693242E-4
4.67000000E+2	4.86779263E-9	2.41059403E-8	2.87902554E-7	1.61378576E-4
4.67500000E+2	6.11838063E-9	1.83442547E-8	1.63594163E-7	1.22806647E-4
4.68000000E+2	6.24096784E-9	1.99037207E-8	2.56659515E-7	1.33246580E-4
4.68500000E+2	5.25596074E-9	1.78316607E-8	1.65647032E-7	1.19375057E-4
4.69000000E+2	4.32046548E-9	2.19407733E-8	1.96297533E-7	1.46883743E-4
4.69500000E+2	5.08774787E-9	2.81921486E-8	1.99787005E-7	1.88733928E-4
4.70000000E+2	2.88289053E-8	2.24679847E-8	2.21368470E-7	1.50413189E-4
4.70500000E+2	4.94739400E-9	2.47450354E-8	2.17305558E-7	1.65657034E-4
4.71000000E+2	7.12298377E-9	2.49935123E-8	1.70745764E-7	1.67320477E-4
4.71500000E+2	6.13369988E-9	2.09171937E-8	1.86499038E-7	1.40031332E-4
4.72000000E+2	5.06566542E-9	1.81507096E-8	2.05493579E-7	1.21510948E-4
4.72500000E+2	5.65526275E-9	1.77533436E-8	2.16511267E-7	1.18850759E-4
4.73000000E+2	5.62228622E-9	2.17145819E-8	2.42020367E-7	1.45369493E-4
4.73500000E+2	5.83834779E-9	2.29920722E-8	2.45717940E-7	1.53921723E-4
4.74000000E+2	5.39600815E-9	1.59749893E-8	1.98226140E-7	1.06945466E-4
4.74500000E+2	5.20287756E-9	2.07617636E-8	1.84219340E-7	1.38990797E-4
4.75000000E+2	2.34849993E-8	1.84540109E-8	2.70089682E-7	1.23541416E-4
4.75500000E+2	4.25288744E-9	1.81806868E-8	1.75367415E-7	1.21711633E-4
4.76000000E+2	6.96068074E-9	1.92806024E-8	2.00839352E-7	1.29075079E-4
4.76500000E+2	5.33826388E-9	2.57222812E-8	2.57590848E-7	1.72199261E-4
4.77000000E+2	5.19846118E-9	2.83698218E-8	2.75235935E-7	1.89923371E-4
4.77500000E+2	5.50601146E-9	1.89633499E-8	2.22088543E-7	1.26951215E-4
4.78000000E+2	5.07925944E-9	2.13419714E-8	2.90257798E-7	1.42875030E-4
4.78500000E+2	4.70646639E-9	2.09844581E-8	2.23563386E-7	1.40481637E-4
4.79000000E+2	4.58703712E-9	2.01086688E-8	2.34090287E-7	1.34618617E-4
4.79500000E+2	4.36189508E-9	2.06568955E-8	3.09492986E-7	1.38288751E-4
4.80000000E+2	2.93731365E-8	3.19568991E-8	3.04978161E-7	2.13937262E-4
4.80500000E+2	6.31725805E-9	2.21871210E-8	3.00018616E-7	1.48532932E-4
4.81000000E+2	4.42211460E-9	1.78118855E-8	2.48026166E-7	1.19242671E-4
4.81500000E+2	4.23443186E-9	1.84021096E-8	2.56033320E-7	1.23193960E-4
4.82000000E+2	4.85401404E-9	2.26028818E-8	4.08545615E-7	1.51316266E-4
4.82500000E+2	6.09743428E-9	1.71046755E-8	3.18065356E-7	1.14508214E-4
4.83000000E+2	6.00489874E-9	1.76170887E-8	2.75800177E-7	1.17938593E-4
4.83500000E+2	5.35708627E-9	2.43921815E-8	3.20366302E-7	1.63294834E-4
4.84000000E+2	5.06779102E-9	2.06002631E-8	3.56692188E-7	1.37909622E-4
4.84500000E+2	5.13917607E-9	1.93490545E-8	3.19702307E-7	1.29533336E-4
4.85000000E+2	1.98673546E-8	1.84358360E-8	5.10743924E-7	1.23419743E-4
4.85500000E+2	5.85965866E-9	2.11094705E-8	4.90449078E-7	1.41318540E-4
4.86000000E+2	5.63828401E-9	1.68443736E-8	4.66241834E-7	1.12765608E-4
4.86500000E+2	6.37069881E-9	1.96550115E-8	4.26993868E-7	1.31581582E-4
4.87000000E+2	5.01070835E-9	2.16906396E-8	4.97857831E-7	1.45209209E-4
4.87500000E+2	5.91405417E-9	2.51490017E-8	5.26154688E-7	1.68361409E-4
4.88000000E+2	4.66545132E-9	2.17815669E-8	3.39370703E-7	1.45817927E-4
4.88500000E+2	4.42623943E-9	1.71717889E-8	3.60158527E-7	1.14957509E-4
4.89000000E+2	4.93541751E-9	2.29420720E-8	3.80128474E-7	1.53586994E-4
4.89500000E+2	5.36485326E-9	1.94095257E-8	3.29337368E-7	1.29938163E-4
4.90000000E+2	3.11842100E-8	2.17833259E-8	2.69750413E-7	1.45829703E-4
4.90500000E+2	4.90083094E-9	1.98833282E-8	3.18612173E-7	1.33110061E-4
4.91000000E+2	7.28598898E-9	1.81739712E-8	2.40358758E-7	1.21666674E-4
4.91500000E+2	5.45875632E-9	1.76619383E-8	2.64958739E-7	1.18238841E-4
4.92000000E+2	4.62514610E-9	2.19996373E-8	2.85880177E-7	1.47277811E-4
4.92500000E+2	4.70299185E-9	1.92417312E-8	2.05546714E-7	1.28814854E-4
4.93000000E+2	4.97132606E-9	1.84249107E-8	2.19833917E-7	1.23346603E-4
4.93500000E+2	6.74609530E-9	2.50653105E-8	1.96345246E-7	1.67801134E-4
4.94000000E+2	4.48662048E-9	2.21268725E-8	2.29223998E-7	1.48129595E-4
4.94500000E+2	4.95890077E-9	2.21933924E-8	2.31136639E-7	1.48574916E-4
4.95000000E+2	3.89748390E-8	1.88968643E-8	1.90062779E-7	1.26506123E-4
4.95500000E+2	5.94454561E-9	2.49864134E-8	2.83860686E-7	1.67272953E-4
4.96000000E+2	5.25939390E-9	2.26532428E-8	2.06098403E-7	1.51653410E-4
4.96500000E+2	4.31527862E-9	1.65259756E-8	1.81266522E-7	1.10634075E-4
4.97000000E+2	5.89737730E-9	1.79246866E-8	2.26405325E-7	1.19997824E-4
4.97500000E+2	6.39966614E-9	2.08779242E-8	2.28311295E-7	1.39768440E-4
4.98000000E+2	4.78959074E-9	2.00666740E-8	2.56294524E-7	1.34337480E-4
4.98500000E+2	6.40754651E-9	2.47795220E-8	2.89573854E-7	1.65887907E-4
4.99000000E+2	7.26943260E-9	2.50500036E-8	5.59107307E-7	1.67698661E-4
4.99500000E+2	4.12742222E-9	1.81328125E-8	3.66718154E-7	1.21391135E-4
