0.00000000E+0	6.93364925E-8	1.23465209E-7	4.35221708E-3	1.53358551E-4
5.00000000E-1	4.33251193E-9	2.51833498E-7	1.34054940E-4	3.12807315E-4
1.00000000E+0	7.36293860E-9	1.88414577E-7	8.44041300E-5	2.34033432E-4
1.50000000E+0	7.70279248E-9	1.65628596E-7	6.67087938E-5	2.05730519E-4
2.00000000E+0	4.48682423E-9	2.11341979E-7	5.37317695E-5	2.62512006E-4
2.50000000E+0	4.78681743E-9	1.15151676E-7	4.57556251E-5	1.43032150E-4
3.00000000E+0	5.91602724E-9	1.03397507E-7	2.80232390E-5	1.28432066E-4
3.50000000E+0	3.80613012E-9	1.28473601E-7	3.24021650E-5	1.59579573E-4
4.00000000E+0	5.25798248E-9	1.21069458E-7	2.50175956E-5	1.50382742E-4
4.50000000E+0	5.20718919E-9	9.03939726E-8	1.85692370E-5	1.12280122E-4
5.00000000E+0	3.43993027E-3	2.76939562E-6	1.59708744E-5	3.43992047E-3
5.50000000E+0	4.82376080E-9	1.08751648E-7	1.21650326E-5	1.35082549E-4
6.00000000E+0	4.66591983E-9	8.11862630E-8	1.18105864E-5	1.00843045E-4
6.50000000E+0	4.15051794E-9	1.11734753E-7	1.05575278E-5	1.38787922E-4
7.00000000E+0	4.93718342E-9	7.89081344E-8	1.06988331E-5	9.80133373E-5
7.50000000E+0	4.31015526E-9	8.87226534E-8	8.92838217E-6	1.10204143E-4
8.00000000E+0	5.49450579E-9	6.35281427E-8	7.86097571E-6	7.89095487E-5
8.50000000E+0	6.19981756E-9	8.30077174E-8	7.39843677E-6	1.03105510E-4
9.00000000E+0	4.95586105E-9	5.94216479E-8	6.74194794E-6	7.38087912E-5
9.50000000E+0	5.14631613E-9	7.07554547E-8	6.05082654E-6	8.78867343E-5
1.00000000E+1	4.25724046E-8	7.99170735E-8	6.92853409E-6	9.92665603E-5
1.05000000E+1	5.10598108E-9	5.93423605E-8	6.46364937E-6	7.37103068E-5
1.10000000E+1	7.01733773E-9	5.26647363E-8	6.11678868E-6	6.54158991E-5
1.15000000E+1	5.93832759E-9	7.91228725E-8	5.09276339E-6	9.82800677E-5
1.20000000E+1	4.39081262E-9	5.37503649E-8	4.95219780E-6	6.67643796E-5
1.25000000E+1	4.19734000E-9	5.91626538E-8	4.96142581E-6	7.34870895E-5
1.30000000E+1	4.35065150E-9	6.19238171E-8	4.83903371E-6	7.69167845E-5
1.35000000E+1	4.39216887E-9	6.14083716E-8	4.55853548E-6	7.62765396E-5
1.40000000E+1	6.14492328E-9	7.21883319E-8	4.29374365E-6	8.96665392E-5
1.45000000E+1	4.46448719E-9	5.59004803E-8	3.99799932E-6	6.94350800E-5
1.50000000E+1	6.73545828E-8	5.59125770E-8	3.95086916E-6	6.94501056E-5
1.55000000E+1	6.10434794E-9	4.82516347E-8	3.73768992E-6	5.99342993E-5
1.60000000E+1	5.22846444E-9	4.52619568E-8	3.78557062E-6	5.62207619E-5
1.65000000E+1	6.38625182E-9	5.99850594E-8	3.70836525E-6	7.45086157E-5
1.70000000E+1	4.44555979E-9	4.46742054E-8	3.66678528E-6	5.54907045E-5
1.75000000E+1	4.25901611E-9	4.58469471E-8	3.27264551E-6	5.69473898E-5
1.80000000E+1	4.76519596E-9	5.32710238E-8	3.10616892E-6	6.61689807E-5
1.85000000E+1	4.78667958E-9	4.78737173E-8	3.16425329E-6	5.94648807E-5
1.90000000E+1	6.12167952E-9	6.02754355E-8	3.21718460E-6	7.48692975E-5
1.95000000E+1	5.08596786E-9	4.84160001E-8	3.16452119E-6	6.01384608E-5
2.00000000E+1	3.77873361E-8	4.72729621E-8	2.96008465E-6	5.87186710E-5
2.05000000E+1	4.75635572E-9	4.11277559E-8	2.81781592E-6	5.10855901E-5
2.10000000E+1	5.14673090E-9	5.48402406E-8	2.67806279E-6	6.81181356E-5
2.15000000E+1	4.43186181E-9	4.10013460E-8	2.76160797E-6	5.09285740E-5
2.20000000E+1	4.20898857E-9	6.03565552E-8	2.78212661E-6	7.49700578E-5
2.25000000E+1	5.48605184E-9	4.46589830E-8	2.71084812E-6	5.54717964E-5
2.30000000E+1	5.30236606E-9	3.92816735E-8	2.61514729E-6	4.87925351E-5
2.35000000E+1	4.85689049E-9	5.19524350E-8	2.55804940E-6	6.45311358E-5
2.40000000E+1	7.24984064E-9	4.05397351E-8	2.40037033E-6	5.03551980E-5
2.45000000E+1	4.69323233E-9	4.62475993E-8	2.31900540E-6	5.74450477E-5
2.50000000E+1	2.10112125E-8	4.89756106E-8	2.37316720E-6	6.08335639E-5
2.55000000E+1	4.50790222E-9	3.83738659E-8	2.42924210E-6	4.76649295E-5
2.60000000E+1	4.34550514E-9	4.00527085E-8	2.33546869E-6	4.97502527E-5
2.65000000E+1	5.80151468E-9	4.18947870E-8	2.26078387E-6	5.20383344E-5
2.70000000E+1	4.54627924E-9	3.97194942E-8	2.05201281E-6	4.93363607E-5
2.75000000E+1	5.30928303E-9	4.06677484E-8	2.09344630E-6	5.05142058E-5
2.80000000E+1	6.14446160E-9	3.54132492E-8	2.18671576E-6	4.39874896E-5
2.85000000E+1	6.71881701E-9	3.77775316E-8	2.21453493E-6	4.69242110E-5
2.90000000E+1	5.07656865E-9	4.10925008E-8	2.11310221E-6	5.10417990E-5
2.95000000E+1	5.22413005E-9	5.78885058E-8	2.04327516E-6	7.19044454E-5
3.00000000E+1	3.45151193E-8	3.31503780E-8	1.95368812E-6	4.11767330E-5
3.05000000E+1	5.35446743E-9	3.86609702E-8	1.91793803E-6	4.80215474E-5
3.10000000E+1	4.89323671E-9	4.22525898E-8	2.08237051E-6	5.24827683E-5
3.15000000E+1	4.83236582E-9	3.45168137E-8	2.06438251E-6	4.28740095E-5
3.20000000E+1	5.05273601E-9	4.46100078E-8	2.00016459E-6	5.54109633E-5
3.25000000E+1	4.64421758E-9	5.66329747E-8	1.89239743E-6	7.03449257E-5
3.30000000E+1	6.36956731E-9	3.53555858E-8	1.78989510E-6	4.39158647E-5
3.35000000E+1	5.27591777E-9	3.96637768E-8	1.79615917E-6	4.92671530E-5
3.40000000E+1	4.86783716E-9	3.80593834E-8	1.84971949E-6	4.72743047E-5
3.45000000E+1	4.38194782E-9	4.97303517E-8	1.86017043E-6	6.17710426E-5
3.50000000E+1	4.42748427E-8	3.85872413E-8	1.86327236E-6	4.79299673E-5
3.55000000E+1	5.05436863E-9	3.90694466E-8	1.70171411E-6	4.85289238E-5
3.60000000E+1	4.70727471E-9	3.72156066E-8	1.65698547E-6	4.62262330E-5
3.65000000E+1	4.11040369E-9	3.72443173E-8	1.69325588E-6	4.62618951E-5
3.70000000E+1	4.18332759E-9	4.65134767E-8	1.73939033E-6	5.77752993E-5
3.75000000E+1	5.12271147E-9	3.55678466E-8	1.76724067E-6	4.41795180E-5
3.80000000E+1	4.99969118E-9	4.36486141E-8	1.74998233E-6	5.42167975E-5
3.85000000E+1	5.55664529E-9	4.05040720E-8	1.59423964E-6	5.03109002E-5
3.90000000E+1	5.57594221E-9	4.64195707E-8	1.61288108E-6	5.76586569E-5
3.95000000E+1	4.86722632E-9	3.30524041E-8	1.61774048E-6	4.10550377E-5
4.00000000E+1	6.35716268E-8	3.46090433E-8	1.69973393E-6	4.29885697E-5
4.05000000E+1	5.97121110E-9	3.09525192E-8	1.68765407E-6	3.84467296E-5
4.10000000E+1	7.08521808E-9	3.13362407E-8	1.69327568E-6	3.89233576E-5
4.15000000E+1	4.09275081E-9	4.56102418E-8	1.62685100E-6	5.66533736E-5
4.20000000E+1	5.70571404E-9	4.19666395E-8	1.66286233E-6	5.21275839E-5
4.25000000E+1	5.15286558E-9	4.22041502E-8	1.67990847E-6	5.24226006E-5
4.30000000E+1	6.00728336E-9	4.60130881E-8	1.67447864E-6	5.71537569E-5
4.35000000E+1	4.46529461E-9	3.11177328E-8	1.89495055E-6	3.86519447E-5
4.40000000E+1	6.48110482E-9	3.46011332E-8	1.83351804E-6	4.29787444E-5
4.45000000E+1	5.26051614E-9	3.04013716E-8	1.84975699E-6	3.77621383E-5
4.50000000E+1	6.74756673E-8	3.11116579E-8	1.82969763E-6	3.86443989E-5
4.55000000E+1	4.31174818E-9	2.78135288E-8	1.97858891E-6	3.45477282E-5
4.60000000E+1	6.14303109E-9	4.18903734E-8	2.17132524E-6	5.20328522E-5
4.65000000E+1	6.62212516E-9	3.69962050E-8	2.36431576E-6	4.59537100E-5
4.70000000E+1	4.53032027E-9	3.07346316E-8	2.65586078E-6	3.81760872E-5
4.75000000E+1	5.12470279E-9	3.42872538E-8	3.03869921E-6	4.25888686E-5
4.80000000E+1	5.14886117E-9	2.93627471E-8	3.63502504E-6	3.64720425E-5
4.85000000E+1	5.19874543E-9	2.91382297E-8	4.71444563E-6	3.61931651E-5
4.90000000E+1	4.18026649E-9	2.75599077E-8	7.01992445E-6	3.42327005E-5
4.95000000E+1	4.34212554E-9	3.42535624E-8	1.42935297E-5	4.25470199E-5
5.00000000E+1	5.78089400E-8	3.91522871E-8	5.72011661E-4	4.86318217E-5
5.05000000E+1	4.19006887E-9	3.70099650E-8	1.33695394E-5	4.59708014E-5
5.10000000E+1	4.43957287E-9	4.61559286E-8	6.84841393E-6	5.73311817E-5
5.15000000E+1	4.78330616E-9	3.39506766E-8	4.55610265E-6	4.21707995E-5
5.20000000E+1	4.38239940E-9	3.17334328E-8	3.49540011E-6	3.94167176E-5
5.25000000E+1	5.39572798E-9	3.06127511E-8	2.90123483E-6	3.80246970E-5
5.30000000E+1	4.85786465E-9	3.58917259E-8	2.43731289E-6	4.45818148E-5
5.35000000E+1	4.19633095E-9	3.38813355E-8	2.19047706E-6	4.20846695E-5
5.40000000E+1	6.93844826E-9	4.06119433E-8	1.89290731E-6	5.04448892E-5
5.45000000E+1	4.65484116E-9	4.37693119E-8	1.78874687E-6	5.43667184E-5
5.50000000E+1	3.71958871E-8	3.55409656E-8	1.72531468E-6	4.41461286E-5
5.55000000E+1	4.76755668E-9	4.20279347E-8	1.65924589E-6	5.22037199E-5
5.60000000E+1	6.34737516E-9	3.16657043E-8	1.53524167E-6	3.93325908E-5
5.65000000E+1	5.15469671E-9	3.26909279E-8	1.42992009E-6	4.06060411E-5
5.70000000E+1	5.86503217E-9	3.05682616E-8	1.32384038E-6	3.79694357E-5
5.75000000E+1	4.69798449E-9	2.46677206E-8	1.32425450E-6	3.06402583E-5
5.80000000E+1	4.47596352E-9	3.21931951E-8	1.31090723E-6	3.99877974E-5
5.85000000E+1	5.53623548E-9	3.05352541E-8	1.30063732E-6	3.79284365E-5
5.90000000E+1	5.61663640E-9	3.38592904E-8	1.25079298E-6	4.20572869E-5
5.95000000E+1	5.65014362E-9	2.99606091E-8	1.18835955E-6	3.72146586E-5
6.00000000E+1	4.55492377E-8	3.49455216E-8	1.16647581E-6	4.34065160E-5
6.05000000E+1	4.43887309E-9	3.26681013E-8	1.12630106E-6	4.05776877E-5
6.10000000E+1	5.00627797E-9	3.68124032E-8	1.16460656E-6	4.57254061E-5
6.15000000E+1	6.79110897E-9	3.16709397E-8	1.14378416E-6	3.93390937E-5
6.20000000E+1	4.76117246E-9	3.10337063E-8	1.18465490E-6	3.85475737E-5
6.25000000E+1	4.22405136E-9	2.67457217E-8	1.07472698E-6	3.32213841E-5
6.30000000E+1	4.68002104E-9	3.27947822E-8	9.86325778E-7	4.07350405E-5
6.35000000E+1	4.49257494E-9	2.77890022E-8	1.04940148E-6	3.45172632E-5
6.40000000E+1	5.60013838E-9	2.90541369E-8	1.05768310E-6	3.60887118E-5
6.45000000E+1	5.25464295E-9	3.62142725E-8	1.09162013E-6	4.49824563E-5
6.50000000E+1	2.82148567E-8	3.01244698E-8	1.00825010E-6	3.74181933E-5
6.55000000E+1	4.89732561E-9	2.70556104E-8	9.76406091E-7	3.36063029E-5
6.60000000E+1	5.12808597E-9	2.56302018E-8	9.39127167E-7	3.18357750E-5
6.65000000E+1	7.16856737E-9	2.71856503E-8	9.71991977E-7	3.37678280E-5
6.70000000E+1	5.13230790E-9	2.44720792E-8	9.92918419E-7	3.03972483E-5
6.75000000E+1	4.26642606E-9	2.91132027E-8	1.00003991E-6	3.61620786E-5
6.80000000E+1	4.56408709E-9	3.11856651E-8	9.79884501E-7	3.87363246E-5
6.85000000E+1	5.21344968E-9	3.97257597E-8	9.30034957E-7	4.93441432E-5
6.90000000E+1	5.06921676E-9	2.75152470E-8	8.88992481E-7	3.41772266E-5
6.95000000E+1	5.34254621E-9	3.66447413E-8	9.26612480E-7	4.55171500E-5
7.00000000E+1	4.68960629E-8	2.36867634E-8	9.19568212E-7	2.94217922E-5
7.05000000E+1	4.52827942E-9	2.89096823E-8	9.21115368E-7	3.59092819E-5
7.10000000E+1	4.34503364E-9	2.87652271E-8	8.92106157E-7	3.57298513E-5
7.15000000E+1	3.95328385E-9	2.80870750E-8	9.01166187E-7	3.48875053E-5
7.20000000E+1	5.88503658E-9	2.67855748E-8	8.17086051E-7	3.32708865E-5
7.25000000E+1	4.12898299E-9	3.40164292E-8	8.45556019E-7	4.22524721E-5
7.30000000E+1	7.10120541E-9	2.67911660E-8	8.66084656E-7	3.32778313E-5
7.35000000E+1	4.79678367E-9	4.51203317E-8	9.43208680E-7	5.60448467E-5
7.40000000E+1	6.14203772E-9	2.64513823E-8	8.60482924E-7	3.28557793E-5
7.45000000E+1	4.64432997E-9	3.06389904E-8	8.15682671E-7	3.80572894E-5
7.50000000E+1	3.13763838E-8	2.37967841E-8	7.75124813E-7	2.95584510E-5
7.55000000E+1	5.38044584E-9	2.60928694E-8	8.08682908E-7	3.24104635E-5
7.60000000E+1	5.67989054E-9	2.32268148E-8	8.32435795E-7	2.88504811E-5
7.65000000E+1	6.31295882E-9	2.89863538E-8	8.44190623E-7	3.60045171E-5
7.70000000E+1	5.66716662E-9	2.82502640E-8	8.47102806E-7	3.50902055E-5
7.75000000E+1	6.20286100E-9	2.43302446E-8	7.90282890E-7	3.02210727E-5
7.80000000E+1	5.43920518E-9	3.47178185E-8	7.79834749E-7	4.31236815E-5
7.85000000E+1	4.27477770E-9	2.68384525E-8	7.69205025E-7	3.33365668E-5
7.90000000E+1	5.29544778E-9	3.39895311E-8	7.72749877E-7	4.22190615E-5
7.95000000E+1	5.93630717E-9	3.23607482E-8	8.05653169E-7	4.01959184E-5
8.00000000E+1	4.16112610E-8	3.69569318E-8	8.53766941E-7	4.59049279E-5
8.05000000E+1	5.14028444E-9	2.67564114E-8	7.60616833E-7	3.32346620E-5
8.10000000E+1	4.14128912E-9	2.77872805E-8	7.28160854E-7	3.45151247E-5
8.15000000E+1	5.88538586E-9	3.41047837E-8	7.65655089E-7	4.23622189E-5
8.20000000E+1	4.17605478E-9	2.45462281E-8	7.72075432E-7	3.04893501E-5
8.25000000E+1	5.10964693E-9	3.79895887E-8	8.10998473E-7	4.71876113E-5
8.30000000E+1	4.35670945E-9	2.83805132E-8	7.69480863E-7	3.52519906E-5
8.35000000E+1	4.18352775E-9	2.71997709E-8	7.26461929E-7	3.37853675E-5
8.40000000E+1	4.68574262E-9	2.52929077E-8	7.12063031E-7	3.14168154E-5
8.45000000E+1	5.44602570E-9	2.60353510E-8	7.10749567E-7	3.23390188E-5
8.50000000E+1	2.23201128E-8	4.06663372E-8	8.23914470E-7	5.05124529E-5
8.55000000E+1	5.02228034E-9	2.77875551E-8	7.59926802E-7	3.45154657E-5
8.60000000E+1	3.80962121E-9	2.83867018E-8	7.39388283E-7	3.52596776E-5
8.65000000E+1	5.29172539E-9	3.11610508E-8	7.18786594E-7	3.87057507E-5
8.70000000E+1	6.74669499E-9	2.73426137E-8	7.22485775E-7	3.39627953E-5
8.75000000E+1	4.03095816E-9	3.36010866E-8	7.20081248E-7	4.17365670E-5
8.80000000E+1	4.94533604E-9	3.51506627E-8	6.85541872E-7	4.36613257E-5
8.85000000E+1	5.62673253E-9	3.20140530E-8	7.55266213E-7	3.97652815E-5
8.90000000E+1	4.48550603E-9	3.07939677E-8	7.30621153E-7	3.82497897E-5
8.95000000E+1	4.27061603E-9	2.53543757E-8	7.48795551E-7	3.14931661E-5
9.00000000E+1	6.33962794E-8	3.13376563E-8	6.76111305E-7	3.89251159E-5
9.05000000E+1	4.28965007E-9	5.25827335E-8	7.56273482E-7	6.53140418E-5
9.10000000E+1	5.11874072E-9	2.71588527E-8	7.58373477E-7	3.37345422E-5
9.15000000E+1	5.41305000E-9	3.03387855E-8	7.44951611E-7	3.76843990E-5
9.20000000E+1	4.99547305E-9	2.98276128E-8	7.76004069E-7	3.70494614E-5
9.25000000E+1	4.81475404E-9	3.68151879E-8	7.21232290E-7	4.57288651E-5
9.30000000E+1	4.56742905E-9	2.57285647E-8	6.44418660E-7	3.19579535E-5
9.35000000E+1	5.09893187E-9	2.95774373E-8	6.91801393E-7	3.67387135E-5
9.40000000E+1	4.50460488E-9	3.83621924E-8	7.49828701E-7	4.76504296E-5
9.45000000E+1	4.74619281E-9	2.50003273E-8	6.96123505E-7	3.10533956E-5
9.50000000E+1	3.44750189E-8	2.50871831E-8	6.66559585E-7	3.11612808E-5
9.55000000E+1	4.52876855E-9	2.54947693E-8	6.68496213E-7	3.16675516E-5
9.60000000E+1	5.61663977E-9	2.40506247E-8	6.36466174E-7	2.98737514E-5
9.65000000E+1	4.61546227E-9	2.99374780E-8	6.23115711E-7	3.71859271E-5
9.70000000E+1	4.99582618E-9	2.42692840E-8	6.76339975E-7	3.01453523E-5
9.75000000E+1	4.42722166E-9	2.33298910E-8	6.81056833E-7	2.89785140E-5
9.80000000E+1	5.01721875E-9	2.70701107E-8	6.54912081E-7	3.36243140E-5
9.85000000E+1	5.22399063E-9	2.60531991E-8	6.28627224E-7	3.23611882E-5
9.90000000E+1	4.35815602E-9	2.47701085E-8	5.98994732E-7	3.07674363E-5
9.95000000E+1	4.74303477E-9	2.47367291E-8	6.37068669E-7	3.07259751E-5
1.00000000E+2	4.04879676E-8	2.33995600E-8	2.36531147E-6	2.90650513E-5
1.00500000E+2	5.40070596E-9	2.49052890E-8	6.82598243E-7	3.09353467E-5
1.01000000E+2	4.64044845E-9	2.92057089E-8	6.40940166E-7	3.62769823E-5
1.01500000E+2	5.03640293E-9	2.79829287E-8	6.20874499E-7	3.47581431E-5
1.02000000E+2	4.94492900E-9	2.31967810E-8	5.97837196E-7	2.88131755E-5
1.02500000E+2	4.09748471E-9	2.54948808E-8	5.95299768E-7	3.16676902E-5
1.03000000E+2	5.12456301E-9	3.19170791E-8	6.30450080E-7	3.96448283E-5
1.03500000E+2	3.97747811E-9	3.17462550E-8	6.44573123E-7	3.94326443E-5
1.04000000E+2	4.33630770E-9	2.61143884E-8	6.60188114E-7	3.24371927E-5
1.04500000E+2	5.92738526E-9	3.12226032E-8	6.30919407E-7	3.87822063E-5
1.05000000E+2	3.97913209E-8	2.23400619E-8	5.83562470E-7	2.77490279E-5
1.05500000E+2	5.77931808E-9	3.16385786E-8	5.99946376E-7	3.92988974E-5
1.06000000E+2	5.76743711E-9	2.90830778E-8	5.90569353E-7	3.61246598E-5
1.06500000E+2	4.71349076E-9	2.21193105E-8	6.14971816E-7	2.74748283E-5
1.07000000E+2	4.39366076E-9	2.43484602E-8	6.15604593E-7	3.02436988E-5
1.07500000E+2	4.32056123E-9	2.38577257E-8	5.87969352E-7	2.96341478E-5
1.08000000E+2	5.49579107E-9	2.91115679E-8	5.64196420E-7	3.61600480E-5
1.08500000E+2	5.22339111E-9	2.59881582E-8	5.78326828E-7	3.22803997E-5
1.09000000E+2	5.25468936E-9	2.84552252E-8	5.94333741E-7	3.53447918E-5
1.09500000E+2	7.15874663E-9	2.35342175E-8	6.01624976E-7	2.92323119E-5
1.10000000E+2	5.96366171E-8	2.33637258E-8	5.97341727E-7	2.90205408E-5
1.10500000E+2	4.64163127E-9	3.14210417E-8	6.01137464E-7	3.90286906E-5
1.11000000E+2	6.46047539E-9	2.82791757E-8	5.54739181E-7	3.51261173E-5
1.11500000E+2	5.30792278E-9	2.57987121E-8	5.30357094E-7	3.20450850E-5
1.12000000E+2	5.84236765E-9	2.99045887E-8	5.81722841E-7	3.71450747E-5
1.12500000E+2	4.67485695E-9	2.14286508E-8	5.66889611E-7	2.66169464E-5
1.13000000E+2	4.97614037E-9	2.55886875E-8	5.44647584E-7	3.17842093E-5
1.13500000E+2	4.09085554E-9	3.28648292E-8	5.65165378E-7	4.08220472E-5
1.14000000E+2	5.75999757E-9	2.27652445E-8	5.44194620E-7	2.82771555E-5
1.14500000E+2	5.61911807E-9	2.18106890E-8	5.44988367E-7	2.70914834E-5
1.15000000E+2	4.23958479E-8	2.93527996E-8	5.56627562E-7	3.64596866E-5
1.15500000E+2	4.63033197E-9	2.20652930E-8	5.75072826E-7	2.74077321E-5
1.16000000E+2	4.70156209E-9	2.62989931E-8	5.59484761E-7	3.26664938E-5
1.16500000E+2	4.20395189E-9	2.23346353E-8	5.14304916E-7	2.77422874E-5
1.17000000E+2	5.56363647E-9	2.82434254E-8	5.34828511E-7	3.50817111E-5
1.17500000E+2	4.65159034E-9	2.16748708E-8	5.17223577E-7	2.69227810E-5
1.18000000E+2	4.45665214E-9	3.07451974E-8	6.01680707E-7	3.81892111E-5
1.18500000E+2	5.31012392E-9	2.13457115E-8	5.66290645E-7	2.65139258E-5
1.19000000E+2	4.50864219E-9	2.25595371E-8	5.30024375E-7	2.80216423E-5
1.19500000E+2	6.90433029E-9	2.25034962E-8	5.22513205E-7	2.79520329E-5
1.20000000E+2	4.32544619E-8	2.26128505E-8	5.03805974E-7	2.80878639E-5
1.20500000E+2	5.60316075E-9	2.27891734E-8	5.34526940E-7	2.83068781E-5
1.21000000E+2	4.36557848E-9	3.04469326E-8	5.38049348E-7	3.78187306E-5
1.21500000E+2	4.20544669E-9	2.93982564E-8	5.62329968E-7	3.65161493E-5
1.22000000E+2	4.67429312E-9	2.22480605E-8	5.53934032E-7	2.76347512E-5
1.22500000E+2	5.70202955E-9	2.25581288E-8	4.95069315E-7	2.80198930E-5
1.23000000E+2	4.16829909E-9	2.56116371E-8	4.97254006E-7	3.18127154E-5
1.23500000E+2	6.43984770E-9	2.35205220E-8	5.31311298E-7	2.92153005E-5
1.24000000E+2	5.76718164E-9	2.79858501E-8	5.09283860E-7	3.47617718E-5
1.24500000E+2	5.48066753E-9	2.81473896E-8	5.29437016E-7	3.49624233E-5
1.25000000E+2	3.44436759E-8	2.47912226E-8	5.56934062E-7	3.07936625E-5
1.25500000E+2	6.83375334E-9	2.11134701E-8	4.87877889E-7	2.62254542E-5
1.26000000E+2	4.51708797E-9	2.15709469E-8	4.76477791E-7	2.67936951E-5
1.26500000E+2	5.52134118E-9	2.56865268E-8	4.91444908E-7	3.19057374E-5
1.27000000E+2	6.98074307E-9	2.35673899E-8	4.97655560E-7	2.92735160E-5
1.27500000E+2	5.42309887E-9	2.19542621E-8	5.24061497E-7	2.72698184E-5
1.28000000E+2	4.51965847E-9	2.36559763E-8	5.91032851E-7	2.93835509E-5
1.28500000E+2	5.63792793E-9	2.26672197E-8	4.69516431E-7	2.81553970E-5
1.29000000E+2	4.40385277E-9	2.51762949E-8	4.82088962E-7	3.12719684E-5
1.29500000E+2	5.66037812E-9	2.69856379E-8	5.18339868E-7	3.35193887E-5
1.30000000E+2	5.81997731E-8	2.38439617E-8	5.77346116E-7	2.96170513E-5
1.30500000E+2	4.42762061E-9	2.94795773E-8	5.57815545E-7	3.66171596E-5
1.31000000E+2	4.72960108E-9	2.43521513E-8	5.41924514E-7	3.02482835E-5
1.31500000E+2	4.02743651E-9	3.39997029E-8	5.08838239E-7	4.22316961E-5
1.32000000E+2	7.93738578E-9	2.24766501E-8	5.07082337E-7	2.79186868E-5
1.32500000E+2	5.29950463E-9	2.77707374E-8	4.54985957E-7	3.44945762E-5
1.33000000E+2	6.31158888E-9	2.52532508E-8	5.26126802E-7	3.13675568E-5
1.33500000E+2	6.65704196E-9	2.07337390E-8	5.10186270E-7	2.57537828E-5
1.34000000E+2	5.36677095E-9	2.28607707E-8	4.95047256E-7	2.83958105E-5
1.34500000E+2	4.52211173E-9	2.23106668E-8	4.67984118E-7	2.77125157E-5
1.35000000E+2	2.79748082E-8	2.20354446E-8	4.62066886E-7	2.73706568E-5
1.35500000E+2	4.20091117E-9	2.87097451E-8	4.84804724E-7	3.56609360E-5
1.36000000E+2	4.34448809E-9	2.19992083E-8	4.90289558E-7	2.73256470E-5
1.36500000E+2	7.57776794E-9	2.46653931E-8	4.98652085E-7	3.06373672E-5
1.37000000E+2	3.70738092E-9	2.58057495E-8	4.87801591E-7	3.20538263E-5
1.37500000E+2	4.44672044E-9	3.59380806E-8	5.29469551E-7	4.46393929E-5
1.38000000E+2	4.66042563E-9	2.08365485E-8	4.41562805E-7	2.58814845E-5
1.38500000E+2	4.21291914E-9	2.66580328E-8	4.54897488E-7	3.31124640E-5
1.39000000E+2	4.83169556E-9	2.00790711E-8	4.81889154E-7	2.49406070E-5
1.39500000E+2	4.62765801E-9	2.16054257E-8	4.76099062E-7	2.68365219E-5
1.40000000E+2	4.81258962E-8	2.54367018E-8	4.86036204E-7	3.15954249E-5
1.40500000E+2	5.21395357E-9	2.14718864E-8	4.69557115E-7	2.66706501E-5
1.41000000E+2	5.57156740E-9	2.22256795E-8	4.40106762E-7	2.76069513E-5
1.41500000E+2	3.97588309E-9	2.23418434E-8	4.52712474E-7	2.77512408E-5
1.42000000E+2	5.07498891E-9	3.61134996E-8	4.75802613E-7	4.48572843E-5
1.42500000E+2	4.09723484E-9	2.04906823E-8	4.60455095E-7	2.54518773E-5
1.43000000E+2	5.69790668E-9	2.58373956E-8	4.86075433E-7	3.20931345E-5
1.43500000E+2	5.07439302E-9	1.91144178E-8	4.95974501E-7	2.37423923E-5
1.44000000E+2	6.04029244E-9	2.42645223E-8	4.79701023E-7	3.01394377E-5
1.44500000E+2	4.37195413E-9	4.25116968E-8	4.73570009E-7	5.28046102E-5
1.45000000E+2	3.45156545E-8	2.80826984E-8	4.44745336E-7	3.48820691E-5
1.45500000E+2	4.37667457E-9	2.63308511E-8	4.83723105E-7	3.27060652E-5
1.46000000E+2	6.00402884E-9	3.09924276E-8	4.81753774E-7	3.84963006E-5
1.46500000E+2	6.78257718E-9	2.77294669E-8	4.75516180E-7	3.44433133E-5
1.47000000E+2	4.33438224E-9	2.37626044E-8	4.51496096E-7	2.95159957E-5
1.47500000E+2	4.34922639E-9	2.22890789E-8	4.65352069E-7	2.76857010E-5
1.48000000E+2	5.72186437E-9	2.43534656E-8	5.16452113E-7	3.02499160E-5
1.48500000E+2	5.90172659E-9	3.20103495E-8	6.95927646E-7	3.97606813E-5
1.49000000E+2	4.76566266E-9	2.34312617E-8	6.62498371E-7	2.91044285E-5
1.49500000E+2	5.21239430E-9	2.52120846E-8	1.14085808E-6	3.13164235E-5
1.50000000E+2	3.50803213E-8	2.47232144E-8	1.29881079E-5	3.07091882E-5
1.50500000E+2	6.96464365E-9	2.72406024E-8	1.00195353E-6	3.38360851E-5
1.51000000E+2	5.71553894E-9	3.03380215E-8	6.90742366E-7	3.76834500E-5
1.51500000E+2	4.18446370E-9	2.66495121E-8	5.45990867E-7	3.31018803E-5
1.52000000E+2	4.43010798E-9	2.21722273E-8	5.30945649E-7	2.75405573E-5
1.52500000E+2	5.49435040E-9	1.91974937E-8	5.24287841E-7	2.38455825E-5
1.53000000E+2	4.17687078E-9	2.37633954E-8	4.48764175E-7	2.95169782E-5
1.53500000E+2	5.43657959E-9	2.04433272E-8	4.59466038E-7	2.53930566E-5
1.54000000E+2	4.32987527E-9	2.36480481E-8	4.52642575E-7	2.93737031E-5
1.54500000E+2	4.34821136E-9	2.45516386E-8	5.19244926E-7	3.04960706E-5
1.55000000E+2	3.39075056E-8	3.30721545E-8	4.67636098E-7	4.10795700E-5
1.55500000E+2	5.25995899E-9	1.99601908E-8	4.26953939E-7	2.47929434E-5
1.56000000E+2	5.39797983E-9	2.03801996E-8	4.25141926E-7	2.53146446E-5
1.56500000E+2	5.34999429E-9	2.17479066E-8	4.15897551E-7	2.70135003E-5
1.57000000E+2	6.13803239E-9	2.30686689E-8	4.60678770E-7	2.86540449E-5
1.57500000E+2	5.31117848E-9	3.08415750E-8	4.61914955E-7	3.83089236E-5
1.58000000E+2	5.41143381E-9	3.91550669E-8	4.70347607E-7	4.86352745E-5
1.58500000E+2	4.81332538E-9	2.71353504E-8	4.44701772E-7	3.37053496E-5
1.59000000E+2	6.12336192E-9	2.38864003E-8	4.53722171E-7	2.96697650E-5
1.59500000E+2	6.25535116E-9	2.75169766E-8	4.42424021E-7	3.41793749E-5
1.60000000E+2	3.21750659E-8	2.12114353E-8	4.28731110E-7	2.63471387E-5
1.60500000E+2	4.45753681E-9	2.63592053E-8	4.76172398E-7	3.27412845E-5
1.61000000E+2	3.83275362E-9	2.60651034E-8	4.63794127E-7	3.23759748E-5
1.61500000E+2	4.42133548E-9	2.08623266E-8	4.43753687E-7	2.59135039E-5
1.62000000E+2	4.36708444E-9	2.12476775E-8	4.11601726E-7	2.63921559E-5
1.62500000E+2	6.64910817E-9	2.11171543E-8	4.05058305E-7	2.62300304E-5
1.63000000E+2	5.28849291E-9	3.23784326E-8	4.63426633E-7	4.02178845E-5
1.63500000E+2	4.50777129E-9	2.22943991E-8	4.20286946E-7	2.76923092E-5
1.64000000E+2	6.74778300E-9	3.58982772E-8	4.51832983E-7	4.45899523E-5
1.64500000E+2	4.78726789E-9	1.95604703E-8	4.00499636E-7	2.42964428E-5
1.65000000E+2	3.65348718E-8	2.03580450E-8	3.95790181E-7	2.52871259E-5
1.65500000E+2	4.26017922E-9	2.30660438E-8	4.33039859E-7	2.86507842E-5
1.66000000E+2	4.82195556E-9	2.19206908E-8	4.10203097E-7	2.72281188E-5
1.66500000E+2	4.12455334E-9	2.06504173E-8	4.57562093E-7	2.56502872E-5
1.67000000E+2	4.75380522E-9	2.20309754E-8	4.17755737E-7	2.73651055E-5
1.67500000E+2	6.94651976E-9	3.29604295E-8	4.64395399E-7	4.09407942E-5
1.68000000E+2	4.19520710E-9	2.59024995E-8	4.21052983E-7	3.21740014E-5
1.68500000E+2	5.73735204E-9	1.97199179E-8	4.12671369E-7	2.44944958E-5
1.69000000E+2	5.96516184E-9	2.92258723E-8	3.88765509E-7	3.63020277E-5
1.69500000E+2	4.75261184E-9	2.40258171E-8	4.55100655E-7	2.98429374E-5
1.70000000E+2	5.86080437E-8	2.42144349E-8	4.40887757E-7	3.00772232E-5
1.70500000E+2	4.59749168E-9	3.29907355E-8	4.32974750E-7	4.09784379E-5
1.71000000E+2	5.86629626E-9	2.31608204E-8	3.91243795E-7	2.87685081E-5
1.71500000E+2	4.85120706E-9	2.45113636E-8	3.87937879E-7	3.04460442E-5
1.72000000E+2	4.77234286E-9	2.42055428E-8	4.06349040E-7	3.00661782E-5
1.72500000E+2	6.77359457E-9	2.04118051E-8	4.08001998E-7	2.53539024E-5
1.73000000E+2	4.69401870E-9	2.60668524E-8	4.48943600E-7	3.23781473E-5
1.73500000E+2	4.87415330E-9	1.97428998E-8	3.91830626E-7	2.45230421E-5
1.74000000E+2	4.39555553E-9	2.75754443E-8	4.63814099E-7	3.42519987E-5
1.74500000E+2	4.11142386E-9	2.18739033E-8	3.81170672E-7	2.71700032E-5
1.75000000E+2	3.40218328E-8	2.42577120E-8	4.07668072E-7	3.01309785E-5
1.75500000E+2	3.97514575E-9	2.34015445E-8	4.03755077E-7	2.90675162E-5
1.76000000E+2	5.47686968E-9	2.52022112E-8	4.03979223E-7	3.13041596E-5
1.76500000E+2	4.62714212E-9	2.62234309E-8	4.07150238E-7	3.25726364E-5
1.77000000E+2	4.31635190E-9	2.28934863E-8	3.94287751E-7	2.84364471E-5
1.77500000E+2	5.88741963E-9	2.13102757E-8	3.70332894E-7	2.64699104E-5
1.78000000E+2	9.92366103E-9	2.25693768E-8	4.15528376E-7	2.80338644E-5
1.78500000E+2	7.86987158E-9	2.56134264E-8	3.84890684E-7	3.18149380E-5
1.79000000E+2	5.27061650E-9	3.05332019E-8	4.25116272E-7	3.79258873E-5
1.79500000E+2	4.73363293E-9	2.21598930E-8	4.01288629E-7	2.75252366E-5
1.80000000E+2	7.73936172E-8	2.35543887E-8	3.71131256E-7	2.92573670E-5
1.80500000E+2	5.51589274E-9	3.49880099E-8	3.85407139E-7	4.34592915E-5
1.81000000E+2	5.90720796E-9	2.25059354E-8	3.79338732E-7	2.79550626E-5
1.81500000E+2	6.98305604E-9	2.53539720E-8	3.98217238E-7	3.14926645E-5
1.82000000E+2	5.66998338E-9	1.91938362E-8	3.91019359E-7	2.38410394E-5
1.82500000E+2	5.06323952E-9	2.07055296E-8	3.71779829E-7	2.57187433E-5
1.83000000E+2	4.91655746E-9	2.44393036E-8	3.65100256E-7	3.03565370E-5
1.83500000E+2	4.67891851E-9	2.02635656E-8	3.67106035E-7	2.51697712E-5
1.84000000E+2	4.61716354E-9	3.21369576E-8	4.15922767E-7	3.99179437E-5
1.84500000E+2	4.88699205E-9	2.87844411E-8	4.13010790E-7	3.57537174E-5
1.85000000E+2	2.91673304E-8	2.67090000E-8	4.41344246E-7	3.31757714E-5
1.85500000E+2	4.80559326E-9	2.36234119E-8	3.64876583E-7	2.93431021E-5
1.86000000E+2	4.03303271E-9	2.46018919E-8	3.73807158E-7	3.05584912E-5
1.86500000E+2	4.28878028E-9	2.95811699E-8	4.01793403E-7	3.67433498E-5
1.87000000E+2	6.34552284E-9	2.38372370E-8	3.87741189E-7	2.96086984E-5
1.87500000E+2	5.68570471E-9	2.91207532E-8	4.16353005E-7	3.61714572E-5
1.88000000E+2	4.51151982E-9	2.50293060E-8	4.09805036E-7	3.10893905E-5
1.88500000E+2	4.58521888E-9	2.38346095E-8	4.02217034E-7	2.96054347E-5
1.89000000E+2	4.10187224E-9	2.12351858E-8	3.66458117E-7	2.63766396E-5
1.89500000E+2	4.73367888E-9	2.68648212E-8	3.65507295E-7	3.33693199E-5
1.90000000E+2	5.67392690E-8	1.90752207E-8	4.34542246E-7	2.36937048E-5
1.90500000E+2	4.59214950E-9	2.77320158E-8	4.00330863E-7	3.44464794E-5
1.91000000E+2	4.19938405E-9	2.26399190E-8	5.21392412E-7	2.81214863E-5
1.91500000E+2	4.73242544E-9	2.22742556E-8	4.74034928E-7	2.76672886E-5
1.92000000E+2	6.11364613E-9	1.75951261E-8	3.88147725E-7	2.18552503E-5
1.92500000E+2	4.07127510E-9	2.07780350E-8	3.76140304E-7	2.58088037E-5
1.93000000E+2	5.48311469E-9	2.31705446E-8	3.77394376E-7	2.87805867E-5
1.93500000E+2	4.89082819E-9	2.18807883E-8	4.09667261E-7	2.71785552E-5
1.94000000E+2	4.68242198E-9	2.49990539E-8	4.08740676E-7	3.10518139E-5
1.94500000E+2	5.44817254E-9	1.75066769E-8	4.09390279E-7	2.17453859E-5
1.95000000E+2	4.85368393E-8	2.33410493E-8	4.13522281E-7	2.89923740E-5
1.95500000E+2	4.18880186E-9	2.28398276E-8	4.59093677E-7	2.83697967E-5
1.96000000E+2	5.68889444E-9	2.50001937E-8	4.00285386E-7	3.10532296E-5
1.96500000E+2	5.77712412E-9	2.03241473E-8	3.77968947E-7	2.52450209E-5
1.97000000E+2	4.70778213E-9	3.04273113E-8	4.54454586E-7	3.77943586E-5
1.97500000E+2	4.85974905E-9	1.97016531E-8	3.77993082E-7	2.44718087E-5
1.98000000E+2	5.72130771E-9	2.22746594E-8	3.65189412E-7	2.76677901E-5
1.98500000E+2	4.15410256E-9	2.45657107E-8	3.56458778E-7	3.05135498E-5
1.99000000E+2	6.47726223E-9	1.89144229E-8	3.50794159E-7	2.34939746E-5
1.99500000E+2	3.81735189E-9	2.71891850E-8	4.08989585E-7	3.37722185E-5
2.00000000E+2	4.03965092E-8	2.09178717E-8	6.52362236E-7	2.59824977E-5
2.00500000E+2	4.83809324E-9	2.37059860E-8	4.71437673E-7	2.94456689E-5
2.01000000E+2	4.79655991E-9	2.26216003E-8	3.84549066E-7	2.80987322E-5
2.01500000E+2	5.06290172E-9	2.12187065E-8	3.33903680E-7	2.63561704E-5
2.02000000E+2	6.99162252E-9	2.25379454E-8	3.60299574E-7	2.79948229E-5
2.02500000E+2	7.41774203E-9	1.88210130E-8	3.68320824E-7	2.33779484E-5
2.03000000E+2	4.68853138E-9	3.65123457E-8	4.48389871E-7	4.53526989E-5
2.03500000E+2	7.58658961E-9	2.19403915E-8	3.42758950E-7	2.72525894E-5
2.04000000E+2	5.25126264E-9	2.33619204E-8	3.34022550E-7	2.90182984E-5
2.04500000E+2	4.67945017E-9	1.98643450E-8	3.69985454E-7	2.46738915E-5
2.05000000E+2	3.45264961E-8	2.25150615E-8	3.56138681E-7	2.79663983E-5
2.05500000E+2	4.88006848E-9	2.29565295E-8	4.17722082E-7	2.85147544E-5
2.06000000E+2	5.28014206E-9	2.11386148E-8	4.20063537E-7	2.62566869E-5
2.06500000E+2	4.68911934E-9	1.93156760E-8	3.74933562E-7	2.39923790E-5
2.07000000E+2	5.57259557E-9	2.07571443E-8	3.75906162E-7	2.57828549E-5
2.07500000E+2	5.25955731E-9	2.85849890E-8	3.66366138E-7	3.55059740E-5
2.08000000E+2	4.45278878E-9	2.94745224E-8	4.17466233E-7	3.66108808E-5
2.08500000E+2	5.31562017E-9	2.67001102E-8	4.14395639E-7	3.31647292E-5
2.09000000E+2	6.45911840E-9	2.18273830E-8	5.03207269E-7	2.71122194E-5
2.09500000E+2	5.42044968E-9	2.95294682E-8	3.35664263E-7	3.66791301E-5
2.10000000E+2	5.40395401E-8	1.89708312E-8	4.09614944E-7	2.35640405E-5
2.10500000E+2	4.44086576E-9	1.87951006E-8	3.81108508E-7	2.33457622E-5
2.11000000E+2	4.57595946E-9	1.99135817E-8	3.71267928E-7	2.47350494E-5
2.11500000E+2	4.68799105E-9	2.19488584E-8	3.69325755E-7	2.72631064E-5
2.12000000E+2	4.41558716E-9	2.42364215E-8	3.81254892E-7	3.01045332E-5
2.12500000E+2	5.88539017E-9	2.21227123E-8	3.40579748E-7	2.74790537E-5
2.13000000E+2	5.80989265E-9	2.29473229E-8	3.48202459E-7	2.85033186E-5
2.13500000E+2	4.51669132E-9	2.10605760E-8	3.28834079E-7	2.61597534E-5
2.14000000E+2	5.52445838E-9	2.49435421E-8	3.50649525E-7	3.09828616E-5
2.14500000E+2	5.62805904E-9	2.20696836E-8	3.54910047E-7	2.74131857E-5
2.15000000E+2	3.61977327E-8	2.43463860E-8	3.69240578E-7	3.02411223E-5
2.15500000E+2	5.02488156E-9	1.85020965E-8	3.28022498E-7	2.29818160E-5
2.16000000E+2	5.90116949E-9	2.69367409E-8	3.65779631E-7	3.34586527E-5
2.16500000E+2	4.49737205E-9	2.21717027E-8	3.13978366E-7	2.75399057E-5
2.17000000E+2	4.29351063E-9	2.04152442E-8	3.51504770E-7	2.53581741E-5
2.17500000E+2	4.70762892E-9	2.28338075E-8	3.96214035E-7	2.83623189E-5
2.18000000E+2	4.76394618E-9	2.01285281E-8	3.39214251E-7	2.50020384E-5
2.18500000E+2	6.16622330E-9	3.30463917E-8	3.43551001E-7	4.10475695E-5
2.19000000E+2	4.67376494E-9	2.43455656E-8	3.49723556E-7	3.02401033E-5
2.19500000E+2	4.40048042E-9	2.25477847E-8	3.13207644E-7	2.80070444E-5
2.20000000E+2	5.09065894E-8	1.88051752E-8	3.32803081E-7	2.33582759E-5
2.20500000E+2	4.39938645E-9	2.01062856E-8	3.44448485E-7	2.49744107E-5
2.21000000E+2	4.26698640E-9	2.67625304E-8	3.65569993E-7	3.32422625E-5
2.21500000E+2	4.98691720E-9	2.11586565E-8	3.46560492E-7	2.62815811E-5
2.22000000E+2	7.16372904E-9	2.38957541E-8	3.04279855E-7	2.96813836E-5
2.22500000E+2	4.60267886E-9	2.53177882E-8	3.35715061E-7	3.14477200E-5
2.23000000E+2	3.96178199E-9	2.50217572E-8	3.79647839E-7	3.10800141E-5
2.23500000E+2	6.34471139E-9	2.00555255E-8	3.24842870E-7	2.49113605E-5
2.24000000E+2	4.54349986E-9	2.57636566E-8	3.46121869E-7	3.20015418E-5
2.24500000E+2	6.31363579E-9	3.17072356E-8	3.65054306E-7	3.93841776E-5
2.25000000E+2	4.83014210E-8	2.03055190E-8	3.23468572E-7	2.52218824E-5
2.25500000E+2	5.39971357E-9	2.50248645E-8	3.41272046E-7	3.10838738E-5
2.26000000E+2	4.94114295E-9	1.94340213E-8	3.63775204E-7	2.41393780E-5
2.26500000E+2	6.96463447E-9	2.06070663E-8	3.85094120E-7	2.55964402E-5
2.27000000E+2	6.24998824E-9	1.99309190E-8	3.50085774E-7	2.47565843E-5
2.27500000E+2	4.65890098E-9	1.90933532E-8	3.34907379E-7	2.37162275E-5
2.28000000E+2	5.69585848E-9	1.96652659E-8	3.89900245E-7	2.44266114E-5
2.28500000E+2	5.72203507E-9	2.20095254E-8	3.22056414E-7	2.73384620E-5
2.29000000E+2	5.70519065E-9	2.56558342E-8	3.86774076E-7	3.18676135E-5
2.29500000E+2	4.27463926E-9	3.22052163E-8	6.15160461E-7	4.00027291E-5
2.30000000E+2	5.71236922E-8	2.04909697E-8	3.44175969E-7	2.54522342E-5
2.30500000E+2	7.01903996E-9	2.55408183E-8	3.19601893E-7	3.17247500E-5
2.31000000E+2	5.20758772E-9	2.04619115E-8	3.52876909E-7	2.54161405E-5
2.31500000E+2	4.66298461E-9	2.07994740E-8	3.04987137E-7	2.58354335E-5
2.32000000E+2	3.96381506E-9	2.17902210E-8	2.98609839E-7	2.70660597E-5
2.32500000E+2	5.43811368E-9	1.96407684E-8	3.50490423E-7	2.43961827E-5
2.33000000E+2	4.56826295E-9	1.96945706E-8	3.47508036E-7	2.44630114E-5
2.33500000E+2	6.31896912E-9	2.19184609E-8	3.88496291E-7	2.72253491E-5
2.34000000E+2	4.62677051E-9	2.32621139E-8	3.62134704E-7	2.88943267E-5
2.34500000E+2	6.25691228E-9	2.95400957E-8	3.28892111E-7	3.66923308E-5
2.35000000E+2	7.32591803E-8	2.17490643E-8	3.07744659E-7	2.70149382E-5
2.35500000E+2	5.28131537E-9	1.79159903E-8	3.33048562E-7	2.22538020E-5
2.36000000E+2	4.71538853E-9	2.99612236E-8	3.34052399E-7	3.72154219E-5
2.36500000E+2	7.27340432E-9	1.99012696E-8	3.86665836E-7	2.47197563E-5
2.37000000E+2	4.96508652E-9	1.95266191E-8	2.94115509E-7	2.42543956E-5
2.37500000E+2	6.09531955E-9	2.26795806E-8	3.64509918E-7	2.81707507E-5
2.38000000E+2	4.60506588E-9	2.35543261E-8	3.45250268E-7	2.92572892E-5
2.38500000E+2	7.58134682E-9	2.13128766E-8	3.15076933E-7	2.64731409E-5
2.39000000E+2	4.48664284E-9	2.11094253E-8	3.21219103E-7	2.62204301E-5
2.39500000E+2	5.81964996E-9	2.75538575E-8	3.08375558E-7	3.42251854E-5
2.40000000E+2	6.78666761E-8	2.10488612E-8	3.37153969E-7	2.61452023E-5
2.40500000E+2	5.23697330E-9	1.92349839E-8	3.26605531E-7	2.38921498E-5
2.41000000E+2	4.75662616E-9	2.35024041E-8	3.07931873E-7	2.91927959E-5
2.41500000E+2	4.16649279E-9	2.39625171E-8	3.72253924E-7	2.97643113E-5
2.42000000E+2	5.68765902E-9	2.09232347E-8	3.30400887E-7	2.59891591E-5
2.42500000E+2	4.16124316E-9	1.88618769E-8	3.21875300E-7	2.34287062E-5
2.43000000E+2	4.67090596E-9	1.72932454E-8	3.12800691E-7	2.14802784E-5
2.43500000E+2	5.80155688E-9	2.08913522E-8	3.06002190E-7	2.59495572E-5
2.44000000E+2	4.22027172E-9	2.78327282E-8	3.48673721E-7	3.45715761E-5
2.44500000E+2	5.82689909E-9	1.99351872E-8	3.56319760E-7	2.47618860E-5
2.45000000E+2	2.31238250E-8	2.43377582E-8	3.65240006E-7	3.02304056E-5
2.45500000E+2	5.02734284E-9	2.25038569E-8	3.20112442E-7	2.79524809E-5
2.46000000E+2	6.18170583E-9	1.97781429E-8	3.29106366E-7	2.45668182E-5
2.46500000E+2	5.10628914E-9	2.68254116E-8	3.36160930E-7	3.33203685E-5
2.47000000E+2	6.75495216E-9	2.75638159E-8	3.98102853E-7	3.42375549E-5
2.47500000E+2	4.67506207E-9	2.45346632E-8	4.00715381E-7	3.04749851E-5
2.48000000E+2	6.77582932E-9	2.20106653E-8	4.44653947E-7	2.73398779E-5
2.48500000E+2	5.37988813E-9	2.70760326E-8	5.69579138E-7	3.36316697E-5
2.49000000E+2	4.45660473E-9	2.40860276E-8	6.05165806E-7	2.99177260E-5
2.49500000E+2	5.17841330E-9	1.98007862E-8	1.24777323E-6	2.45949439E-5
2.50000000E+2	7.16301408E-8	2.51545383E-8	8.31967564E-6	3.12449441E-5
2.50500000E+2	5.43188106E-9	2.08016536E-8	1.00178894E-6	2.58381408E-5
2.51000000E+2	4.51048347E-9	1.87606200E-8	5.82781978E-7	2.33029331E-5
2.51500000E+2	5.74762657E-9	2.53171859E-8	4.77691831E-7	3.14469719E-5
2.52000000E+2	4.69018690E-9	1.87799910E-8	4.25142353E-7	2.33269942E-5
2.52500000E+2	4.27660456E-9	3.19248977E-8	4.37157693E-7	3.96545399E-5
2.53000000E+2	4.89603333E-9	1.92396831E-8	3.53673052E-7	2.38979868E-5
2.53500000E+2	6.14828936E-9	2.18191785E-8	3.93526521E-7	2.71020285E-5
2.54000000E+2	4.37073500E-9	2.28902904E-8	3.54315391E-7	2.84324775E-5
2.54500000E+2	4.14842434E-9	2.43132962E-8	3.50303898E-7	3.02000208E-5
2.55000000E+2	4.23291695E-8	1.69879937E-8	3.39154059E-7	2.11011192E-5
2.55500000E+2	5.07691501E-9	2.53488583E-8	3.59181229E-7	3.14863128E-5
2.56000000E+2	4.19179376E-9	2.37695234E-8	3.20670925E-7	2.95245899E-5
2.56500000E+2	4.24229789E-9	2.36464396E-8	3.16212698E-7	2.93717052E-5
2.57000000E+2	5.76589121E-9	1.94535661E-8	3.18539092E-7	2.41636549E-5
2.57500000E+2	5.47128018E-9	2.48688484E-8	4.24141824E-7	3.08900831E-5
2.58000000E+2	5.56722834E-9	1.96549069E-8	3.02685170E-7	2.44137443E-5
2.58500000E+2	4.27799492E-9	2.76415023E-8	3.35965110E-7	3.43340507E-5
2.59000000E+2	5.22971751E-9	1.87751102E-8	3.28744521E-7	2.33209317E-5
2.59500000E+2	4.13722156E-9	2.49273463E-8	3.80566915E-7	3.09627445E-5
2.60000000E+2	3.98164085E-8	2.48785862E-8	3.20256485E-7	3.09021786E-5
2.60500000E+2	5.30245690E-9	2.30413811E-8	3.06751888E-7	2.86201502E-5
2.61000000E+2	4.44414542E-9	1.85408525E-8	3.35392872E-7	2.30299555E-5
2.61500000E+2	5.91787577E-9	1.91312768E-8	3.33491871E-7	2.37633331E-5
2.62000000E+2	3.82506423E-9	1.84514523E-8	3.20211478E-7	2.29189098E-5
2.62500000E+2	4.19345297E-9	1.76206695E-8	3.31700263E-7	2.18869782E-5
2.63000000E+2	5.38441370E-9	2.22500892E-8	3.50326417E-7	2.76372710E-5
2.63500000E+2	4.86184947E-9	2.44953989E-8	3.44303430E-7	3.04262141E-5
2.64000000E+2	4.42781256E-9	2.81015717E-8	3.32638533E-7	3.49055120E-5
2.64500000E+2	4.35629572E-9	2.31423250E-8	6.86368847E-7	2.87455346E-5
2.65000000E+2	5.44839686E-8	2.83903177E-8	5.61853961E-7	3.52641689E-5
2.65500000E+2	4.72644588E-9	2.45952713E-8	3.54673869E-7	3.05502676E-5
2.66000000E+2	5.91956600E-9	1.86217101E-8	3.33916093E-7	2.31303904E-5
2.66500000E+2	6.35818321E-9	1.86448575E-8	3.35595707E-7	2.31591423E-5
2.67000000E+2	4.25291847E-9	1.97524009E-8	2.77687924E-7	2.45348436E-5
2.67500000E+2	5.33263636E-9	2.65320966E-8	3.32578323E-7	3.29560362E-5
2.68000000E+2	4.73491892E-9	2.10005510E-8	3.00893539E-7	2.60851952E-5
2.68500000E+2	5.70917304E-9	2.45145194E-8	3.28656751E-7	3.04499640E-5
2.69000000E+2	4.87479224E-9	2.21179914E-8	3.00409718E-7	2.74731898E-5
2.69500000E+2	5.27988440E-9	1.69626343E-8	2.95037279E-7	2.10696199E-5
2.70000000E+2	1.89024888E-8	1.87148555E-8	3.06440511E-7	2.32460881E-5
2.70500000E+2	6.62083976E-9	3.03039777E-8	3.40581516E-7	3.76411635E-5
2.71000000E+2	4.68195294E-9	2.15683374E-8	2.88334702E-7	2.67904538E-5
2.71500000E+2	4.70904780E-9	1.83666347E-8	3.09732216E-7	2.28135563E-5
2.72000000E+2	4.00919785E-9	1.85462311E-8	2.93633997E-7	2.30366364E-5
2.72500000E+2	5.58468841E-9	2.94068267E-8	3.21477850E-7	3.65267947E-5
2.73000000E+2	4.56119422E-9	2.50205017E-8	3.01574388E-7	3.10784546E-5
2.73500000E+2	4.92681124E-9	1.83514279E-8	2.98972227E-7	2.27946676E-5
2.74000000E+2	4.52067289E-9	1.90051357E-8	3.02979678E-7	2.36066508E-5
2.74500000E+2	6.46952751E-9	2.41358470E-8	3.33309007E-7	2.99796077E-5
2.75000000E+2	4.83107559E-8	2.05172677E-8	2.89429768E-7	2.54848996E-5
2.75500000E+2	5.17456097E-9	2.25313835E-8	2.97946655E-7	2.79866722E-5
2.76000000E+2	6.00734506E-9	1.82476648E-8	2.77051231E-7	2.26657814E-5
2.76500000E+2	4.70713928E-9	1.89164724E-8	3.40763610E-7	2.34965204E-5
2.77000000E+2	4.20939580E-9	2.15566091E-8	2.90421618E-7	2.67758858E-5
2.77500000E+2	5.84377077E-9	2.17597155E-8	3.02085197E-7	2.70281683E-5
2.78000000E+2	6.30637687E-9	1.81437894E-8	3.19217635E-7	2.25367558E-5
2.78500000E+2	4.90587367E-9	2.45687541E-8	3.11612880E-7	3.05173300E-5
2.79000000E+2	4.59837290E-9	1.81882402E-8	2.93769514E-7	2.25919690E-5
2.79500000E+2	4.07186906E-9	2.37704057E-8	3.12095544E-7	2.95256859E-5
2.80000000E+2	6.00906402E-8	2.21961444E-8	3.10839516E-7	2.75702651E-5
2.80500000E+2	5.62297490E-9	2.44990827E-8	3.38343676E-7	3.04307898E-5
2.81000000E+2	4.88960264E-9	2.17781453E-8	3.15699177E-7	2.70510603E-5
2.81500000E+2	6.81164583E-9	2.34103468E-8	3.10559373E-7	2.90784498E-5
2.82000000E+2	4.35660906E-9	1.75688234E-8	2.79586907E-7	2.18225792E-5
2.82500000E+2	4.66130018E-9	1.94961459E-8	3.03300704E-7	2.42165442E-5
2.83000000E+2	5.87056504E-9	2.02885520E-8	3.35727333E-7	2.52008073E-5
2.83500000E+2	4.14861428E-9	2.47133151E-8	3.16050977E-7	3.06968921E-5
2.84000000E+2	5.13405317E-9	2.18819443E-8	2.98633107E-7	2.71799910E-5
2.84500000E+2	4.30329623E-9	2.13534405E-8	3.07353841E-7	2.65235262E-5
2.85000000E+2	4.87615908E-8	2.01782809E-8	2.89728402E-7	2.50638374E-5
2.85500000E+2	4.58439557E-9	2.80397250E-8	2.73719421E-7	3.48286909E-5
2.86000000E+2	4.57012541E-9	1.76492662E-8	2.88174291E-7	2.19224988E-5
2.86500000E+2	4.33980620E-9	2.47765443E-8	3.39907275E-7	3.07754304E-5
2.87000000E+2	4.43097537E-9	1.84808600E-8	2.94615319E-7	2.29554377E-5
2.87500000E+2	4.95118047E-9	1.94139582E-8	2.96992400E-7	2.41144573E-5
2.88000000E+2	4.99491489E-9	2.22133085E-8	2.83294217E-7	2.75915851E-5
2.88500000E+2	3.81403716E-9	2.99941301E-8	3.37976333E-7	3.72562957E-5
2.89000000E+2	4.75518138E-9	2.35731753E-8	3.10602006E-7	2.92807022E-5
2.89500000E+2	5.65741788E-9	2.25530360E-8	3.15169242E-7	2.80135672E-5
2.90000000E+2	7.94931365E-8	2.35173510E-8	3.48693012E-7	2.92113618E-5
2.90500000E+2	5.26099773E-9	3.08318415E-8	3.51813753E-7	3.82968334E-5
2.91000000E+2	6.19482360E-9	2.00366274E-8	3.36448648E-7	2.48878869E-5
2.91500000E+2	5.89049869E-9	2.24915015E-8	3.14933353E-7	2.79371339E-5
2.92000000E+2	4.69931170E-9	2.22238135E-8	3.55157810E-7	2.76046334E-5
2.92500000E+2	7.00634110E-9	2.26350967E-8	3.15183819E-7	2.81154964E-5
2.93000000E+2	5.19791100E-9	2.43028735E-8	3.14061291E-7	3.01870746E-5
2.93500000E+2	5.15014299E-9	2.97275361E-8	3.19241707E-7	3.69251541E-5
2.94000000E+2	5.95607310E-9	2.13487770E-8	3.11536333E-7	2.65177335E-5
2.94500000E+2	7.81735601E-9	2.28658938E-8	3.19275553E-7	2.84021740E-5
2.95000000E+2	3.69412028E-8	2.83856861E-8	3.87010804E-7	3.52584160E-5
2.95500000E+2	4.51287999E-9	2.13034932E-8	3.50902113E-7	2.64614857E-5
2.96000000E+2	7.19253464E-9	2.00341973E-8	3.46005937E-7	2.48848684E-5
2.96500000E+2	4.24533352E-9	3.09319504E-8	3.19070435E-7	3.84211807E-5
2.97000000E+2	4.38584412E-9	1.99015637E-8	3.07499383E-7	2.47201216E-5
2.97500000E+2	4.51994106E-9	2.25503050E-8	3.56346036E-7	2.80101750E-5
2.98000000E+2	4.24536559E-9	2.40678612E-8	3.34654166E-7	2.98951612E-5
2.98500000E+2	5.17919005E-9	2.37176928E-8	3.65061498E-7	2.94602102E-5
2.99000000E+2	5.22840989E-9	2.57720924E-8	3.26207130E-7	3.20120201E-5
2.99500000E+2	5.66372995E-9	1.81354299E-8	3.55895591E-7	2.25263723E-5
3.00000000E+2	3.85177247E-8	2.84982468E-8	9.90105191E-7	3.53982298E-5
3.00500000E+2	5.00975958E-9	1.96314618E-8	5.07871926E-7	2.43846227E-5
3.01000000E+2	6.73037655E-9	2.25315373E-8	3.68843335E-7	2.79868632E-5
3.01500000E+2	4.25492223E-9	2.07270498E-8	3.32215878E-7	2.57454740E-5
3.02000000E+2	6.98532809E-9	2.06515242E-8	3.16679093E-7	2.56516622E-5
3.02500000E+2	5.09459660E-9	1.99050610E-8	2.84581295E-7	2.47244657E-5
3.03000000E+2	4.54281017E-9	1.89656450E-8	2.83421206E-7	2.35575986E-5
3.03500000E+2	4.12915215E-9	2.25214567E-8	2.79266610E-7	2.79743419E-5
3.04000000E+2	5.85107952E-9	1.76645683E-8	2.79231166E-7	2.19415059E-5
3.04500000E+2	4.72066488E-9	2.16225634E-8	2.97674596E-7	2.68578089E-5
3.05000000E+2	4.69845083E-8	2.11916853E-8	3.26540732E-7	2.63226069E-5
3.05500000E+2	6.28958618E-9	2.06140800E-8	2.86899379E-7	2.56051520E-5
3.06000000E+2	4.47318260E-9	1.90416041E-8	2.92239559E-7	2.36519489E-5
3.06500000E+2	4.81422209E-9	2.51388539E-8	2.84368398E-7	3.12254622E-5
3.07000000E+2	7.85373893E-9	1.90530837E-8	3.21976932E-7	2.36662079E-5
3.07500000E+2	4.41032528E-9	1.86051213E-8	2.82644424E-7	2.31097851E-5
3.08000000E+2	4.90582463E-9	1.92111871E-8	3.00465599E-7	2.38625913E-5
3.08500000E+2	4.05224705E-9	2.59280524E-8	2.75048193E-7	3.22057411E-5
3.09000000E+2	4.66941826E-9	2.85537809E-8	2.87460927E-7	3.54672098E-5
3.09500000E+2	4.33191946E-9	2.29104761E-8	2.55689175E-7	2.84575505E-5
3.10000000E+2	3.60683748E-8	1.65902012E-8	2.75214689E-7	2.06070135E-5
3.10500000E+2	7.03694014E-9	1.91053414E-8	2.93209591E-7	2.37311183E-5
3.11000000E+2	4.62615638E-9	2.77769196E-8	3.58337447E-7	3.45022552E-5
3.11500000E+2	4.81231969E-9	1.84883022E-8	2.72504344E-7	2.29646818E-5
3.12000000E+2	5.02214939E-9	2.22261835E-8	2.60420157E-7	2.76075773E-5
3.12500000E+2	5.31221152E-9	1.92031952E-8	2.73215233E-7	2.38526644E-5
3.13000000E+2	6.64034500E-9	2.12480841E-8	3.12421647E-7	2.63926609E-5
3.13500000E+2	4.80971973E-9	2.15002689E-8	2.83120428E-7	2.67059045E-5
3.14000000E+2	5.16639722E-9	1.76968640E-8	2.86548740E-7	2.19816210E-5
3.14500000E+2	5.96119328E-9	1.87580780E-8	2.88757772E-7	2.32997756E-5
3.15000000E+2	5.67579491E-8	1.66145917E-8	2.62220713E-7	2.06373094E-5
3.15500000E+2	5.31630478E-9	2.20027262E-8	2.70921909E-7	2.73300166E-5
3.16000000E+2	4.96187490E-9	1.67351963E-8	2.73814806E-7	2.07871147E-5
3.16500000E+2	4.56901391E-9	2.05934751E-8	2.76725144E-7	2.55795582E-5
3.17000000E+2	4.68756388E-9	1.71852043E-8	2.92572034E-7	2.13460785E-5
3.17500000E+2	5.06522430E-9	1.92987022E-8	2.76210510E-7	2.39712956E-5
3.18000000E+2	5.89600385E-9	1.86104859E-8	3.00429388E-7	2.31164486E-5
3.18500000E+2	5.26433281E-9	1.90702065E-8	2.59295138E-7	2.36874766E-5
3.19000000E+2	4.78811555E-9	2.12966657E-8	2.66006158E-7	2.64530051E-5
3.19500000E+2	4.73746104E-9	2.06464872E-8	2.89003845E-7	2.56454056E-5
3.20000000E+2	4.15773945E-8	1.96961886E-8	2.85086032E-7	2.44650211E-5
3.20500000E+2	4.45309347E-9	1.97781936E-8	2.75911065E-7	2.45668812E-5
3.21000000E+2	6.04757446E-9	2.46008631E-8	2.81045365E-7	3.05572133E-5
3.21500000E+2	7.25350339E-9	2.37329427E-8	2.66505071E-7	2.94791524E-5
3.22000000E+2	4.54805141E-9	2.28844806E-8	2.76485490E-7	2.84252611E-5
3.22500000E+2	4.57635175E-9	2.45489634E-8	2.79574101E-7	3.04927476E-5
3.23000000E+2	6.46618856E-9	2.34779113E-8	3.02246047E-7	2.91623729E-5
3.23500000E+2	4.81851135E-9	1.89662047E-8	2.52201886E-7	2.35582939E-5
3.24000000E+2	5.03688731E-9	1.88909455E-8	2.92639662E-7	2.34648130E-5
3.24500000E+2	4.67720828E-9	1.90781771E-8	2.81875318E-7	2.36973770E-5
3.25000000E+2	8.99932805E-8	2.39612908E-8	3.20669722E-7	2.97627880E-5
3.25500000E+2	4.85960823E-9	1.84676655E-8	2.70629182E-7	2.29390486E-5
3.26000000E+2	5.18884747E-9	2.64420304E-8	2.74966849E-7	3.28441633E-5
3.26500000E+2	4.29013286E-9	2.14061544E-8	2.94992801E-7	2.65890031E-5
3.27000000E+2	7.42949102E-9	1.69805248E-8	2.54831862E-7	2.10918421E-5
3.27500000E+2	4.84813202E-9	2.19090835E-8	2.54235000E-7	2.72137012E-5
3.28000000E+2	4.34790133E-9	1.78954925E-8	2.63789356E-7	2.22283413E-5
3.28500000E+2	6.24956810E-9	2.11721484E-8	2.70462447E-7	2.62983397E-5
3.29000000E+2	4.83088588E-9	2.09742933E-8	2.85758268E-7	2.60525800E-5
3.29500000E+2	4.75157080E-9	1.98153915E-8	2.69682351E-7	2.46130854E-5
3.30000000E+2	4.24445715E-8	1.85004498E-8	2.51679352E-7	2.29797706E-5
3.30500000E+2	4.82177325E-9	2.07062298E-8	2.69182566E-7	2.57196131E-5
3.31000000E+2	4.95212791E-9	2.23002888E-8	3.27971652E-7	2.76996250E-5
3.31500000E+2	6.31521903E-9	1.95191891E-8	2.68553244E-7	2.42451666E-5
3.32000000E+2	5.30625489E-9	3.59056133E-8	3.48972298E-7	4.45990646E-5
3.32500000E+2	4.77563114E-9	1.71132014E-8	2.90749742E-7	2.12566423E-5
3.33000000E+2	5.31909585E-9	1.78829266E-8	4.42323514E-7	2.22127330E-5
3.33500000E+2	5.68678940E-9	1.86538625E-8	6.47191432E-7	2.31703275E-5
3.34000000E+2	4.77524550E-9	1.87269069E-8	3.07793833E-7	2.32610574E-5
3.34500000E+2	4.18826059E-9	2.01488122E-8	3.23293508E-7	2.50272338E-5
3.35000000E+2	2.99923708E-8	2.56157948E-8	2.70437547E-7	3.18178799E-5
3.35500000E+2	6.46520617E-9	1.86930252E-8	2.71539824E-7	2.32189722E-5
3.36000000E+2	4.65355789E-9	1.81218596E-8	2.77147635E-7	2.25095163E-5
3.36500000E+2	4.23245632E-9	1.92727752E-8	2.70482864E-7	2.39390911E-5
3.37000000E+2	4.92489811E-9	2.68253447E-8	3.34083177E-7	3.33202853E-5
3.37500000E+2	5.06018126E-9	1.67457461E-8	2.65879708E-7	2.08002188E-5
3.38000000E+2	5.57352640E-9	2.35226129E-8	2.99860607E-7	2.92178977E-5
3.38500000E+2	5.60398581E-9	1.52868234E-8	2.63843010E-7	1.89880623E-5
3.39000000E+2	4.54204375E-9	2.15142672E-8	2.66538380E-7	2.67232921E-5
3.39500000E+2	4.55742893E-9	3.43486900E-8	3.38948037E-7	4.26651798E-5
3.40000000E+2	5.37753823E-8	2.43332843E-8	3.04008378E-7	3.02248485E-5
3.40500000E+2	5.54830406E-9	2.20810488E-8	2.67432488E-7	2.74273026E-5
3.41000000E+2	4.22787080E-9	1.95966315E-8	2.74552744E-7	2.43413594E-5
3.41500000E+2	5.88861951E-9	1.86776888E-8	2.69214054E-7	2.31999226E-5
3.42000000E+2	4.23440000E-9	1.95759362E-8	3.33212601E-7	2.43156533E-5
3.42500000E+2	5.72048022E-9	2.12389613E-8	2.57409636E-7	2.63813293E-5
3.43000000E+2	4.62820285E-9	1.88580051E-8	2.94915867E-7	2.34238970E-5
3.43500000E+2	4.39600381E-9	1.72830483E-8	2.96174903E-7	2.14676123E-5
3.44000000E+2	5.07683681E-9	1.83558303E-8	2.77008916E-7	2.28001359E-5
3.44500000E+2	4.51505797E-9	2.97773979E-8	2.99336680E-7	3.69870884E-5
3.45000000E+2	4.38924816E-8	1.82684884E-8	2.87854998E-7	2.26916468E-5
3.45500000E+2	5.01648795E-9	2.25714783E-8	3.18104631E-7	2.80364747E-5
3.46000000E+2	5.17948777E-9	3.26998720E-8	3.36344089E-7	4.06171506E-5
3.46500000E+2	4.84810732E-9	2.11383941E-8	3.69977080E-7	2.62564128E-5
3.47000000E+2	5.13960687E-9	3.14142284E-8	4.26713566E-7	3.90202276E-5
3.47500000E+2	6.45180955E-9	2.01845754E-8	3.78066198E-7	2.50716559E-5
3.48000000E+2	4.85815329E-9	1.91607155E-8	4.59448960E-7	2.37998996E-5
3.48500000E+2	4.27427447E-9	2.13624186E-8	4.73807518E-7	2.65346780E-5
3.49000000E+2	5.77248761E-9	1.81185474E-8	7.02952448E-7	2.25054021E-5
3.49500000E+2	5.07287056E-9	1.99661051E-8	1.43514595E-6	2.48002897E-5
3.50000000E+2	6.87693491E-8	1.77877214E-8	6.48477750E-6	2.20944767E-5
3.50500000E+2	5.09273361E-9	1.93412961E-8	1.18103918E-6	2.40242023E-5
3.51000000E+2	4.83097104E-9	1.80216978E-8	6.71023586E-7	2.23851034E-5
3.51500000E+2	5.86652771E-9	1.85397336E-8	4.75917339E-7	2.30285658E-5
3.52000000E+2	5.55346392E-9	2.11921588E-8	4.19191705E-7	2.63231950E-5
3.52500000E+2	4.26738387E-9	1.83362934E-8	4.19017773E-7	2.27758687E-5
3.53000000E+2	4.49147881E-9	1.65610865E-8	3.69488045E-7	2.05708495E-5
3.53500000E+2	7.00465344E-9	2.24697175E-8	3.24174167E-7	2.79100756E-5
3.54000000E+2	4.73537948E-9	1.93892689E-8	3.10017162E-7	2.40837902E-5
3.54500000E+2	4.40387598E-9	1.89252740E-8	2.85694145E-7	2.35074530E-5
3.55000000E+2	3.13745981E-8	1.78919747E-8	3.41351787E-7	2.22239718E-5
3.55500000E+2	5.40564620E-9	1.72421157E-8	2.63961786E-7	2.14167692E-5
3.56000000E+2	4.13716149E-9	1.89175969E-8	2.84355259E-7	2.34979172E-5
3.56500000E+2	4.88107331E-9	1.86264709E-8	3.01989209E-7	2.31363039E-5
3.57000000E+2	4.88685791E-9	2.95197650E-8	2.79035221E-7	3.66670776E-5
3.57500000E+2	5.33826460E-9	1.73915469E-8	2.73842779E-7	2.16023807E-5
3.58000000E+2	4.40009233E-9	2.07327185E-8	2.89754704E-7	2.57525152E-5
3.58500000E+2	6.28103221E-9	1.68968613E-8	3.32092884E-7	2.09879219E-5
3.59000000E+2	4.29919078E-9	1.82647408E-8	2.78092257E-7	2.26869918E-5
3.59500000E+2	4.87553598E-9	2.41624208E-8	2.87803290E-7	3.00126155E-5
3.60000000E+2	4.82489210E-8	1.87400744E-8	2.49723841E-7	2.32774130E-5
3.60500000E+2	4.17748746E-9	3.05677214E-8	3.00800872E-7	3.79687647E-5
3.61000000E+2	5.11263819E-9	2.16699305E-8	2.61238032E-7	2.69166446E-5
3.61500000E+2	7.33676430E-9	2.28868657E-8	2.94396551E-7	2.84282236E-5
3.62000000E+2	4.28218243E-9	2.25433263E-8	3.19236443E-7	2.80015065E-5
3.62500000E+2	7.94404045E-9	1.79695165E-8	2.72491497E-7	2.23202880E-5
3.63000000E+2	6.42707191E-9	2.23116919E-8	2.98330003E-7	2.77137889E-5
3.63500000E+2	5.61397840E-9	1.81093713E-8	2.60659903E-7	2.24940043E-5
3.64000000E+2	5.15580474E-9	2.62382086E-8	3.29963007E-7	3.25909921E-5
3.64500000E+2	6.16760314E-9	2.24594780E-8	3.50982094E-7	2.78973570E-5
3.65000000E+2	6.49541474E-8	2.37494950E-8	2.79634554E-7	2.94997123E-5
3.65500000E+2	5.40729671E-9	2.45231392E-8	2.69608852E-7	3.04606710E-5
3.66000000E+2	5.78640894E-9	1.89087117E-8	2.70505301E-7	2.34868807E-5
3.66500000E+2	5.34167751E-9	2.08183592E-8	2.54515603E-7	2.58588913E-5
3.67000000E+2	4.55766866E-9	1.74126902E-8	2.64731515E-7	2.16286431E-5
3.67500000E+2	4.83639818E-9	1.90813927E-8	2.69370317E-7	2.37013711E-5
3.68000000E+2	4.96245020E-9	1.75141508E-8	2.79678909E-7	2.17546693E-5
3.68500000E+2	5.37462345E-9	1.60434448E-8	2.80189872E-7	1.99278766E-5
3.69000000E+2	4.93698259E-9	2.14423897E-8	3.08519255E-7	2.66340116E-5
3.69500000E+2	4.97659328E-9	2.09748819E-8	2.70200432E-7	2.60533111E-5
3.70000000E+2	6.63313835E-8	2.07834089E-8	2.47733069E-7	2.58154787E-5
3.70500000E+2	4.54457358E-9	2.42342945E-8	2.96840241E-7	3.01018912E-5
3.71000000E+2	8.68332075E-9	2.47709726E-8	3.15127433E-7	3.07685096E-5
3.71500000E+2	4.88075822E-9	2.13919491E-8	3.23666668E-7	2.65713584E-5
3.72000000E+2	5.12317418E-9	1.79154762E-8	2.76253262E-7	2.22531634E-5
3.72500000E+2	4.28789463E-9	2.62200898E-8	3.22257245E-7	3.25684864E-5
3.73000000E+2	4.62901564E-9	2.37408007E-8	3.25179052E-7	2.94889130E-5
3.73500000E+2	4.30447233E-9	1.89059913E-8	2.40573194E-7	2.34835017E-5
3.74000000E+2	4.62581309E-9	1.59690648E-8	2.72544156E-7	1.98354878E-5
3.74500000E+2	5.84182461E-9	2.22455902E-8	3.05865898E-7	2.76316827E-5
3.75000000E+2	4.31131738E-8	2.07095926E-8	3.31368129E-7	2.57237900E-5
3.75500000E+2	4.14745197E-9	1.93080124E-8	2.44858891E-7	2.39828599E-5
3.76000000E+2	7.48769763E-9	2.04712594E-8	2.69528422E-7	2.54277517E-5
3.76500000E+2	4.26239950E-9	2.12586055E-8	3.32600662E-7	2.64057297E-5
3.77000000E+2	4.62392075E-9	2.00126792E-8	2.88245975E-7	2.48581404E-5
3.77500000E+2	6.22073644E-9	2.57486243E-8	3.03435502E-7	3.19828699E-5
3.78000000E+2	4.50038578E-9	1.86049530E-8	2.59471072E-7	2.31095761E-5
3.78500000E+2	4.44599002E-9	2.42450049E-8	2.56436335E-7	3.01151948E-5
3.79000000E+2	4.53309359E-9	2.21219286E-8	2.65384793E-7	2.74780802E-5
3.79500000E+2	5.06976693E-9	2.14009750E-8	2.60365668E-7	2.65825697E-5
3.80000000E+2	3.74133802E-8	1.83531775E-8	2.95676955E-7	2.27968408E-5
3.80500000E+2	6.07021253E-9	1.97060076E-8	2.67750440E-7	2.44772176E-5
3.81000000E+2	6.57061683E-9	2.20692183E-8	2.76359267E-7	2.74126078E-5
3.81500000E+2	4.17305946E-9	1.97845294E-8	2.65066757E-7	2.45747510E-5
3.82000000E+2	4.71269436E-9	2.26668674E-8	2.48967562E-7	2.81549594E-5
3.82500000E+2	4.50933232E-9	1.92938519E-8	2.97187624E-7	2.39652708E-5
3.83000000E+2	5.88932608E-9	1.99577534E-8	3.21904629E-7	2.47899159E-5
3.83500000E+2	5.24344785E-9	2.12939659E-8	3.14707001E-7	2.64496516E-5
3.84000000E+2	5.56234694E-9	2.28128183E-8	2.48905300E-7	2.83362479E-5
3.84500000E+2	4.89799778E-9	2.87054168E-8	3.19319852E-7	3.56555597E-5
3.85000000E+2	6.25656744E-8	1.71660458E-8	2.47633373E-7	2.13222813E-5
3.85500000E+2	5.14117679E-9	1.78648682E-8	2.86464482E-7	2.21903022E-5
3.86000000E+2	6.20288630E-9	2.10202731E-8	2.70296484E-7	2.61096924E-5
3.86500000E+2	5.19223567E-9	2.00371018E-8	2.56250108E-7	2.48884761E-5
3.87000000E+2	4.25725984E-9	1.68045698E-8	2.51359528E-7	2.08732849E-5
3.87500000E+2	4.82139106E-9	2.08050402E-8	2.83853791E-7	2.58423473E-5
3.88000000E+2	4.41590930E-9	1.77722155E-8	3.17208152E-7	2.20752166E-5
3.88500000E+2	4.88750310E-9	1.99183253E-8	2.75659483E-7	2.47409415E-5
3.89000000E+2	4.31836965E-9	2.27801488E-8	2.73078640E-7	2.82956684E-5
3.89500000E+2	5.95395829E-9	1.63140447E-8	3.26263024E-7	2.02639940E-5
3.90000000E+2	7.89986846E-8	2.03294122E-8	3.16198650E-7	2.52515606E-5
3.90500000E+2	5.79235732E-9	2.60774294E-8	2.69405199E-7	3.23912852E-5
3.91000000E+2	5.20803854E-9	2.85621049E-8	4.18004920E-7	3.54775492E-5
3.91500000E+2	5.11976595E-9	2.44083719E-8	2.91154701E-7	3.03181162E-5
3.92000000E+2	4.45682184E-9	1.79241133E-8	2.50789474E-7	2.22638918E-5
3.92500000E+2	4.45580085E-9	1.81257348E-8	2.57421501E-7	2.25143298E-5
3.93000000E+2	3.97795764E-9	2.03850594E-8	2.68844558E-7	2.53206810E-5
3.93500000E+2	4.50005968E-9	2.20913563E-8	2.81340230E-7	2.74401058E-5
3.94000000E+2	3.99875735E-9	1.79712725E-8	3.17527538E-7	2.23224691E-5
3.94500000E+2	5.27103915E-9	2.68326384E-8	3.90903215E-7	3.33293451E-5
3.95000000E+2	4.89504777E-8	1.63532767E-8	2.84947435E-7	2.03127249E-5
3.95500000E+2	4.79827157E-9	2.15133264E-8	2.57583676E-7	2.67221236E-5
3.96000000E+2	5.58874337E-9	1.73321412E-8	2.57755899E-7	2.15285916E-5
3.96500000E+2	4.31107498E-9	1.84824583E-8	3.23892333E-7	2.29574231E-5
3.97000000E+2	4.13844972E-9	1.80106273E-8	2.60500226E-7	2.23713524E-5
3.97500000E+2	5.03391544E-9	1.83566781E-8	2.82266147E-7	2.28011890E-5
3.98000000E+2	5.10637901E-9	1.73755831E-8	3.72959225E-7	2.15825517E-5
3.98500000E+2	5.56923865E-9	2.02248428E-8	2.99376523E-7	2.51216729E-5
3.99000000E+2	5.47368874E-9	2.00490882E-8	2.96615147E-7	2.49033647E-5
3.99500000E+2	4.37130136E-9	2.11555431E-8	3.81153612E-7	2.62777140E-5
4.00000000E+2	6.22854229E-8	1.88856786E-8	5.30699490E-7	2.34582708E-5
4.00500000E+2	4.20050494E-9	1.89340496E-8	3.11129289E-7	2.35183534E-5
4.01000000E+2	5.05427296E-9	2.44255432E-8	3.20475235E-7	3.03394450E-5
4.01500000E+2	4.89578660E-9	1.86139893E-8	2.91577645E-7	2.31208002E-5
4.02000000E+2	4.73756459E-9	2.22125484E-8	2.80349375E-7	2.75906408E-5
4.02500000E+2	4.80802902E-9	1.70450820E-8	2.65569299E-7	2.11720297E-5
4.03000000E+2	6.41947185E-9	1.83779452E-8	2.66427630E-7	2.28276052E-5
4.03500000E+2	6.31299150E-9	1.87752177E-8	2.87422529E-7	2.33210651E-5
4.04000000E+2	5.11015545E-9	1.88204966E-8	2.62523858E-7	2.33773070E-5
4.04500000E+2	4.49447658E-9	2.56846392E-8	3.01043396E-7	3.19033928E-5
4.05000000E+2	5.68024239E-8	1.84573353E-8	2.55002508E-7	2.29262172E-5
4.05500000E+2	4.32259508E-9	2.11139293E-8	3.34164567E-7	2.62260246E-5
4.06000000E+2	4.58036271E-9	2.33823643E-8	3.04648428E-7	2.90436921E-5
4.06500000E+2	4.38107993E-9	2.10424761E-8	2.62384326E-7	2.61372712E-5
4.07000000E+2	5.14440222E-9	1.71924863E-8	2.95876319E-7	2.13551236E-5
4.07500000E+2	5.58127725E-9	1.83411927E-8	3.05221257E-7	2.27819542E-5
4.08000000E+2	5.99722667E-9	1.77190040E-8	3.20176100E-7	2.20091215E-5
4.08500000E+2	4.49914786E-9	1.73593747E-8	3.21975222E-7	2.15624189E-5
4.09000000E+2	6.01850517E-9	1.92851372E-8	3.49824159E-7	2.39544462E-5
4.09500000E+2	4.58058960E-9	1.74516650E-8	2.85703309E-7	2.16770545E-5
4.10000000E+2	4.30068304E-8	2.52461107E-8	3.48691994E-7	3.13586880E-5
4.10500000E+2	4.55763880E-9	1.83864249E-8	2.63123387E-7	2.28381381E-5
4.11000000E+2	4.32576457E-9	2.50337143E-8	2.93683734E-7	3.10948662E-5
4.11500000E+2	5.35427767E-9	1.82409886E-8	2.88356344E-7	2.26574888E-5
4.12000000E+2	5.44995535E-9	1.88666446E-8	2.60558191E-7	2.34346284E-5
4.12500000E+2	4.67534701E-9	2.55277291E-8	3.25978595E-7	3.17084917E-5
4.13000000E+2	3.98410113E-9	2.60621511E-8	2.95292594E-7	3.23723077E-5
4.13500000E+2	6.83689106E-9	1.83288002E-8	3.02693647E-7	2.27665613E-5
4.14000000E+2	4.32488970E-9	2.96900786E-8	3.09826728E-7	3.68786274E-5
4.14500000E+2	4.44583153E-9	2.09114934E-8	2.51571485E-7	2.59745750E-5
4.15000000E+2	4.20193712E-8	1.77330042E-8	2.46594062E-7	2.20265114E-5
4.15500000E+2	4.12244800E-9	1.77362012E-8	2.62820903E-7	2.20304825E-5
4.16000000E+2	5.59157081E-9	2.11287422E-8	2.45684867E-7	2.62444239E-5
4.16500000E+2	6.46046149E-9	1.93878835E-8	2.62134367E-7	2.40820693E-5
4.17000000E+2	5.46221086E-9	1.79335500E-8	2.57364257E-7	2.22756132E-5
4.17500000E+2	5.17762571E-9	1.93791332E-8	2.50435204E-7	2.40712004E-5
4.18000000E+2	5.15278327E-9	1.66014295E-8	2.57612150E-7	2.06209604E-5
4.18500000E+2	7.24873176E-9	3.27389682E-8	2.65649495E-7	4.06657128E-5
4.19000000E+2	4.88727893E-9	1.93530467E-8	2.79626296E-7	2.40387979E-5
4.19500000E+2	5.31321160E-9	2.54117218E-8	3.59043744E-7	3.15643967E-5
4.20000000E+2	8.84795680E-8	2.03225970E-8	2.60915316E-7	2.52430953E-5
4.20500000E+2	6.77030901E-9	1.92280491E-8	2.64201969E-7	2.38835359E-5
4.21000000E+2	4.16913552E-9	2.00487542E-8	3.18346741E-7	2.49029497E-5
4.21500000E+2	5.09607396E-9	1.64754810E-8	2.51931039E-7	2.04645173E-5
4.22000000E+2	5.25683415E-9	2.29888237E-8	2.43936930E-7	2.85548676E-5
4.22500000E+2	5.28871037E-9	1.80863204E-8	2.43826497E-7	2.24653724E-5
4.23000000E+2	4.57386863E-9	4.05472705E-8	3.52359012E-7	5.03645578E-5
4.23500000E+2	4.37482618E-9	2.23745468E-8	2.46067225E-7	2.77918623E-5
4.24000000E+2	4.74223113E-9	2.80060916E-8	2.87022133E-7	3.47869142E-5
4.24500000E+2	4.82241825E-9	2.33612141E-8	2.86732158E-7	2.90174210E-5
4.25000000E+2	6.99873963E-8	2.13788023E-8	2.46979411E-7	2.65550285E-5
4.25500000E+2	3.89743763E-9	1.91609441E-8	2.55158155E-7	2.38001835E-5
4.26000000E+2	5.29894061E-9	2.19325080E-8	2.71947180E-7	2.72427972E-5
4.26500000E+2	4.95431161E-9	2.21169730E-8	2.66555696E-7	2.74719248E-5
4.27000000E+2	4.02503724E-9	1.98103972E-8	2.59548850E-7	2.46068818E-5
4.27500000E+2	5.08314425E-9	1.95206043E-8	2.84301486E-7	2.42469245E-5
4.28000000E+2	5.39054837E-9	2.34488880E-8	2.84650706E-7	2.91263224E-5
4.28500000E+2	4.34402597E-9	1.74506922E-8	2.97966801E-7	2.16758461E-5
4.29000000E+2	5.50954671E-9	2.39770956E-8	2.61316703E-7	2.97824195E-5
4.29500000E+2	5.42720155E-9	2.00842303E-8	3.29477838E-7	2.49470154E-5
4.30000000E+2	5.82339653E-8	2.77726063E-8	2.70016596E-7	3.44968976E-5
4.30500000E+2	4.18991113E-9	2.06856880E-8	2.72889980E-7	2.56940978E-5
4.31000000E+2	4.67883113E-9	2.01738921E-8	2.69348830E-7	2.50583860E-5
4.31500000E+2	5.17056773E-9	1.82354763E-8	2.68592509E-7	2.26506418E-5
4.32000000E+2	4.55981740E-9	1.84007172E-8	2.50852630E-7	2.28558908E-5
4.32500000E+2	4.58355838E-9	1.65697755E-8	2.51633597E-7	2.05816422E-5
4.33000000E+2	6.08603514E-9	2.03519811E-8	2.48211258E-7	2.52795939E-5
4.33500000E+2	4.96323449E-9	1.94441845E-8	2.75804628E-7	2.41520019E-5
4.34000000E+2	4.74248759E-9	1.84800137E-8	2.74620195E-7	2.29543865E-5
4.34500000E+2	6.80817535E-9	2.79957461E-8	2.72025587E-7	3.47740639E-5
4.35000000E+2	2.90273365E-8	1.84530659E-8	2.32249936E-7	2.29209142E-5
4.35500000E+2	5.14944969E-9	1.90862987E-8	2.31643430E-7	2.37074650E-5
4.36000000E+2	5.18816084E-9	2.74334134E-8	2.58448346E-7	3.40755794E-5
4.36500000E+2	5.11852348E-9	1.78228529E-8	2.94154915E-7	2.21381143E-5
4.37000000E+2	4.68236866E-9	2.01866093E-8	2.79442611E-7	2.50741823E-5
4.37500000E+2	5.13548477E-9	1.83851904E-8	2.69732869E-7	2.28366047E-5
4.38000000E+2	4.35257335E-9	1.93354100E-8	2.63699148E-7	2.40168910E-5
4.38500000E+2	4.42031207E-9	2.25943295E-8	2.44200578E-7	2.80648586E-5
4.39000000E+2	4.45097331E-9	2.23422259E-8	2.72449378E-7	2.77517158E-5
4.39500000E+2	8.54335376E-9	2.77284242E-8	2.94989200E-7	3.44420181E-5
4.40000000E+2	5.48450917E-8	2.93847658E-8	3.03200187E-7	3.64993924E-5
4.40500000E+2	4.06070145E-9	1.65914624E-8	2.51518887E-7	2.06085800E-5
4.41000000E+2	5.37743223E-9	1.75005812E-8	2.63864254E-7	2.17378143E-5
4.41500000E+2	4.44736135E-9	1.79638025E-8	2.63137161E-7	2.23131905E-5
4.42000000E+2	5.63885222E-9	2.37453620E-8	2.70709898E-7	2.94945786E-5
4.42500000E+2	4.80107031E-9	1.84560380E-8	2.82885710E-7	2.29246058E-5
4.43000000E+2	4.96279268E-9	1.90208965E-8	2.75992214E-7	2.36262276E-5
4.43500000E+2	6.19097889E-9	1.78418225E-8	2.68700060E-7	2.21616768E-5
4.44000000E+2	4.60343670E-9	2.00251399E-8	2.74680203E-7	2.48736179E-5
4.44500000E+2	6.74898051E-9	2.38482721E-8	2.96348772E-7	2.96224053E-5
4.45000000E+2	2.53002692E-8	2.94565531E-8	3.10850229E-7	3.65885608E-5
4.45500000E+2	4.03735343E-9	1.63741752E-8	2.90716315E-7	2.03386833E-5
4.46000000E+2	4.16640727E-9	1.79043089E-8	2.72357966E-7	2.22392924E-5
4.46500000E+2	4.84182966E-9	2.15218592E-8	2.79604050E-7	2.67327223E-5
4.47000000E+2	4.64703066E-9	2.34726012E-8	2.88340798E-7	2.91557771E-5
4.47500000E+2	4.13675547E-9	1.69403892E-8	3.00804962E-7	2.10419888E-5
4.48000000E+2	4.35804150E-9	2.13400632E-8	3.13643895E-7	2.65069099E-5
4.48500000E+2	4.77792217E-9	2.09493520E-8	3.62782094E-7	2.60215999E-5
4.49000000E+2	5.41730272E-9	1.87530570E-8	5.26772263E-7	2.32935390E-5
4.49500000E+2	6.37410317E-9	2.00711696E-8	9.98846823E-7	2.49307924E-5
4.50000000E+2	6.45285425E-8	2.00005736E-8	2.86077564E-6	2.48431038E-5
4.50500000E+2	4.24613152E-9	2.17744041E-8	7.24359235E-7	2.70464133E-5
4.51000000E+2	4.95237880E-9	2.19397454E-8	4.25792098E-7	2.72517870E-5
4.51500000E+2	5.98791301E-9	2.02491188E-8	4.21447931E-7	2.51518266E-5
4.52000000E+2	4.24968012E-9	1.70050240E-8	3.18627587E-7	2.11222729E-5
4.52500000E+2	4.45284778E-9	1.83200930E-8	3.23652497E-7	2.27557458E-5
4.53000000E+2	4.86270476E-9	2.76211350E-8	3.01941503E-7	3.43087521E-5
4.53500000E+2	6.00247284E-9	1.94103088E-8	2.80719109E-7	2.41099243E-5
4.54000000E+2	5.17309727E-9	1.79439993E-8	2.74202252E-7	2.22885926E-5
4.54500000E+2	5.47025969E-9	1.88268221E-8	3.19801501E-7	2.33851640E-5
4.55000000E+2	3.88016094E-8	2.30520868E-8	2.56220994E-7	2.86334480E-5
4.55500000E+2	5.02840889E-9	1.94027440E-8	2.75819092E-7	2.41005279E-5
4.56000000E+2	4.58688419E-9	2.08324532E-8	2.68586494E-7	2.58763977E-5
4.56500000E+2	6.61618320E-9	2.01057378E-8	2.52197640E-7	2.49737303E-5
4.57000000E+2	4.71577092E-9	2.54262596E-8	2.68601100E-7	3.15824545E-5
4.57500000E+2	4.94833006E-9	2.46450064E-8	2.95120348E-7	3.06120445E-5
4.58000000E+2	4.94216930E-9	1.82111627E-8	2.62544372E-7	2.26204415E-5
4.58500000E+2	4.16888834E-9	2.22586156E-8	2.94006199E-7	2.76478618E-5
4.59000000E+2	5.39482338E-9	1.84163333E-8	2.42687847E-7	2.28752879E-5
4.59500000E+2	5.04792469E-9	2.94795299E-8	3.21256853E-7	3.66171008E-5
4.60000000E+2	5.46952060E-8	1.95233463E-8	2.66083633E-7	2.42503303E-5
4.60500000E+2	4.58687509E-9	3.04482214E-8	3.09572472E-7	3.78203314E-5
4.61000000E+2	4.67785533E-9	1.97564207E-8	2.38624431E-7	2.45398366E-5
4.61500000E+2	5.09820641E-9	2.35376334E-8	2.41106733E-7	2.92365549E-5
4.62000000E+2	4.65419211E-9	2.13296417E-8	2.42621781E-7	2.64939652E-5
4.62500000E+2	4.69584727E-9	1.71266744E-8	2.21839652E-7	2.12733773E-5
4.63000000E+2	4.25341980E-9	1.67579285E-8	2.29626261E-7	2.08153508E-5
4.63500000E+2	4.86673815E-9	1.64722054E-8	2.66889974E-7	2.04604485E-5
4.64000000E+2	6.23143352E-9	2.08228278E-8	2.95502717E-7	2.58644418E-5
4.64500000E+2	4.54987124E-9	1.85730841E-8	2.53054834E-7	2.30699911E-5
4.65000000E+2	5.82914298E-8	2.20291955E-8	2.60529729E-7	2.73628947E-5
4.65500000E+2	5.90703029E-9	1.72334238E-8	2.59557687E-7	2.14059728E-5
4.66000000E+2	3.87317410E-9	2.27890730E-8	2.42519949E-7	2.83067534E-5
4.66500000E+2	4.48535093E-9	2.00366783E-8	2.61775384E-7	2.48879500E-5
4.67000000E+2	5.83196701E-9	2.38327958E-8	2.62301093E-7	2.96031818E-5
4.67500000E+2	5.07620963E-9	1.75233667E-8	2.46184804E-7	2.17661166E-5
4.68000000E+2	4.48105762E-9	2.30092511E-8	3.10916653E-7	2.85802408E-5
4.68500000E+2	4.29362618E-9	1.95264526E-8	2.97648573E-7	2.42541888E-5
4.69000000E+2	5.99224511E-9	1.87134608E-8	2.69431386E-7	2.32443557E-5
4.69500000E+2	5.45894621E-9	2.02695126E-8	2.34390217E-7	2.51771581E-5
4.70000000E+2	5.09697376E-8	2.13070987E-8	2.80232366E-7	2.64659640E-5
4.70500000E+2	5.27937052E-9	2.36435832E-8	2.94289320E-7	2.93681572E-5
4.71000000E+2	5.84381663E-9	1.98407826E-8	2.56652964E-7	2.46446242E-5
4.71500000E+2	4.70223189E-9	2.38206952E-8	3.11014052E-7	2.95881515E-5
4.72000000E+2	5.59679207E-9	2.63483493E-8	3.16691171E-7	3.27278001E-5
4.72500000E+2	4.95664620E-9	2.18731462E-8	2.54440445E-7	2.71690627E-5
4.73000000E+2	4.20949558E-9	1.78391408E-8	2.67603778E-7	2.21583457E-5
4.73500000E+2	3.70421241E-9	2.55426847E-8	2.82033098E-7	3.17270684E-5
4.74000000E+2	5.14651573E-9	1.97006833E-8	2.79577978E-7	2.44706040E-5
4.74500000E+2	3.87610198E-9	2.24369685E-8	2.90884971E-7	2.78693974E-5
4.75000000E+2	3.40063221E-8	1.85960639E-8	2.83942393E-7	2.30985347E-5
4.75500000E+2	4.50427394E-9	2.05341335E-8	2.87889775E-7	2.55058489E-5
4.76000000E+2	5.83034182E-9	1.71725196E-8	2.66955904E-7	2.13303225E-5
4.76500000E+2	4.76348727E-9	2.26799149E-8	2.76675121E-7	2.81711660E-5
4.77000000E+2	4.89805917E-9	2.62420748E-8	2.96865939E-7	3.25957945E-5
4.77500000E+2	4.60852864E-9	1.68701577E-8	3.54906142E-7	2.09547529E-5
4.78000000E+2	8.62428974E-9	1.82160510E-8	4.05946908E-7	2.26265133E-5
4.78500000E+2	7.77176028E-9	2.26022443E-8	3.54285655E-7	2.80746898E-5
4.79000000E+2	4.59389590E-9	2.41493011E-8	5.72407784E-7	2.99963193E-5
4.79500000E+2	5.30779207E-9	1.79635489E-8	4.36355698E-7	2.23128754E-5
4.80000000E+2	5.69373789E-8	2.59926621E-8	4.58385443E-7	3.22859940E-5
4.80500000E+2	5.11893435E-9	3.05265825E-8	4.18127555E-7	3.79176653E-5
4.81000000E+2	4.85487179E-9	2.21686861E-8	4.53990190E-7	2.75361586E-5
4.81500000E+2	6.65658510E-9	2.05865516E-8	5.61175030E-7	2.55709585E-5
4.82000000E+2	5.66465620E-9	1.73152432E-8	5.23781730E-7	2.15076023E-5
4.82500000E+2	6.56744214E-9	1.77769813E-8	4.46203640E-7	2.20811362E-5
4.83000000E+2	6.39911209E-9	2.90253402E-8	4.83406635E-7	3.60529428E-5
4.83500000E+2	4.88237779E-9	2.02093379E-8	4.93376493E-7	2.51024140E-5
4.84000000E+2	5.31693595E-9	2.28733472E-8	3.91915276E-7	2.84114320E-5
4.84500000E+2	6.79403565E-9	1.65084128E-8	3.23812976E-7	2.05054225E-5
4.85000000E+2	4.54777182E-8	1.96272744E-8	3.44433233E-7	2.43794215E-5
4.85500000E+2	5.79104869E-9	2.07997821E-8	3.16596972E-7	2.58358163E-5
4.86000000E+2	4.47620562E-9	2.11740373E-8	3.23756040E-7	2.63006859E-5
4.86500000E+2	5.16039505E-9	1.74609414E-8	2.60954545E-7	2.16885768E-5
4.87000000E+2	4.82739363E-9	1.74544395E-8	2.85993390E-7	2.16805007E-5
4.87500000E+2	4.27817401E-9	2.29197316E-8	2.67273320E-7	2.84690469E-5
4.88000000E+2	4.61959705E-9	1.73497081E-8	2.55778712E-7	2.15504118E-5
4.88500000E+2	4.34299974E-9	2.76070148E-8	2.65516559E-7	3.42912131E-5
4.89000000E+2	4.80398160E-9	1.68005235E-8	2.52487818E-7	2.08682589E-5
4.89500000E+2	6.03719005E-9	2.63403300E-8	2.74276757E-7	3.27178392E-5
4.90000000E+2	7.95477157E-8	2.17437129E-8	2.62239962E-7	2.70082911E-5
4.90500000E+2	4.03853638E-9	1.98256671E-8	2.60979330E-7	2.46258490E-5
4.91000000E+2	5.13271087E-9	2.30825299E-8	2.61795305E-7	2.86712619E-5
4.91500000E+2	5.33844271E-9	1.80088297E-8	2.81830473E-7	2.23691197E-5
4.92000000E+2	5.21417353E-9	1.97711312E-8	2.40986669E-7	2.45581088E-5
4.92500000E+2	4.92091065E-9	1.89564611E-8	2.49433699E-7	2.35461912E-5
4.93000000E+2	4.50592890E-9	2.05774148E-8	2.31876119E-7	2.55596095E-5
4.93500000E+2	4.48899363E-9	2.15553272E-8	2.64638145E-7	2.67742935E-5
4.94000000E+2	4.56394234E-9	2.17838562E-8	2.70023674E-7	2.70581539E-5
4.94500000E+2	4.22817457E-9	1.81738581E-8	2.73284780E-7	2.25741046E-5
4.95000000E+2	6.22421729E-8	1.77937629E-8	2.96148998E-7	2.21019810E-5
4.95500000E+2	4.53677421E-9	1.94680968E-8	2.42767086E-7	2.41817038E-5
4.96000000E+2	5.88513145E-9	1.95357276E-8	2.57938293E-7	2.42657094E-5
4.96500000E+2	4.28074684E-9	2.37275853E-8	2.70785953E-7	2.94724978E-5
4.97000000E+2	5.58757079E-9	2.39239986E-8	2.53957165E-7	2.97164666E-5
4.97500000E+2	6.03197942E-9	1.81209260E-8	3.46311886E-7	2.25083566E-5
4.98000000E+2	6.11342547E-9	1.95549962E-8	3.05623520E-7	2.42896433E-5
4.98500000E+2	4.67713288E-9	1.62201182E-8	3.27474597E-7	2.01473261E-5
4.99000000E+2	6.22969077E-9	3.05229001E-8	3.14298342E-7	3.79130913E-5
4.99500000E+2	5.48451678E-9	1.92194449E-8	5.25229352E-7	2.38728485E-5
